Fichero De Datos De SpectraSuite
++++++++++++++++++++++++++++++++++++
Fecha: Wed Apr 22 08:15:19 CEST 2009
Usuario: evoflor
Presente Oscuro Del Espectro: Sí
La Referencia de Presente Del Espectro De: Sí
Muestreados de los componentes de Número de espectros: 1
Espectrómetros: USB4F02353
Tiempo de integración (usec): 500000 (USB4F02353)
Promedio de Espectros Hechos un: 5 (USB4F02353)
El Alisar Del Furgón: 0 (USB4F02353)
Párrafo de de Corregir del la del del de Eléctrica del obscuridad: Sí (USB4F02353)
Estrobo/Lámpara Permitido: No (USB4F02353)
Correct for Detector Non-linearity: No (USB4F02353)
Párrafo de de Corregir del la del del de Externa del luz: No (USB4F02353)
Procesado del espectro de Número de pixeles en: 3648
>>>>> Comienza Data<<<<< Espectral Procesado Del EL
177,79	843,254
178,00	843,254
178,22	843,254
178,44	-8269,559
178,66	520,546
178,88	78,909
179,09	4159,640
179,31	128,432
179,53	-4998,967
179,75	164,255
179,96	-144,918
180,18	314,039
180,40	-291,120
180,62	-114,229
180,83	854,844
181,05	-968,350
181,27	-376,089
181,49	244,872
181,70	-25,394
181,92	461,199
182,14	124,184
182,36	-1274,344
182,58	264,030
182,79	-1011,754
183,01	-9683,170
183,23	348,148
183,45	-90,778
183,66	27,890
183,88	684,218
184,10	908,170
184,32	781,501
184,53	-258,766
184,75	472,623
184,97	-142,830
185,18	604,602
185,40	211,717
185,62	-817,548
185,84	4155,007
186,05	3909,919
186,27	-5763,605
186,49	-688,913
186,71	195,250
186,92	488,879
187,14	1707,392
187,36	266,504
187,58	953,730
187,79	-726,164
188,01	-1470,243
188,23	150,154
188,45	121,893
188,66	219,471
188,88	234,086
189,10	-289,361
189,31	-118,559
189,53	-41,826
189,75	1073,710
189,97	134,810
190,18	1273,043
190,40	1521,160
190,62	309,353
190,83	325,747
191,05	-224,101
191,27	6323,550
191,49	452,986
191,70	404,778
191,92	380,788
192,14	387,921
192,35	-1140,696
192,57	-804,251
192,79	-2052,005
193,01	455,810
193,22	-394,783
193,44	-627,965
193,66	349,704
193,87	847,385
194,09	135,273
194,31	249,410
194,53	-335,054
194,74	342,982
194,96	151,457
195,18	653,823
195,39	-985,341
195,61	-341,623
195,83	1775,425
196,04	322,500
196,26	195,829
196,48	1930,928
196,70	538,356
196,91	181,064
197,13	-203,054
197,35	238,581
197,56	-788,013
197,78	4564,856
198,00	237,559
198,21	305,006
198,43	808,663
198,65	272,507
198,86	120,186
199,08	11,722
199,30	209,613
199,51	372,828
199,73	-940,152
199,95	208,027
200,16	713,764
200,38	168,636
200,60	2958,960
200,81	-525,635
201,03	2057,895
201,25	681,779
201,46	-387,595
201,68	511,969
201,90	363,969
202,11	424,879
202,33	165,713
202,55	151,290
202,76	642,859
202,98	656,367
203,20	325,111
203,41	-684,595
203,63	501,974
203,85	180,326
204,06	-473,573
204,28	157,205
204,50	-170,401
204,71	559,295
204,93	60,809
205,15	181,432
205,36	-96,529
205,58	1515,114
205,80	-2542,729
206,01	-2884,736
206,23	209,503
206,45	397,640
206,66	261,206
206,88	-356,859
207,10	3087,993
207,31	-49457,616
207,53	354,725
207,75	-218,766
207,96	315,173
208,18	360,448
208,39	290,291
208,61	488,551
208,83	7922,605
209,04	317,465
209,26	461,776
209,48	85,740
209,69	-70,973
209,91	780,717
210,13	42,658
210,34	69,565
210,56	240,498
210,77	1027,978
210,99	305,747
211,21	-263,022
211,42	162,127
211,64	391,175
211,86	331,700
212,07	135,384
212,29	508,320
212,50	821,901
212,72	204,129
212,94	358,482
213,15	117,841
213,37	744,562
213,58	142,449
213,80	153,903
214,02	2260,439
214,23	321,619
214,45	274,080
214,67	19,185
214,88	-67,278
215,10	1010,790
215,31	-815,823
215,53	88,601
215,75	433,153
215,96	442,003
216,18	164,895
216,39	311,057
216,61	418,592
216,83	951,131
217,04	220,208
217,26	-25,306
217,47	379,491
217,69	238,167
217,91	142,821
218,12	1125,507
218,34	117,712
218,55	202,432
218,77	63,744
218,99	162,654
219,20	152,487
219,42	450,891
219,63	108,470
219,85	218,808
220,06	42,237
220,28	112,033
220,50	62,070
220,71	90,254
220,93	398,037
221,14	373,219
221,36	77,981
221,58	85,307
221,79	91,731
222,01	299,400
222,22	165,334
222,44	72,222
222,65	122,963
222,87	44,020
223,09	101,690
223,30	77,496
223,52	-17,693
223,73	85,396
223,95	141,787
224,16	10,731
224,38	69,010
224,60	53,944
224,81	117,266
225,03	107,957
225,24	84,267
225,46	7,531
225,67	13,159
225,89	81,002
226,10	112,245
226,32	124,402
226,54	-9,397
226,75	9,694
226,97	152,742
227,18	95,577
227,40	92,980
227,61	39,865
227,83	21,562
228,04	74,152
228,26	60,738
228,47	6,858
228,69	101,826
228,91	33,290
229,12	120,706
229,34	28,540
229,55	58,919
229,77	48,217
229,98	15,449
230,20	42,457
230,41	-10,471
230,63	68,378
230,84	32,725
231,06	49,626
231,27	-4,077
231,49	47,904
231,71	18,924
231,92	10,972
232,14	-9,929
232,35	37,712
232,57	9,389
232,78	17,432
233,00	28,185
233,21	20,347
233,43	19,017
233,64	-6,399
233,86	34,881
234,07	26,174
234,29	9,724
234,50	8,766
234,72	34,089
234,93	19,771
235,15	4,818
235,36	13,885
235,58	42,364
235,79	24,905
236,01	13,993
236,22	25,276
236,44	40,374
236,65	16,319
236,87	11,201
237,08	16,572
237,30	-1,521
237,51	15,230
237,73	19,347
237,94	9,006
238,16	15,278
238,37	13,932
238,59	4,177
238,80	9,601
239,02	2,761
239,23	19,206
239,45	9,830
239,66	25,464
239,88	25,232
240,09	17,145
240,31	6,684
240,52	7,329
240,74	14,859
240,95	14,691
241,17	18,442
241,38	5,508
241,60	1,321
241,81	18,584
242,03	4,741
242,24	13,138
242,46	12,209
242,67	0,951
242,89	13,048
243,10	14,419
243,32	14,055
243,53	16,638
243,75	9,238
243,96	9,869
244,18	12,739
244,39	18,065
244,60	-0,049
244,82	7,287
245,03	14,226
245,25	7,420
245,46	24,047
245,68	3,584
245,89	26,785
246,11	20,456
246,32	6,619
246,54	10,515
246,75	6,336
246,97	14,129
247,18	17,894
247,39	5,745
247,61	8,720
247,82	7,549
248,04	3,793
248,25	3,004
248,47	7,342
248,68	10,509
248,90	5,868
249,11	6,455
249,33	16,562
249,54	9,773
249,75	8,035
249,97	4,221
250,18	19,936
250,40	12,703
250,61	9,056
250,83	4,664
251,04	6,077
251,25	12,645
251,47	11,875
251,68	7,009
251,90	11,023
252,11	6,207
252,33	8,005
252,54	5,928
252,76	4,695
252,97	1,071
253,18	6,950
253,40	10,229
253,61	6,103
253,83	7,716
254,04	10,650
254,25	4,103
254,47	-0,280
254,68	9,863
254,90	7,040
255,11	2,250
255,33	9,361
255,54	4,873
255,75	3,908
255,97	7,059
256,18	5,293
256,40	9,971
256,61	10,249
256,82	4,860
257,04	9,468
257,25	5,884
257,47	7,094
257,68	9,691
257,89	6,482
258,11	5,258
258,32	10,819
258,54	6,250
258,75	15,909
258,96	8,975
259,18	7,748
259,39	4,115
259,61	9,455
259,82	2,240
260,03	5,614
260,25	7,547
260,46	7,644
260,68	5,363
260,89	5,442
261,10	8,753
261,32	6,864
261,53	1,143
261,75	9,292
261,96	4,934
262,17	20,039
262,39	7,808
262,60	3,339
262,81	6,073
263,03	10,361
263,24	7,176
263,46	5,387
263,67	9,136
263,88	8,973
264,10	5,844
264,31	7,106
264,52	5,932
264,74	8,514
264,95	7,444
265,17	8,434
265,38	6,104
265,59	12,085
265,81	9,590
266,02	2,088
266,23	1,147
266,45	11,307
266,66	10,838
266,87	6,302
267,09	5,718
267,30	9,785
267,52	13,726
267,73	6,849
267,94	4,502
268,16	7,719
268,37	2,374
268,58	9,275
268,80	0,486
269,01	7,475
269,22	10,423
269,44	8,852
269,65	5,648
269,86	5,107
270,08	6,223
270,29	3,311
270,50	2,901
270,72	7,185
270,93	2,852
271,14	3,107
271,36	4,543
271,57	10,015
271,78	5,842
272,00	4,661
272,21	8,472
272,42	2,589
272,64	12,798
272,85	2,771
273,06	3,063
273,28	5,020
273,49	2,727
273,70	7,226
273,92	7,701
274,13	5,076
274,34	0,330
274,56	9,270
274,77	5,702
274,98	7,288
275,20	7,584
275,41	7,158
275,62	3,798
275,84	6,272
276,05	13,722
276,26	5,956
276,47	2,477
276,69	10,413
276,90	9,761
277,11	4,837
277,33	1,940
277,54	10,154
277,75	5,507
277,97	4,547
278,18	2,309
278,39	10,106
278,61	3,504
278,82	10,101
279,03	8,249
279,24	4,981
279,46	6,883
279,67	10,043
279,88	5,799
280,10	9,027
280,31	5,840
280,52	2,478
280,73	3,407
280,95	7,580
281,16	6,275
281,37	6,466
281,59	6,564
281,80	9,562
282,01	5,485
282,22	2,814
282,44	5,513
282,65	13,086
282,86	6,485
283,08	2,719
283,29	5,738
283,50	1,866
283,71	7,535
283,93	5,982
284,14	2,900
284,35	4,757
284,56	6,731
284,78	-0,487
284,99	6,073
285,20	7,903
285,42	5,280
285,63	5,616
285,84	3,458
286,05	5,225
286,27	4,352
286,48	9,489
286,69	5,287
286,90	4,369
287,12	4,762
287,33	4,079
287,54	4,045
287,75	9,732
287,97	5,271
288,18	2,662
288,39	5,486
288,60	5,429
288,82	4,490
289,03	4,256
289,24	6,939
289,45	8,783
289,67	6,690
289,88	3,923
290,09	7,672
290,30	5,312
290,52	4,776
290,73	2,917
290,94	4,918
291,15	5,305
291,37	7,267
291,58	4,860
291,79	5,644
292,00	5,524
292,21	4,789
292,43	7,567
292,64	1,196
292,85	7,098
293,06	5,838
293,28	5,424
293,49	4,431
293,70	9,528
293,91	1,479
294,12	5,210
294,34	6,684
294,55	5,334
294,76	7,919
294,97	7,643
295,19	6,674
295,40	5,773
295,61	7,196
295,82	6,752
296,03	4,340
296,25	6,290
296,46	1,732
296,67	3,346
296,88	7,376
297,09	4,454
297,31	2,686
297,52	6,560
297,73	3,920
297,94	4,745
298,15	5,863
298,37	4,596
298,58	4,202
298,79	5,017
299,00	0,642
299,21	3,743
299,43	0,608
299,64	10,103
299,85	1,992
300,06	2,592
300,27	2,782
300,49	7,628
300,70	7,922
300,91	4,595
301,12	4,260
301,33	9,371
301,54	2,321
301,76	7,464
301,97	5,784
302,18	6,425
302,39	6,780
302,60	3,647
302,82	4,441
303,03	10,585
303,24	5,232
303,45	6,864
303,66	6,104
303,87	1,253
304,09	7,112
304,30	2,384
304,51	4,483
304,72	3,627
304,93	5,051
305,14	4,716
305,36	5,367
305,57	3,103
305,78	9,506
305,99	4,662
306,20	5,966
306,41	3,052
306,62	4,168
306,84	5,866
307,05	6,536
307,26	4,812
307,47	9,030
307,68	4,291
307,89	4,795
308,11	6,376
308,32	5,487
308,53	2,903
308,74	3,078
308,95	3,216
309,16	7,848
309,37	5,678
309,59	2,703
309,80	5,561
310,01	6,328
310,22	7,217
310,43	7,528
310,64	7,758
310,85	6,474
311,06	4,485
311,28	5,043
311,49	5,309
311,70	8,636
311,91	4,788
312,12	3,222
312,33	2,657
312,54	5,771
312,75	8,515
312,97	4,327
313,18	6,430
313,39	1,703
313,60	4,471
313,81	6,025
314,02	6,809
314,23	7,044
314,44	5,129
314,65	3,419
314,87	2,234
315,08	3,702
315,29	3,669
315,50	6,760
315,71	8,382
315,92	8,401
316,13	2,897
316,34	4,682
316,55	7,233
316,77	1,826
316,98	3,476
317,19	3,345
317,40	5,261
317,61	7,631
317,82	5,982
318,03	2,815
318,24	4,713
318,45	8,200
318,66	4,426
318,87	2,675
319,09	6,877
319,30	7,538
319,51	7,706
319,72	4,652
319,93	6,905
320,14	6,221
320,35	6,478
320,56	1,361
320,77	6,088
320,98	8,890
321,19	9,100
321,40	5,659
321,62	5,048
321,83	0,777
322,04	5,459
322,25	7,764
322,46	9,710
322,67	5,531
322,88	7,109
323,09	4,650
323,30	8,727
323,51	8,939
323,72	5,010
323,93	2,582
324,14	3,986
324,35	1,805
324,56	2,536
324,77	4,486
324,99	4,918
325,20	1,812
325,41	6,666
325,62	5,368
325,83	-0,370
326,04	3,775
326,25	4,665
326,46	2,375
326,67	3,877
326,88	5,306
327,09	3,824
327,30	4,707
327,51	5,816
327,72	3,942
327,93	4,406
328,14	3,500
328,35	6,301
328,56	4,419
328,77	6,491
328,98	7,226
329,19	4,320
329,40	4,954
329,61	3,425
329,82	2,159
330,04	6,032
330,25	4,375
330,46	3,511
330,67	4,303
330,88	5,872
331,09	5,405
331,30	5,420
331,51	4,597
331,72	5,669
331,93	7,155
332,14	2,669
332,35	5,875
332,56	4,703
332,77	9,336
332,98	4,265
333,19	6,314
333,40	5,324
333,61	2,492
333,82	5,654
334,03	5,999
334,24	11,209
334,45	4,241
334,66	6,154
334,87	3,763
335,08	3,639
335,29	3,665
335,50	3,795
335,71	1,333
335,92	7,250
336,13	5,454
336,34	1,104
336,55	5,030
336,76	8,425
336,97	4,606
337,18	5,979
337,39	6,318
337,60	5,864
337,81	6,511
338,02	7,743
338,23	4,199
338,44	4,783
338,65	1,350
338,86	6,102
339,07	7,273
339,28	2,552
339,49	4,709
339,70	4,651
339,91	4,848
340,11	9,204
340,32	5,280
340,53	2,354
340,74	1,548
340,95	1,663
341,16	5,692
341,37	4,045
341,58	6,452
341,79	3,502
342,00	4,234
342,21	0,037
342,42	4,796
342,63	7,544
342,84	5,495
343,05	5,359
343,26	9,054
343,47	7,844
343,68	2,349
343,89	3,626
344,10	2,530
344,31	3,478
344,52	4,746
344,73	2,973
344,94	3,287
345,14	5,480
345,35	3,334
345,56	3,624
345,77	1,002
345,98	3,532
346,19	6,360
346,40	7,320
346,61	1,653
346,82	3,071
347,03	7,713
347,24	2,946
347,45	4,572
347,66	7,957
347,87	5,982
348,08	7,581
348,28	3,834
348,49	3,999
348,70	7,059
348,91	5,105
349,12	3,768
349,33	7,354
349,54	6,561
349,75	6,392
349,96	3,100
350,17	6,944
350,38	2,959
350,59	3,277
350,80	3,115
351,00	4,067
351,21	11,796
351,42	2,797
351,63	1,698
351,84	4,506
352,05	7,129
352,26	4,057
352,47	6,302
352,68	6,393
352,89	4,016
353,09	2,266
353,30	0,775
353,51	2,772
353,72	10,478
353,93	7,414
354,14	3,623
354,35	4,372
354,56	8,658
354,77	4,799
354,98	2,424
355,18	6,605
355,39	11,489
355,60	3,612
355,81	6,675
356,02	4,199
356,23	3,887
356,44	6,829
356,65	4,104
356,85	8,629
357,06	8,116
357,27	3,492
357,48	1,415
357,69	7,005
357,90	5,590
358,11	-0,532
358,32	2,778
358,52	6,860
358,73	2,495
358,94	4,906
359,15	6,374
359,36	7,027
359,57	5,991
359,78	7,378
359,98	7,136
360,19	1,986
360,40	4,016
360,61	6,470
360,82	3,740
361,03	10,341
361,24	12,261
361,44	3,926
361,65	4,852
361,86	3,895
362,07	5,376
362,28	9,152
362,49	5,584
362,70	6,461
362,90	3,375
363,11	2,545
363,32	4,071
363,53	4,911
363,74	9,265
363,95	8,358
364,15	4,596
364,36	9,313
364,57	5,012
364,78	3,302
364,99	3,471
365,20	5,836
365,40	7,737
365,61	5,381
365,82	4,244
366,03	8,374
366,24	2,725
366,45	1,696
366,65	2,092
366,86	5,235
367,07	4,925
367,28	1,130
367,49	1,565
367,69	5,844
367,90	4,026
368,11	6,749
368,32	2,382
368,53	8,303
368,73	4,069
368,94	5,316
369,15	8,380
369,36	5,522
369,57	6,196
369,78	6,206
369,98	5,759
370,19	6,747
370,40	3,698
370,61	3,806
370,82	6,388
371,02	8,884
371,23	4,388
371,44	3,533
371,65	4,230
371,85	10,312
372,06	2,911
372,27	5,353
372,48	2,479
372,69	7,720
372,89	6,801
373,10	7,118
373,31	4,425
373,52	4,437
373,73	8,088
373,93	6,526
374,14	4,258
374,35	5,046
374,56	6,301
374,76	5,690
374,97	5,869
375,18	9,567
375,39	5,676
375,60	7,311
375,80	4,732
376,01	4,076
376,22	7,122
376,43	5,153
376,63	5,173
376,84	6,267
377,05	8,191
377,26	3,140
377,46	2,890
377,67	3,767
377,88	0,670
378,09	3,815
378,29	5,978
378,50	3,509
378,71	6,999
378,92	1,680
379,12	1,560
379,33	2,975
379,54	5,248
379,75	7,969
379,95	6,310
380,16	4,789
380,37	5,714
380,58	4,822
380,78	6,262
380,99	1,397
381,20	3,496
381,41	7,296
381,61	3,440
381,82	5,662
382,03	4,834
382,24	6,558
382,44	4,058
382,65	4,840
382,86	8,160
383,06	7,734
383,27	6,195
383,48	4,531
383,69	6,634
383,89	1,432
384,10	3,560
384,31	4,948
384,51	7,249
384,72	7,615
384,93	4,368
385,14	2,195
385,34	3,687
385,55	2,248
385,76	3,574
385,96	8,984
386,17	4,914
386,38	6,159
386,59	8,874
386,79	8,285
387,00	11,747
387,21	8,584
387,41	5,885
387,62	5,916
387,83	10,709
388,03	6,138
388,24	4,591
388,45	7,512
388,66	3,680
388,86	5,751
389,07	5,315
389,28	13,014
389,48	5,145
389,69	4,673
389,90	1,314
390,10	1,610
390,31	8,980
390,52	6,396
390,72	6,026
390,93	8,119
391,14	6,568
391,34	6,927
391,55	5,524
391,76	10,691
391,96	12,386
392,17	5,973
392,38	4,885
392,58	7,031
392,79	3,985
393,00	4,351
393,20	8,304
393,41	7,508
393,62	11,198
393,82	5,145
394,03	7,245
394,24	3,677
394,44	10,679
394,65	11,599
394,86	5,165
395,06	9,440
395,27	10,787
395,48	7,215
395,68	4,211
395,89	7,053
396,10	9,802
396,30	3,873
396,51	5,350
396,72	7,125
396,92	2,923
397,13	9,756
397,34	4,644
397,54	6,544
397,75	6,943
397,95	6,539
398,16	7,681
398,37	8,487
398,57	2,022
398,78	5,603
398,99	6,354
399,19	7,865
399,40	12,541
399,60	7,544
399,81	11,724
400,02	11,157
400,22	9,471
400,43	10,798
400,64	7,252
400,84	4,292
401,05	10,765
401,25	10,416
401,46	8,345
401,67	11,666
401,87	7,546
402,08	5,900
402,29	8,322
402,49	17,216
402,70	11,600
402,90	7,252
403,11	11,384
403,32	6,807
403,52	6,092
403,73	6,487
403,93	12,358
404,14	17,068
404,35	9,535
404,55	6,603
404,76	9,796
404,96	11,542
405,17	15,764
405,38	16,269
405,58	8,765
405,79	16,066
405,99	15,762
406,20	12,374
406,40	12,114
406,61	12,623
406,82	12,801
407,02	13,565
407,23	8,242
407,43	9,628
407,64	9,716
407,85	12,251
408,05	8,235
408,26	21,226
408,46	18,503
408,67	13,407
408,87	13,067
409,08	10,842
409,29	19,686
409,49	18,040
409,70	12,256
409,90	14,123
410,11	15,774
410,31	15,689
410,52	15,995
410,72	14,139
410,93	17,888
411,14	13,446
411,34	9,855
411,55	15,432
411,75	16,877
411,96	17,272
412,16	17,820
412,37	13,614
412,57	16,384
412,78	20,002
412,99	14,849
413,19	19,494
413,40	17,197
413,60	15,690
413,81	14,533
414,01	17,627
414,22	17,021
414,42	14,432
414,63	16,131
414,83	16,270
415,04	23,847
415,24	17,946
415,45	16,744
415,65	15,853
415,86	23,561
416,07	16,310
416,27	20,752
416,48	20,262
416,68	24,327
416,89	14,595
417,09	21,365
417,30	25,035
417,50	16,925
417,71	23,233
417,91	18,763
418,12	21,205
418,32	21,274
418,53	17,130
418,73	19,408
418,94	17,847
419,14	23,174
419,35	16,722
419,55	24,133
419,76	22,884
419,96	21,806
420,17	16,438
420,37	17,873
420,58	23,369
420,78	24,698
420,99	19,871
421,19	23,228
421,40	28,992
421,60	25,222
421,81	16,791
422,01	23,350
422,22	25,770
422,42	25,946
422,63	25,844
422,83	25,309
423,04	29,518
423,24	29,026
423,45	22,829
423,65	22,165
423,86	29,478
424,06	26,927
424,27	20,387
424,47	24,078
424,67	20,598
424,88	25,387
425,08	23,200
425,29	28,682
425,49	22,802
425,70	23,172
425,90	23,681
426,11	24,167
426,31	26,024
426,52	28,701
426,72	24,122
426,93	21,242
427,13	26,644
427,33	21,639
427,54	26,333
427,74	25,707
427,95	30,855
428,15	22,957
428,36	21,753
428,56	23,551
428,77	26,466
428,97	27,812
429,18	23,224
429,38	26,243
429,58	26,561
429,79	27,608
429,99	22,395
430,20	25,565
430,40	29,877
430,61	23,395
430,81	25,739
431,01	28,456
431,22	29,146
431,42	26,923
431,63	20,303
431,83	26,885
432,04	30,254
432,24	29,117
432,44	25,826
432,65	26,876
432,85	24,638
433,06	27,780
433,26	24,234
433,47	25,035
433,67	23,576
433,87	26,527
434,08	25,047
434,28	24,301
434,49	27,520
434,69	34,157
434,89	26,471
435,10	26,688
435,30	31,565
435,51	23,322
435,71	22,762
435,91	24,678
436,12	24,387
436,32	26,105
436,53	25,842
436,73	25,296
436,93	29,792
437,14	26,535
437,34	28,589
437,55	22,630
437,75	31,800
437,95	30,460
438,16	25,307
438,36	28,612
438,57	27,613
438,77	24,905
438,97	28,791
439,18	28,820
439,38	28,157
439,58	24,662
439,79	27,507
439,99	22,384
440,20	33,005
440,40	31,066
440,60	25,009
440,81	27,647
441,01	30,963
441,21	29,850
441,42	30,015
441,62	29,629
441,83	26,608
442,03	24,754
442,23	29,463
442,44	32,058
442,64	30,080
442,84	26,193
443,05	31,386
443,25	24,598
443,45	27,303
443,66	28,586
443,86	29,673
444,06	31,511
444,27	26,766
444,47	33,599
444,67	27,907
444,88	30,112
445,08	27,097
445,28	24,768
445,49	29,302
445,69	28,187
445,90	31,349
446,10	32,601
446,30	28,380
446,51	30,739
446,71	33,227
446,91	31,459
447,12	35,106
447,32	27,765
447,52	31,030
447,72	33,830
447,93	27,685
448,13	25,955
448,33	36,376
448,54	33,644
448,74	25,409
448,94	30,123
449,15	32,878
449,35	26,553
449,55	34,376
449,76	30,943
449,96	27,533
450,16	29,006
450,37	25,326
450,57	29,405
450,77	27,007
450,98	29,445
451,18	30,538
451,38	33,649
451,58	35,952
451,79	25,921
451,99	29,367
452,19	32,330
452,40	36,134
452,60	24,779
452,80	33,423
453,00	32,199
453,21	28,347
453,41	33,172
453,61	26,111
453,82	31,375
454,02	29,958
454,22	41,497
454,42	29,619
454,63	29,904
454,83	28,000
455,03	35,132
455,24	29,617
455,44	30,608
455,64	29,817
455,84	30,455
456,05	23,223
456,25	24,567
456,45	30,010
456,65	32,591
456,86	31,789
457,06	29,138
457,26	35,306
457,47	34,676
457,67	29,425
457,87	26,816
458,07	28,891
458,28	31,892
458,48	36,384
458,68	24,783
458,88	36,596
459,09	26,970
459,29	33,399
459,49	24,168
459,69	30,528
459,90	30,063
460,10	29,916
460,30	33,554
460,50	26,736
460,71	30,588
460,91	25,774
461,11	32,964
461,31	31,567
461,52	34,068
461,72	32,841
461,92	29,380
462,12	37,471
462,32	27,171
462,53	28,356
462,73	29,191
462,93	31,454
463,13	32,834
463,34	30,947
463,54	32,361
463,74	30,566
463,94	26,037
464,14	32,304
464,35	28,586
464,55	35,247
464,75	34,398
464,95	29,208
465,16	25,850
465,36	35,478
465,56	27,587
465,76	27,711
465,96	32,969
466,17	30,024
466,37	29,514
466,57	34,986
466,77	33,321
466,97	27,472
467,18	35,664
467,38	31,452
467,58	35,468
467,78	34,147
467,98	29,742
468,19	29,103
468,39	33,303
468,59	27,843
468,79	31,801
468,99	31,422
469,19	27,808
469,40	29,865
469,60	27,149
469,80	30,496
470,00	30,059
470,20	35,433
470,41	30,855
470,61	32,995
470,81	32,609
471,01	33,269
471,21	33,713
471,41	35,494
471,62	29,378
471,82	27,629
472,02	29,747
472,22	28,823
472,42	27,705
472,62	35,642
472,83	25,532
473,03	34,945
473,23	30,602
473,43	34,905
473,63	31,285
473,83	30,755
474,03	32,740
474,24	32,561
474,44	30,121
474,64	30,981
474,84	24,609
475,04	27,850
475,24	32,538
475,45	29,475
475,65	32,108
475,85	33,471
476,05	25,368
476,25	30,314
476,45	31,344
476,65	33,578
476,85	28,835
477,06	30,336
477,26	26,210
477,46	29,760
477,66	31,613
477,86	29,772
478,06	31,225
478,26	34,681
478,46	30,774
478,67	31,979
478,87	30,298
479,07	29,930
479,27	30,362
479,47	27,019
479,67	25,699
479,87	26,816
480,07	32,297
480,28	28,990
480,48	28,071
480,68	31,307
480,88	35,883
481,08	32,820
481,28	31,140
481,48	29,587
481,68	28,845
481,88	27,110
482,08	30,948
482,29	31,969
482,49	27,878
482,69	29,394
482,89	27,482
483,09	34,651
483,29	26,531
483,49	28,024
483,69	29,523
483,89	28,247
484,09	26,676
484,29	26,695
484,50	28,676
484,70	30,571
484,90	28,652
485,10	29,663
485,30	31,154
485,50	34,239
485,70	31,317
485,90	27,310
486,10	25,347
486,30	25,906
486,50	28,458
486,70	26,485
486,90	28,187
487,10	29,168
487,30	29,196
487,51	27,849
487,71	25,403
487,91	29,568
488,11	33,098
488,31	26,951
488,51	28,547
488,71	26,686
488,91	29,577
489,11	26,966
489,31	27,666
489,51	29,859
489,71	27,540
489,91	28,158
490,11	29,459
490,31	29,456
490,51	31,050
490,71	29,227
490,91	26,376
491,11	27,752
491,31	32,989
491,51	28,977
491,72	28,605
491,92	29,172
492,12	33,197
492,32	30,390
492,52	32,845
492,72	28,135
492,92	29,071
493,12	32,041
493,32	27,179
493,52	27,941
493,72	29,743
493,92	29,933
494,12	29,748
494,32	31,166
494,52	29,386
494,72	29,981
494,92	28,043
495,12	31,262
495,32	34,706
495,52	28,344
495,72	29,481
495,92	30,132
496,12	32,300
496,32	30,970
496,52	29,595
496,72	31,489
496,92	30,399
497,12	30,321
497,32	31,322
497,52	28,753
497,72	32,035
497,92	30,181
498,12	29,163
498,32	30,256
498,52	28,632
498,72	29,024
498,92	29,037
499,12	31,066
499,32	26,522
499,52	32,022
499,72	27,951
499,92	35,278
500,12	29,743
500,32	30,981
500,52	31,601
500,72	32,827
500,91	34,445
501,11	32,194
501,31	30,830
501,51	32,768
501,71	32,368
501,91	30,857
502,11	28,941
502,31	30,829
502,51	32,550
502,71	32,583
502,91	27,799
503,11	31,897
503,31	32,165
503,51	28,271
503,71	29,658
503,91	33,574
504,11	30,079
504,31	29,234
504,51	28,253
504,71	36,149
504,91	27,486
505,10	33,378
505,30	31,040
505,50	31,893
505,70	30,316
505,90	31,522
506,10	27,524
506,30	33,250
506,50	30,905
506,70	32,820
506,90	32,515
507,10	29,663
507,30	28,768
507,50	30,300
507,70	31,969
507,89	32,949
508,09	30,223
508,29	31,115
508,49	29,378
508,69	32,224
508,89	29,495
509,09	31,145
509,29	30,790
509,49	31,199
509,69	32,637
509,89	33,309
510,09	33,868
510,28	33,292
510,48	31,381
510,68	31,010
510,88	32,923
511,08	32,429
511,28	30,536
511,48	30,576
511,68	28,917
511,88	36,788
512,07	31,498
512,27	30,622
512,47	31,104
512,67	30,490
512,87	27,496
513,07	32,718
513,27	29,856
513,47	28,404
513,67	28,704
513,86	31,597
514,06	31,256
514,26	31,694
514,46	32,466
514,66	30,695
514,86	32,183
515,06	35,009
515,26	32,588
515,45	29,529
515,65	30,029
515,85	31,354
516,05	28,898
516,25	28,970
516,45	32,201
516,65	30,647
516,84	32,466
517,04	33,319
517,24	30,806
517,44	33,049
517,64	33,602
517,84	34,731
518,04	32,684
518,23	32,928
518,43	36,149
518,63	32,093
518,83	29,958
519,03	30,574
519,23	31,513
519,42	32,109
519,62	30,319
519,82	29,588
520,02	31,185
520,22	33,011
520,42	30,327
520,61	32,591
520,81	31,131
521,01	34,485
521,21	29,982
521,41	30,089
521,61	35,077
521,80	30,571
522,00	30,829
522,20	35,142
522,40	33,775
522,60	32,390
522,79	31,731
522,99	36,147
523,19	26,654
523,39	32,704
523,59	33,488
523,78	32,526
523,98	31,801
524,18	33,406
524,38	27,917
524,58	31,729
524,77	34,590
524,97	31,842
525,17	31,208
525,37	31,762
525,57	35,676
525,76	33,505
525,96	35,178
526,16	32,049
526,36	33,159
526,56	30,694
526,75	33,461
526,95	34,792
527,15	30,202
527,35	32,183
527,55	29,322
527,74	29,284
527,94	30,838
528,14	30,065
528,34	32,217
528,53	29,080
528,73	35,637
528,93	35,345
529,13	31,748
529,32	32,240
529,52	32,462
529,72	33,015
529,92	33,798
530,12	31,412
530,31	32,164
530,51	35,269
530,71	30,670
530,91	36,218
531,10	28,005
531,30	32,877
531,50	29,739
531,70	33,025
531,89	34,677
532,09	29,792
532,29	32,477
532,49	32,601
532,68	31,307
532,88	31,313
533,08	32,210
533,28	32,486
533,47	34,231
533,67	32,968
533,87	31,352
534,06	38,741
534,26	30,115
534,46	30,739
534,66	34,393
534,85	32,345
535,05	28,873
535,25	30,157
535,45	30,273
535,64	34,577
535,84	32,288
536,04	28,562
536,23	31,376
536,43	32,613
536,63	31,642
536,83	32,232
537,02	32,893
537,22	29,834
537,42	33,079
537,61	32,113
537,81	29,630
538,01	29,586
538,20	32,099
538,40	28,093
538,60	29,289
538,80	30,703
538,99	31,944
539,19	29,854
539,39	30,230
539,58	30,155
539,78	28,633
539,98	26,572
540,17	25,126
540,37	29,099
540,57	24,847
540,76	25,629
540,96	21,320
541,16	27,056
541,36	24,945
541,55	21,386
541,75	21,266
541,95	22,924
542,14	20,940
542,34	19,632
542,54	19,110
542,73	23,766
542,93	20,320
543,13	20,117
543,32	19,092
543,52	22,640
543,72	20,910
543,91	22,310
544,11	19,788
544,31	16,527
544,50	21,240
544,70	22,403
544,89	20,696
545,09	24,414
545,29	20,747
545,48	24,360
545,68	19,417
545,88	25,594
546,07	23,549
546,27	24,520
546,47	25,180
546,66	25,930
546,86	24,209
547,06	25,638
547,25	25,136
547,45	27,414
547,64	27,423
547,84	31,433
548,04	29,596
548,23	32,506
548,43	27,475
548,63	30,527
548,82	31,032
549,02	30,528
549,21	28,903
549,41	29,059
549,61	30,426
549,80	27,982
550,00	30,305
550,20	27,604
550,39	30,935
550,59	30,566
550,78	30,868
550,98	28,955
551,18	31,282
551,37	30,407
551,57	30,050
551,76	32,362
551,96	30,558
552,16	30,650
552,35	32,075
552,55	29,317
552,74	29,725
552,94	32,288
553,14	28,769
553,33	32,233
553,53	29,890
553,72	30,396
553,92	33,999
554,12	30,911
554,31	33,360
554,51	31,683
554,70	29,862
554,90	30,056
555,09	35,654
555,29	31,535
555,49	33,311
555,68	35,113
555,88	29,529
556,07	30,380
556,27	34,300
556,46	32,721
556,66	30,708
556,86	37,909
557,05	33,216
557,25	30,551
557,44	31,052
557,64	31,166
557,83	32,864
558,03	32,299
558,22	29,276
558,42	31,676
558,62	32,652
558,81	34,780
559,01	32,383
559,20	33,840
559,40	31,490
559,59	32,767
559,79	31,223
559,98	32,728
560,18	34,437
560,37	33,279
560,57	32,067
560,76	29,591
560,96	28,413
561,16	31,749
561,35	31,290
561,55	32,951
561,74	33,803
561,94	33,555
562,13	32,043
562,33	33,150
562,52	32,388
562,72	30,137
562,91	31,848
563,11	30,404
563,30	32,573
563,50	31,798
563,69	30,515
563,89	31,055
564,08	32,597
564,28	30,480
564,47	32,806
564,67	31,002
564,86	31,248
565,06	30,229
565,25	30,831
565,45	29,066
565,64	34,783
565,84	31,711
566,03	30,250
566,23	32,601
566,42	32,112
566,62	32,053
566,81	31,320
567,01	32,634
567,20	32,916
567,40	31,191
567,59	30,154
567,79	34,973
567,98	34,974
568,18	31,223
568,37	33,353
568,57	32,553
568,76	31,497
568,96	33,599
569,15	30,678
569,35	33,312
569,54	35,434
569,73	32,509
569,93	32,635
570,12	31,984
570,32	33,229
570,51	31,624
570,71	33,778
570,90	32,540
571,10	30,821
571,29	31,954
571,49	30,711
571,68	32,710
571,87	33,489
572,07	32,932
572,26	28,675
572,46	33,165
572,65	31,893
572,85	30,654
573,04	31,653
573,24	30,649
573,43	34,210
573,62	32,050
573,82	34,283
574,01	31,297
574,21	30,209
574,40	30,994
574,60	29,259
574,79	34,752
574,98	31,440
575,18	31,824
575,37	29,525
575,57	31,881
575,76	31,922
575,96	32,085
576,15	31,239
576,34	31,195
576,54	31,020
576,73	31,141
576,93	31,488
577,12	32,786
577,31	30,575
577,51	29,798
577,70	30,900
577,90	31,352
578,09	31,114
578,28	29,522
578,48	30,573
578,67	30,873
578,87	31,236
579,06	30,491
579,25	32,195
579,45	32,610
579,64	28,867
579,84	29,728
580,03	30,508
580,22	32,796
580,42	29,864
580,61	31,707
580,81	31,336
581,00	30,769
581,19	31,747
581,39	30,311
581,58	30,430
581,77	30,469
581,97	33,199
582,16	29,936
582,35	28,976
582,55	30,711
582,74	31,771
582,94	31,485
583,13	31,241
583,32	30,994
583,52	32,089
583,71	31,116
583,90	30,283
584,10	32,803
584,29	31,435
584,48	29,171
584,68	29,492
584,87	31,111
585,06	31,265
585,26	28,195
585,45	30,741
585,65	31,665
585,84	30,659
586,03	30,400
586,23	30,338
586,42	30,789
586,61	34,374
586,81	31,192
587,00	30,100
587,19	30,726
587,39	32,584
587,58	31,127
587,77	29,257
587,97	29,828
588,16	30,820
588,35	30,725
588,54	30,869
588,74	29,785
588,93	32,132
589,12	32,483
589,32	30,221
589,51	30,877
589,70	29,673
589,90	29,106
590,09	29,700
590,28	34,050
590,48	29,204
590,67	32,457
590,86	30,494
591,06	31,200
591,25	32,351
591,44	30,914
591,63	30,886
591,83	31,692
592,02	32,126
592,21	30,183
592,41	30,847
592,60	32,506
592,79	32,381
592,98	31,681
593,18	31,834
593,37	30,341
593,56	32,032
593,76	32,469
593,95	30,946
594,14	30,407
594,33	33,997
594,53	31,576
594,72	30,535
594,91	32,349
595,10	32,035
595,30	30,375
595,49	30,887
595,68	33,349
595,88	33,429
596,07	32,531
596,26	32,565
596,45	30,358
596,65	30,639
596,84	30,009
597,03	32,911
597,22	31,072
597,42	34,024
597,61	30,831
597,80	32,122
597,99	31,483
598,19	32,922
598,38	32,231
598,57	30,846
598,76	32,008
598,95	31,625
599,15	31,579
599,34	30,971
599,53	30,123
599,72	30,612
599,92	33,867
600,11	32,690
600,30	32,577
600,49	34,303
600,69	31,253
600,88	31,390
601,07	31,116
601,26	30,555
601,45	31,194
601,65	30,352
601,84	32,464
602,03	31,245
602,22	32,181
602,42	32,668
602,61	30,656
602,80	33,126
602,99	31,362
603,18	30,034
603,38	34,515
603,57	31,564
603,76	30,053
603,95	31,386
604,14	33,660
604,34	31,055
604,53	29,992
604,72	32,520
604,91	33,297
605,10	32,628
605,29	34,374
605,49	30,053
605,68	31,625
605,87	34,795
606,06	32,202
606,25	30,865
606,45	32,344
606,64	31,323
606,83	33,402
607,02	31,332
607,21	31,795
607,40	32,597
607,60	29,844
607,79	29,763
607,98	30,256
608,17	30,866
608,36	29,359
608,55	31,147
608,75	31,092
608,94	30,597
609,13	26,886
609,32	27,402
609,51	28,295
609,70	28,231
609,89	26,530
610,09	26,004
610,28	25,956
610,47	25,577
610,66	26,752
610,85	24,436
611,04	27,740
611,23	25,607
611,43	23,866
611,62	26,000
611,81	25,926
612,00	26,052
612,19	25,613
612,38	25,267
612,57	28,202
612,77	27,540
612,96	27,200
613,15	27,464
613,34	28,382
613,53	29,250
613,72	30,110
613,91	27,679
614,10	28,714
614,29	30,491
614,49	28,679
614,68	28,863
614,87	29,522
615,06	33,438
615,25	29,965
615,44	31,113
615,63	31,217
615,82	29,149
616,01	31,453
616,21	28,914
616,40	31,298
616,59	32,921
616,78	29,857
616,97	30,076
617,16	31,140
617,35	31,455
617,54	30,902
617,73	32,932
617,92	30,450
618,11	32,477
618,31	29,902
618,50	32,595
618,69	29,660
618,88	32,173
619,07	27,676
619,26	30,728
619,45	31,220
619,64	29,728
619,83	30,870
620,02	31,616
620,21	32,144
620,40	30,609
620,59	31,985
620,78	29,915
620,97	31,321
621,17	34,512
621,36	30,050
621,55	29,896
621,74	31,199
621,93	32,666
622,12	31,883
622,31	31,569
622,50	32,258
622,69	32,488
622,88	32,295
623,07	33,172
623,26	32,918
623,45	34,151
623,64	31,519
623,83	31,278
624,02	32,334
624,21	32,188
624,40	31,570
624,59	29,421
624,78	30,777
624,97	34,438
625,16	29,535
625,35	30,323
625,54	29,839
625,73	29,966
625,92	32,932
626,12	32,629
626,31	33,580
626,50	32,791
626,69	31,689
626,88	31,984
627,07	30,894
627,26	32,101
627,45	33,620
627,64	30,654
627,83	31,261
628,02	30,601
628,21	30,563
628,40	31,133
628,59	33,099
628,78	28,235
628,97	30,603
629,16	31,227
629,35	31,817
629,54	32,435
629,73	32,837
629,92	30,336
630,10	32,164
630,29	32,739
630,48	30,690
630,67	30,155
630,86	32,932
631,05	30,884
631,24	33,360
631,43	30,485
631,62	31,366
631,81	30,983
632,00	31,057
632,19	30,159
632,38	32,558
632,57	32,290
632,76	29,224
632,95	32,925
633,14	34,210
633,33	34,642
633,52	32,655
633,71	31,738
633,90	30,002
634,09	31,674
634,28	32,297
634,47	30,803
634,66	32,809
634,85	31,496
635,04	35,321
635,22	30,448
635,41	31,464
635,60	34,019
635,79	33,468
635,98	31,588
636,17	31,677
636,36	30,676
636,55	29,868
636,74	30,726
636,93	31,410
637,12	31,174
637,31	31,917
637,50	31,384
637,69	33,510
637,87	33,157
638,06	31,364
638,25	30,920
638,44	30,506
638,63	30,975
638,82	32,505
639,01	31,431
639,20	32,392
639,39	32,612
639,58	31,672
639,77	31,141
639,95	32,336
640,14	34,233
640,33	32,258
640,52	32,554
640,71	34,905
640,90	31,231
641,09	33,587
641,28	30,154
641,47	32,992
641,66	32,416
641,84	34,790
642,03	30,495
642,22	32,670
642,41	35,407
642,60	32,443
642,79	31,975
642,98	32,941
643,17	33,759
643,35	31,325
643,54	31,670
643,73	32,559
643,92	31,290
644,11	31,502
644,30	32,732
644,49	33,538
644,67	32,623
644,86	32,215
645,05	31,348
645,24	31,582
645,43	31,730
645,62	32,097
645,81	32,248
645,99	31,551
646,18	33,968
646,37	32,536
646,56	32,895
646,75	31,582
646,94	33,428
647,13	31,641
647,31	32,240
647,50	31,319
647,69	32,811
647,88	31,985
648,07	33,185
648,26	35,484
648,44	32,534
648,63	33,717
648,82	31,954
649,01	32,951
649,20	30,038
649,38	33,255
649,57	31,854
649,76	31,629
649,95	32,765
650,14	30,777
650,33	31,687
650,51	32,435
650,70	32,614
650,89	33,231
651,08	32,298
651,27	32,802
651,45	31,617
651,64	32,011
651,83	31,145
652,02	30,572
652,21	31,292
652,39	34,136
652,58	32,997
652,77	34,092
652,96	32,683
653,15	34,365
653,33	32,317
653,52	31,453
653,71	34,610
653,90	33,234
654,09	32,683
654,27	31,405
654,46	33,242
654,65	32,148
654,84	32,666
655,02	33,409
655,21	32,614
655,40	32,900
655,59	32,988
655,77	32,619
655,96	32,902
656,15	34,031
656,34	33,229
656,53	32,714
656,71	32,413
656,90	33,869
657,09	32,331
657,28	34,793
657,46	32,229
657,65	31,839
657,84	32,785
658,03	32,511
658,21	33,044
658,40	31,693
658,59	32,019
658,78	34,081
658,96	32,832
659,15	33,234
659,34	31,197
659,52	32,002
659,71	32,636
659,90	32,300
660,09	32,924
660,27	31,956
660,46	34,911
660,65	33,906
660,84	31,232
661,02	32,916
661,21	34,260
661,40	34,462
661,58	33,773
661,77	32,948
661,96	31,650
662,15	33,001
662,33	32,887
662,52	32,795
662,71	32,286
662,89	32,443
663,08	33,426
663,27	34,206
663,45	32,019
663,64	33,392
663,83	31,705
664,02	31,052
664,20	32,972
664,39	31,326
664,58	32,341
664,76	31,622
664,95	32,780
665,14	33,509
665,32	30,666
665,51	33,061
665,70	32,575
665,88	33,213
666,07	31,604
666,26	35,066
666,44	33,875
666,63	30,696
666,82	31,114
667,00	30,823
667,19	31,383
667,38	32,963
667,56	31,920
667,75	33,032
667,94	32,649
668,12	32,457
668,31	33,633
668,50	32,859
668,68	34,103
668,87	31,267
669,06	32,720
669,24	34,095
669,43	31,562
669,62	33,072
669,80	30,395
669,99	30,959
670,18	32,226
670,36	30,420
670,55	33,516
670,74	32,381
670,92	30,554
671,11	34,728
671,29	29,907
671,48	31,241
671,67	31,538
671,85	32,281
672,04	32,531
672,23	31,838
672,41	32,304
672,60	31,930
672,78	31,887
672,97	31,394
673,16	33,256
673,34	34,232
673,53	31,075
673,71	33,010
673,90	33,782
674,09	32,819
674,27	33,759
674,46	31,801
674,64	31,241
674,83	32,284
675,02	31,378
675,20	31,045
675,39	31,532
675,57	32,333
675,76	32,994
675,95	35,065
676,13	32,443
676,32	31,586
676,50	30,807
676,69	31,074
676,88	33,027
677,06	30,233
677,25	32,585
677,43	33,744
677,62	33,952
677,80	33,104
677,99	33,476
678,18	32,661
678,36	33,811
678,55	30,520
678,73	30,574
678,92	32,049
679,10	33,856
679,29	31,910
679,48	30,230
679,66	32,587
679,85	32,499
680,03	32,670
680,22	31,564
680,40	32,580
680,59	33,264
680,77	31,512
680,96	32,802
681,15	31,718
681,33	34,015
681,52	32,175
681,70	31,777
681,89	34,115
682,07	32,151
682,26	31,626
682,44	33,017
682,63	32,450
682,81	33,394
683,00	31,957
683,18	31,436
683,37	32,650
683,55	32,251
683,74	33,380
683,92	36,727
684,11	32,906
684,29	31,260
684,48	31,704
684,67	31,701
684,85	31,400
685,04	33,060
685,22	32,821
685,41	31,338
685,59	31,847
685,78	30,995
685,96	31,067
686,15	30,740
686,33	31,371
686,52	31,903
686,70	32,976
686,89	33,024
687,07	31,670
687,26	31,642
687,44	32,857
687,62	32,279
687,81	33,636
687,99	33,277
688,18	32,590
688,36	33,124
688,55	33,890
688,73	32,394
688,92	31,070
689,10	31,404
689,29	33,553
689,47	33,370
689,66	31,499
689,84	31,979
690,03	36,029
690,21	31,170
690,40	31,752
690,58	30,393
690,76	31,093
690,95	32,801
691,13	29,902
691,32	32,083
691,50	32,077
691,69	33,049
691,87	31,431
692,06	31,834
692,24	31,285
692,43	32,092
692,61	32,595
692,79	31,765
692,98	31,248
693,16	33,942
693,35	29,998
693,53	33,338
693,72	31,611
693,90	34,528
694,08	30,547
694,27	31,800
694,45	32,625
694,64	34,999
694,82	31,445
695,01	32,541
695,19	30,321
695,37	32,457
695,56	31,817
695,74	32,558
695,93	32,252
696,11	31,986
696,29	32,487
696,48	33,654
696,66	33,460
696,85	30,522
697,03	32,115
697,21	31,667
697,40	34,756
697,58	32,418
697,77	32,385
697,95	31,729
698,13	30,393
698,32	31,011
698,50	31,323
698,69	31,071
698,87	33,364
699,05	34,549
699,24	31,658
699,42	32,324
699,60	30,823
699,79	31,750
699,97	31,150
700,16	30,378
700,34	36,252
700,52	31,339
700,71	31,895
700,89	30,376
701,07	29,974
701,26	32,919
701,44	30,710
701,63	31,984
701,81	32,256
701,99	31,459
702,18	30,980
702,36	32,035
702,54	34,319
702,73	32,432
702,91	32,034
703,09	31,589
703,28	29,504
703,46	31,569
703,64	32,138
703,83	31,278
704,01	31,873
704,19	32,188
704,38	29,934
704,56	31,975
704,74	31,906
704,93	30,425
705,11	31,550
705,29	31,798
705,48	34,941
705,66	32,348
705,84	31,697
706,03	28,999
706,21	31,493
706,39	30,133
706,58	29,971
706,76	31,912
706,94	32,386
707,12	30,522
707,31	30,726
707,49	32,435
707,67	30,995
707,86	34,538
708,04	31,966
708,22	32,103
708,41	32,725
708,59	30,169
708,77	32,090
708,95	32,592
709,14	34,293
709,32	33,808
709,50	30,155
709,69	33,033
709,87	31,004
710,05	29,846
710,23	30,326
710,42	31,756
710,60	31,630
710,78	34,941
710,97	32,178
711,15	30,668
711,33	31,773
711,51	30,832
711,70	30,477
711,88	32,607
712,06	32,977
712,24	32,334
712,43	32,303
712,61	29,858
712,79	31,029
712,97	31,101
713,16	32,202
713,34	29,509
713,52	33,721
713,70	31,943
713,89	30,474
714,07	31,273
714,25	32,198
714,43	33,080
714,62	30,081
714,80	29,710
714,98	30,310
715,16	30,971
715,35	30,381
715,53	31,700
715,71	34,268
715,89	34,859
716,07	33,164
716,26	32,158
716,44	34,220
716,62	32,685
716,80	32,531
716,99	32,111
717,17	34,285
717,35	31,169
717,53	30,875
717,71	31,486
717,90	33,283
718,08	33,872
718,26	31,722
718,44	32,697
718,62	34,543
718,81	32,572
718,99	29,777
719,17	32,410
719,35	31,737
719,53	30,946
719,72	29,938
719,90	32,804
720,08	30,596
720,26	33,470
720,44	31,216
720,62	32,123
720,81	34,309
720,99	33,370
721,17	30,675
721,35	32,957
721,53	30,172
721,72	33,889
721,90	32,458
722,08	30,992
722,26	32,923
722,44	32,740
722,62	31,046
722,81	30,450
722,99	31,613
723,17	31,364
723,35	33,033
723,53	32,514
723,71	32,636
723,89	36,428
724,08	32,239
724,26	31,138
724,44	33,813
724,62	33,637
724,80	27,931
724,98	32,419
725,16	32,837
725,35	32,601
725,53	32,377
725,71	31,304
725,89	32,630
726,07	35,746
726,25	34,199
726,43	32,048
726,61	32,385
726,80	33,815
726,98	32,043
727,16	29,769
727,34	32,194
727,52	30,271
727,70	30,898
727,88	32,423
728,06	30,051
728,25	30,706
728,43	30,539
728,61	31,420
728,79	31,239
728,97	33,842
729,15	32,290
729,33	34,980
729,51	32,777
729,69	32,944
729,87	32,125
730,06	33,004
730,24	33,128
730,42	35,564
730,60	31,369
730,78	32,866
730,96	32,771
731,14	33,682
731,32	31,727
731,50	31,272
731,68	28,974
731,86	34,173
732,04	32,232
732,22	31,816
732,41	38,097
732,59	31,165
732,77	32,862
732,95	31,236
733,13	33,281
733,31	32,503
733,49	31,461
733,67	32,239
733,85	33,806
734,03	30,884
734,21	30,706
734,39	34,037
734,57	32,669
734,75	33,761
734,93	30,707
735,11	33,118
735,29	29,967
735,47	34,922
735,65	30,145
735,84	30,399
736,02	31,311
736,20	34,953
736,38	31,099
736,56	32,758
736,74	31,175
736,92	31,789
737,10	30,242
737,28	33,657
737,46	32,625
737,64	31,732
737,82	31,311
738,00	32,686
738,18	32,967
738,36	32,295
738,54	30,542
738,72	32,738
738,90	31,985
739,08	32,615
739,26	30,987
739,44	33,069
739,62	35,036
739,80	33,830
739,98	30,776
740,16	31,997
740,34	31,361
740,52	35,244
740,70	31,131
740,88	32,095
741,06	32,890
741,24	32,112
741,42	31,360
741,60	31,108
741,78	34,405
741,96	34,144
742,14	33,985
742,32	32,121
742,50	29,688
742,68	32,103
742,86	32,112
743,04	30,452
743,21	32,891
743,39	31,960
743,57	31,756
743,75	33,381
743,93	30,782
744,11	28,929
744,29	33,344
744,47	32,684
744,65	32,190
744,83	31,164
745,01	30,669
745,19	30,593
745,37	34,969
745,55	33,352
745,73	33,641
745,91	31,063
746,09	32,166
746,27	29,458
746,45	30,649
746,62	31,879
746,80	31,085
746,98	31,305
747,16	29,655
747,34	30,766
747,52	31,779
747,70	32,456
747,88	33,030
748,06	33,201
748,24	33,958
748,42	34,248
748,60	31,876
748,78	28,664
748,95	35,642
749,13	36,276
749,31	32,069
749,49	31,138
749,67	31,577
749,85	33,733
750,03	32,097
750,21	31,614
750,39	33,882
750,57	30,558
750,74	32,414
750,92	31,869
751,10	32,103
751,28	30,157
751,46	32,552
751,64	33,020
751,82	34,017
752,00	32,924
752,17	34,002
752,35	34,785
752,53	32,837
752,71	31,212
752,89	32,449
753,07	31,146
753,25	31,606
753,43	30,739
753,60	33,721
753,78	33,296
753,96	32,493
754,14	32,384
754,32	34,788
754,50	32,332
754,68	33,476
754,85	30,999
755,03	33,988
755,21	34,610
755,39	36,256
755,57	33,673
755,75	33,309
755,92	32,994
756,10	32,318
756,28	32,373
756,46	32,224
756,64	32,922
756,82	32,972
756,99	31,214
757,17	28,916
757,35	31,358
757,53	36,024
757,71	35,319
757,89	30,400
758,06	33,403
758,24	33,593
758,42	33,355
758,60	30,027
758,78	32,652
758,95	34,758
759,13	33,203
759,31	32,448
759,49	30,637
759,67	32,446
759,84	29,869
760,02	31,375
760,20	30,418
760,38	32,118
760,56	29,386
760,73	31,275
760,91	29,817
761,09	33,544
761,27	30,269
761,45	31,223
761,62	29,247
761,80	30,752
761,98	31,723
762,16	33,482
762,33	30,622
762,51	32,736
762,69	31,539
762,87	31,621
763,05	33,805
763,22	30,879
763,40	31,487
763,58	32,369
763,76	31,050
763,93	33,871
764,11	34,381
764,29	33,059
764,47	33,027
764,64	32,565
764,82	33,198
765,00	32,195
765,18	30,753
765,35	30,921
765,53	31,650
765,71	33,588
765,89	31,454
766,06	29,238
766,24	31,622
766,42	32,533
766,60	30,953
766,77	31,293
766,95	31,539
767,13	31,666
767,30	30,218
767,48	31,293
767,66	29,704
767,84	30,509
768,01	32,373
768,19	31,493
768,37	30,354
768,54	31,687
768,72	33,220
768,90	31,490
769,08	32,390
769,25	31,446
769,43	31,092
769,61	29,423
769,78	33,143
769,96	30,104
770,14	32,194
770,31	35,362
770,49	34,738
770,67	31,349
770,85	31,571
771,02	32,803
771,20	32,229
771,38	33,145
771,55	31,143
771,73	27,933
771,91	32,860
772,08	32,241
772,26	32,741
772,44	32,165
772,61	30,989
772,79	31,613
772,97	30,551
773,14	30,608
773,32	33,860
773,50	30,929
773,67	33,733
773,85	34,181
774,03	33,793
774,20	32,532
774,38	31,799
774,56	30,790
774,73	30,381
774,91	32,626
775,09	30,696
775,26	33,387
775,44	33,397
775,61	32,685
775,79	31,301
775,97	30,518
776,14	31,090
776,32	32,563
776,50	33,166
776,67	32,309
776,85	32,059
777,03	29,563
777,20	34,309
777,38	33,535
777,55	32,713
777,73	31,907
777,91	28,529
778,08	32,053
778,26	30,440
778,43	31,690
778,61	32,744
778,79	30,759
778,96	32,337
779,14	32,443
779,32	30,156
779,49	31,406
779,67	35,751
779,84	33,947
780,02	31,562
780,20	30,620
780,37	34,144
780,55	27,691
780,72	30,399
780,90	29,652
781,07	33,059
781,25	35,838
781,43	33,569
781,60	30,002
781,78	32,198
781,95	33,407
782,13	32,615
782,30	32,350
782,48	34,735
782,66	30,916
782,83	33,022
783,01	39,929
783,18	33,930
783,36	34,621
783,53	34,464
783,71	30,658
783,89	32,752
784,06	32,559
784,24	32,393
784,41	31,980
784,59	28,433
784,76	36,082
784,94	30,656
785,11	32,940
785,29	32,183
785,46	31,508
785,64	32,659
785,82	33,587
785,99	33,860
786,17	33,309
786,34	30,699
786,52	35,772
786,69	34,085
786,87	31,851
787,04	32,356
787,22	29,917
787,39	32,940
787,57	33,209
787,74	30,961
787,92	34,642
788,09	33,711
788,27	33,644
788,44	31,482
788,62	35,801
788,79	28,134
788,97	33,743
789,14	32,113
789,32	31,893
789,49	31,294
789,67	34,108
789,84	30,543
790,02	35,795
790,19	27,970
790,37	34,101
790,54	31,564
790,72	35,822
790,89	33,508
791,07	35,312
791,24	29,770
791,42	34,833
791,59	34,994
791,77	32,174
791,94	32,327
792,12	29,654
792,29	33,289
792,47	35,376
792,64	33,385
792,81	34,754
792,99	30,991
793,16	31,625
793,34	32,112
793,51	30,489
793,69	35,302
793,86	31,914
794,04	33,271
794,21	35,657
794,39	29,559
794,56	31,474
794,73	37,034
794,91	35,739
795,08	32,984
795,26	32,261
795,43	28,463
795,61	35,148
795,78	33,053
795,95	34,141
796,13	33,540
796,30	35,434
796,48	29,875
796,65	31,546
796,83	34,673
797,00	33,891
797,17	32,854
797,35	30,110
797,52	31,473
797,70	32,352
797,87	33,003
798,04	36,626
798,22	31,988
798,39	33,559
798,57	32,092
798,74	33,689
798,91	31,446
799,09	33,378
799,26	33,025
799,44	34,148
799,61	28,847
799,78	30,074
799,96	34,654
800,13	27,853
800,31	36,925
800,48	36,762
800,65	36,083
800,83	34,221
801,00	33,259
801,17	33,605
801,35	33,250
801,52	35,407
801,70	35,507
801,87	31,251
802,04	35,249
802,22	29,453
802,39	33,308
802,56	35,840
802,74	35,787
802,91	32,602
803,08	31,715
803,26	34,785
803,43	37,889
803,61	29,678
803,78	31,184
803,95	35,531
804,13	35,043
804,30	31,363
804,47	34,307
804,65	34,302
804,82	34,096
804,99	35,359
805,17	29,883
805,34	38,843
805,51	37,259
805,69	33,515
805,86	36,591
806,03	38,789
806,21	36,041
806,38	37,989
806,55	31,302
806,72	34,305
806,90	38,679
807,07	35,020
807,24	32,534
807,42	29,654
807,59	32,331
807,76	29,163
807,94	32,878
808,11	37,580
808,28	37,918
808,45	34,023
808,63	33,058
808,80	36,619
808,97	31,561
809,15	32,483
809,32	36,355
809,49	35,056
809,67	36,057
809,84	37,555
810,01	38,964
810,18	43,163
810,36	41,154
810,53	31,388
810,70	34,510
810,87	32,802
811,05	37,678
811,22	32,533
811,39	31,896
811,57	35,528
811,74	31,522
811,91	36,469
812,08	31,620
812,26	32,903
812,43	31,624
812,60	38,040
812,77	33,757
812,95	33,828
813,12	34,624
813,29	30,026
813,46	34,988
813,64	38,717
813,81	36,649
813,98	35,805
814,15	34,925
814,32	36,539
814,50	34,736
814,67	32,917
814,84	39,305
815,01	33,479
815,19	32,038
815,36	33,468
815,53	33,995
815,70	36,219
815,87	39,802
816,05	32,943
816,22	33,150
816,39	40,336
816,56	37,893
816,74	40,751
816,91	35,970
817,08	40,758
817,25	39,366
817,42	36,736
817,60	37,296
817,77	40,617
817,94	32,727
818,11	33,024
818,28	27,535
818,45	35,692
818,63	35,725
818,80	37,141
818,97	34,608
819,14	38,197
819,31	42,908
819,49	36,027
819,66	33,734
819,83	38,371
820,00	41,337
820,17	31,993
820,34	33,727
820,52	34,506
820,69	38,378
820,86	37,013
821,03	35,437
821,20	37,583
821,37	36,405
821,55	36,087
821,72	30,286
821,89	34,077
822,06	39,083
822,23	31,483
822,40	33,339
822,57	40,352
822,75	39,135
822,92	26,511
823,09	37,427
823,26	40,941
823,43	39,419
823,60	35,164
823,77	34,353
823,94	40,322
824,12	41,920
824,29	32,118
824,46	40,333
824,63	46,890
824,80	42,004
824,97	34,885
825,14	35,657
825,31	34,601
825,49	34,003
825,66	22,513
825,83	37,828
826,00	34,857
826,17	43,437
826,34	37,602
826,51	33,542
826,68	33,412
826,85	33,464
827,02	30,987
827,20	29,344
827,37	31,094
827,54	36,198
827,71	37,660
827,88	40,756
828,05	36,214
828,22	41,058
828,39	43,567
828,56	34,706
828,73	37,162
828,90	33,276
829,07	33,189
829,25	30,585
829,42	33,055
829,59	34,391
829,76	36,259
829,93	35,696
830,10	37,181
830,27	35,460
830,44	33,519
830,61	25,522
830,78	30,746
830,95	37,898
831,12	34,661
831,29	35,176
831,46	29,784
831,63	29,920
831,80	40,622
831,97	36,185
832,14	40,799
832,31	43,730
832,48	34,889
832,65	37,476
832,83	29,219
833,00	41,154
833,17	30,873
833,34	37,716
833,51	40,605
833,68	41,047
833,85	35,405
834,02	29,049
834,19	39,470
834,36	40,413
834,53	30,745
834,70	33,486
834,87	46,328
835,04	32,059
835,21	37,719
835,38	40,088
835,55	34,649
835,72	49,899
835,89	35,319
836,06	31,400
836,23	47,515
836,40	35,112
836,57	37,605
836,74	37,335
836,91	36,975
837,08	48,927
837,25	35,936
837,42	31,876
837,59	31,006
837,76	41,825
837,93	36,620
838,09	37,630
838,26	37,656
838,43	53,745
838,60	41,981
838,77	35,392
838,94	40,359
839,11	53,563
839,28	39,050
839,45	35,854
839,62	36,750
839,79	36,278
839,96	38,366
840,13	42,022
840,30	36,305
840,47	35,217
840,64	46,037
840,81	37,016
840,98	40,076
841,15	38,635
841,32	36,223
841,48	46,311
841,65	41,693
841,82	36,121
841,99	35,582
842,16	40,331
842,33	35,872
842,50	43,872
842,67	24,784
842,84	34,407
843,01	41,010
843,18	33,185
843,35	36,476
843,52	39,607
843,68	41,333
843,85	38,908
844,02	29,552
844,19	34,676
844,36	40,921
844,53	38,364
844,70	23,251
844,87	48,502
845,04	42,960
845,21	27,850
845,37	49,866
845,54	34,409
845,71	33,768
845,88	55,883
846,05	39,674
846,22	25,908
846,39	39,196
846,56	43,478
846,72	25,297
846,89	34,182
847,06	52,260
847,23	44,246
847,40	27,013
847,57	30,935
847,74	33,280
847,90	55,881
848,07	44,804
848,24	39,652
848,41	48,826
848,58	59,728
848,75	42,225
848,92	29,441
849,08	35,164
849,25	33,729
849,42	27,448
849,59	35,205
849,76	29,188
849,93	41,848
850,09	50,412
850,26	24,404
850,43	53,782
850,60	30,305
850,77	26,989
850,94	38,223
851,10	37,232
851,27	33,370
851,44	40,180
851,61	31,619
851,78	50,665
851,95	45,121
852,11	38,683
852,28	30,146
852,45	47,067
852,62	51,321
852,79	41,410
852,95	35,273
853,12	44,631
853,29	37,422
853,46	35,313
853,63	36,680
853,79	30,577
853,96	36,842
854,13	48,852
854,30	45,646
854,46	57,232
854,63	27,431
854,80	45,284
854,97	34,969
855,14	63,447
855,30	46,062
855,47	47,488
855,64	40,859
855,81	42,360
855,97	64,298
856,14	42,063
856,31	22,835
856,48	50,027
856,65	51,541
856,81	51,117
856,98	33,938
857,15	20,094
857,32	48,369
857,48	31,343
857,65	66,900
857,82	55,516
857,99	50,480
858,15	55,022
858,32	41,688
858,49	35,180
858,65	53,543
858,82	34,556
858,99	48,766
859,16	66,132
859,32	50,259
859,49	48,198
859,66	49,480
859,83	50,172
859,99	34,971
860,16	37,199
860,33	46,137
860,49	49,172
860,66	40,023
860,83	38,624
861,00	48,297
861,16	57,602
861,33	65,593
861,50	25,750
861,66	44,175
861,83	67,224
862,00	40,260
862,16	37,675
862,33	55,559
862,50	80,636
862,67	42,487
862,83	39,750
863,00	46,363
863,17	60,982
863,33	40,230
863,50	26,259
863,67	53,354
863,83	53,558
864,00	55,820
864,17	50,038
864,33	23,343
864,50	28,073
864,67	50,315
864,83	35,498
865,00	56,318
865,17	35,516
865,33	60,939
865,50	37,261
865,67	42,317
865,83	59,497
866,00	59,695
866,17	48,905
866,33	55,753
866,50	37,144
866,66	47,400
866,83	47,595
867,00	52,277
867,16	72,551
867,33	78,320
867,50	47,248
867,66	47,321
867,83	41,716
868,00	48,953
868,16	51,258
868,33	50,931
868,49	31,815
868,66	53,346
868,83	59,558
868,99	56,946
869,16	68,562
869,32	59,614
869,49	45,155
869,66	38,727
869,82	67,081
869,99	66,822
870,15	50,962
870,32	64,379
870,49	114,153
870,65	73,412
870,82	61,467
870,98	72,049
871,15	79,150
871,32	58,652
871,48	61,153
871,65	52,156
871,81	56,224
871,98	38,283
872,15	33,473
872,31	36,907
872,48	77,660
872,64	53,713
872,81	71,322
872,97	33,478
873,14	100,555
873,31	52,361
873,47	55,778
873,64	90,719
873,80	99,351
873,97	81,981
874,13	50,470
874,30	54,236
874,46	59,263
874,63	69,134
874,80	43,963
874,96	65,191
875,13	86,020
875,29	55,893
875,46	60,426
875,62	43,035
875,79	81,605
875,95	53,816
876,12	36,932
876,28	33,896
876,45	124,851
876,61	39,812
876,78	45,437
876,94	25,425
877,11	63,614
877,27	150,627
877,44	72,431
877,60	43,628
877,77	73,920
877,94	140,918
878,10	27,261
878,27	76,369
878,43	111,125
878,60	68,627
878,76	67,412
878,93	91,844
879,09	49,166
879,26	122,296
879,42	72,264
879,58	58,786
879,75	93,235
879,91	116,448
880,08	42,847
880,24	62,515
880,41	24,455
880,57	87,191
880,74	130,978
880,90	60,643
881,07	83,904
881,23	136,230
881,40	79,082
881,56	75,628
881,73	140,020
881,89	80,857
882,06	80,057
882,22	127,945
882,38	129,850
882,55	157,737
882,71	63,213
882,88	69,686
883,04	82,217
883,21	90,490
883,37	111,533
883,54	100,825
883,70	217,010
883,86	129,521
884,03	145,245
884,19	74,658
884,36	121,631
884,52	146,092
884,69	74,237
884,85	38,919
885,01	81,726
885,18	153,095
885,34	48,659
885,51	44,464
885,67	101,129
>>>>> Data<<<<< Espectral Procesado Extremo
