Fichero De Datos De SpectraSuite
++++++++++++++++++++++++++++++++++++
Fecha: Wed Apr 22 08:55:31 CEST 2009
Usuario: evoflor
Presente Oscuro Del Espectro: Sí
La Referencia de Presente Del Espectro De: Sí
Muestreados de los componentes de Número de espectros: 1
Espectrómetros: USB4F02353
Tiempo de integración (usec): 500000 (USB4F02353)
Promedio de Espectros Hechos un: 5 (USB4F02353)
El Alisar Del Furgón: 0 (USB4F02353)
Párrafo de de Corregir del la del del de Eléctrica del obscuridad: Sí (USB4F02353)
Estrobo/Lámpara Permitido: No (USB4F02353)
Correct for Detector Non-linearity: No (USB4F02353)
Párrafo de de Corregir del la del del de Externa del luz: No (USB4F02353)
Procesado del espectro de Número de pixeles en: 3648
>>>>> Comienza Data<<<<< Espectral Procesado Del EL
177,79	723,962
178,00	723,962
178,22	723,962
178,44	-8810,547
178,66	538,865
178,88	145,085
179,09	2794,087
179,31	134,563
179,53	-7943,628
179,75	383,177
179,96	-262,244
180,18	326,833
180,40	-396,537
180,62	-120,866
180,83	696,482
181,05	-832,312
181,27	-408,879
181,49	200,156
181,70	-350,955
181,92	442,761
182,14	188,799
182,36	-1369,880
182,58	150,147
182,79	-910,319
183,01	-10158,317
183,23	341,006
183,45	-128,324
183,66	9,949
183,88	963,126
184,10	949,651
184,32	875,767
184,53	-280,326
184,75	645,412
184,97	-215,781
185,18	964,150
185,40	297,130
185,62	-823,794
185,84	2869,025
186,05	3236,159
186,27	-5525,718
186,49	-1420,399
186,71	241,658
186,92	659,819
187,14	1376,434
187,36	276,563
187,58	860,854
187,79	-530,511
188,01	-1437,304
188,23	113,334
188,45	224,176
188,66	27,223
188,88	263,680
189,10	-356,958
189,31	-145,056
189,53	84,364
189,75	1423,423
189,97	193,485
190,18	-105,582
190,40	1192,675
190,62	130,157
190,83	527,149
191,05	-294,286
191,27	6370,650
191,49	495,834
191,70	578,658
191,92	481,324
192,14	433,882
192,35	-1371,542
192,57	-716,204
192,79	-2443,196
193,01	625,992
193,22	233,250
193,44	-575,154
193,66	317,319
193,87	976,721
194,09	172,540
194,31	272,029
194,53	-315,456
194,74	485,779
194,96	-18,387
195,18	804,939
195,39	-1209,718
195,61	-376,977
195,83	3888,972
196,04	336,076
196,26	142,598
196,48	1739,782
196,70	390,965
196,91	181,496
197,13	-239,423
197,35	246,653
197,56	-299,581
197,78	5479,364
198,00	597,107
198,21	301,869
198,43	811,464
198,65	231,720
198,86	140,837
199,08	732,520
199,30	157,109
199,51	1282,463
199,73	-3688,773
199,95	233,338
200,16	598,813
200,38	227,555
200,60	2477,036
200,81	-637,924
201,03	11143,062
201,25	730,725
201,46	-652,170
201,68	440,218
201,90	826,452
202,11	317,792
202,33	165,245
202,55	101,734
202,76	666,215
202,98	535,810
203,20	249,524
203,41	-1038,901
203,63	399,527
203,85	148,503
204,06	-500,792
204,28	161,171
204,50	-301,297
204,71	486,743
204,93	39,428
205,15	269,552
205,36	-375,280
205,58	-1284,886
205,80	-2506,011
206,01	-4804,110
206,23	262,262
206,45	367,286
206,66	350,358
206,88	-826,988
207,10	2918,678
207,31	-50946,358
207,53	331,604
207,75	-171,700
207,96	407,155
208,18	436,685
208,39	224,387
208,61	694,893
208,83	8028,956
209,04	85,927
209,26	344,607
209,48	114,846
209,69	-108,102
209,91	1023,438
210,13	26,629
210,34	212,083
210,56	293,599
210,77	3166,031
210,99	333,878
211,21	-299,638
211,42	138,272
211,64	627,010
211,86	400,922
212,07	225,531
212,29	610,491
212,50	1400,424
212,72	189,986
212,94	625,280
213,15	-12,660
213,37	506,530
213,58	200,906
213,80	448,474
214,02	3094,975
214,23	223,557
214,45	299,929
214,67	42,401
214,88	-131,993
215,10	1273,011
215,31	-1174,489
215,53	208,039
215,75	257,853
215,96	555,049
216,18	198,316
216,39	162,895
216,61	445,577
216,83	856,262
217,04	326,652
217,26	67,257
217,47	360,014
217,69	344,586
217,91	175,985
218,12	788,209
218,34	77,240
218,55	228,391
218,77	-4,590
218,99	120,473
219,20	173,963
219,42	585,919
219,63	128,134
219,85	313,719
220,06	-66,108
220,28	150,064
220,50	38,001
220,71	130,606
220,93	441,205
221,14	388,656
221,36	60,803
221,58	127,381
221,79	30,914
222,01	110,414
222,22	178,980
222,44	133,006
222,65	176,717
222,87	19,460
223,09	106,504
223,30	73,772
223,52	267,381
223,73	99,532
223,95	74,828
224,16	26,950
224,38	154,988
224,60	50,110
224,81	-34,110
225,03	147,106
225,24	109,467
225,46	1,281
225,67	8,906
225,89	48,625
226,10	132,938
226,32	115,266
226,54	-7,343
226,75	-17,199
226,97	119,995
227,18	102,668
227,40	93,912
227,61	37,847
227,83	49,785
228,04	86,371
228,26	64,852
228,47	28,912
228,69	76,205
228,91	79,202
229,12	129,433
229,34	30,918
229,55	58,302
229,77	24,301
229,98	21,731
230,20	52,901
230,41	-1,699
230,63	76,992
230,84	34,167
231,06	70,348
231,27	-13,305
231,49	42,697
231,71	33,534
231,92	21,726
232,14	-0,803
232,35	29,076
232,57	-1,391
232,78	20,181
233,00	16,782
233,21	20,020
233,43	22,731
233,64	0,324
233,86	31,625
234,07	39,379
234,29	10,851
234,50	7,606
234,72	32,017
234,93	20,144
235,15	0,221
235,36	14,515
235,58	43,363
235,79	34,680
236,01	12,964
236,22	21,313
236,44	35,314
236,65	22,841
236,87	18,196
237,08	7,364
237,30	0,986
237,51	28,109
237,73	19,384
237,94	8,406
238,16	16,496
238,37	11,007
238,59	2,480
238,80	7,844
239,02	11,692
239,23	25,435
239,45	7,920
239,66	26,349
239,88	23,639
240,09	21,432
240,31	9,759
240,52	5,637
240,74	16,278
240,95	17,258
241,17	13,977
241,38	9,086
241,60	1,845
241,81	23,006
242,03	4,401
242,24	16,297
242,46	15,131
242,67	0,975
242,89	20,393
243,10	9,463
243,32	19,019
243,53	17,490
243,75	5,855
243,96	15,097
244,18	11,647
244,39	16,602
244,60	1,446
244,82	8,306
245,03	21,277
245,25	12,574
245,46	27,156
245,68	7,273
245,89	32,256
246,11	17,251
246,32	11,606
246,54	7,994
246,75	8,429
246,97	17,259
247,18	22,853
247,39	10,401
247,61	12,550
247,82	15,045
248,04	4,650
248,25	3,880
248,47	10,796
248,68	12,557
248,90	4,859
249,11	10,272
249,33	19,681
249,54	10,263
249,75	14,505
249,97	7,689
250,18	18,157
250,40	14,511
250,61	8,194
250,83	3,981
251,04	8,406
251,25	14,321
251,47	12,910
251,68	5,137
251,90	8,833
252,11	8,167
252,33	11,597
252,54	6,553
252,76	5,174
252,97	1,086
253,18	8,212
253,40	9,278
253,61	9,050
253,83	10,795
254,04	10,958
254,25	4,767
254,47	2,377
254,68	11,952
254,90	7,026
255,11	6,800
255,33	11,196
255,54	4,557
255,75	3,452
255,97	7,973
256,18	6,527
256,40	10,353
256,61	10,602
256,82	5,748
257,04	12,887
257,25	7,551
257,47	10,125
257,68	11,147
257,89	6,668
258,11	5,999
258,32	11,681
258,54	6,433
258,75	18,749
258,96	10,027
259,18	7,534
259,39	7,108
259,61	12,550
259,82	7,541
260,03	4,265
260,25	11,634
260,46	5,481
260,68	4,409
260,89	4,775
261,10	9,916
261,32	6,432
261,53	1,408
261,75	10,296
261,96	5,561
262,17	20,105
262,39	12,744
262,60	3,573
262,81	6,168
263,03	12,674
263,24	10,061
263,46	5,188
263,67	9,309
263,88	9,166
264,10	6,646
264,31	6,240
264,52	7,122
264,74	9,811
264,95	6,600
265,17	11,588
265,38	5,873
265,59	16,986
265,81	12,855
266,02	1,915
266,23	2,390
266,45	14,295
266,66	11,739
266,87	9,467
267,09	5,146
267,30	12,121
267,52	14,640
267,73	8,634
267,94	4,653
268,16	9,957
268,37	2,259
268,58	11,519
268,80	0,173
269,01	5,837
269,22	11,493
269,44	9,978
269,65	9,015
269,86	6,954
270,08	7,176
270,29	4,748
270,50	9,093
270,72	10,147
270,93	3,955
271,14	7,406
271,36	7,138
271,57	7,815
271,78	7,038
272,00	7,141
272,21	10,179
272,42	7,760
272,64	12,032
272,85	4,184
273,06	4,998
273,28	6,301
273,49	3,071
273,70	8,713
273,92	7,614
274,13	4,713
274,34	-2,725
274,56	11,656
274,77	5,689
274,98	13,158
275,20	12,809
275,41	9,482
275,62	4,090
275,84	9,410
276,05	16,436
276,26	4,942
276,47	6,319
276,69	12,469
276,90	12,039
277,11	6,462
277,33	3,009
277,54	13,677
277,75	8,886
277,97	1,141
278,18	5,266
278,39	12,325
278,61	6,399
278,82	11,627
279,03	8,143
279,24	5,040
279,46	8,703
279,67	13,133
279,88	6,357
280,10	13,078
280,31	6,244
280,52	4,677
280,73	4,335
280,95	9,732
281,16	9,513
281,37	8,050
281,59	6,619
281,80	11,530
282,01	6,100
282,22	3,825
282,44	5,845
282,65	15,159
282,86	10,467
283,08	4,889
283,29	7,727
283,50	1,768
283,71	7,629
283,93	7,966
284,14	5,594
284,35	8,699
284,56	7,115
284,78	1,988
284,99	9,757
285,20	11,004
285,42	6,245
285,63	6,279
285,84	3,531
286,05	8,334
286,27	5,594
286,48	10,751
286,69	10,138
286,90	6,342
287,12	4,312
287,33	7,008
287,54	5,626
287,75	13,201
287,97	5,639
288,18	5,793
288,39	6,262
288,60	7,307
288,82	5,088
289,03	6,071
289,24	8,552
289,45	10,215
289,67	8,098
289,88	6,386
290,09	9,072
290,30	6,757
290,52	5,484
290,73	3,589
290,94	5,840
291,15	4,919
291,37	7,494
291,58	7,106
291,79	8,086
292,00	6,267
292,21	7,275
292,43	8,146
292,64	3,752
292,85	7,381
293,06	9,515
293,28	5,343
293,49	4,440
293,70	10,532
293,91	2,987
294,12	5,523
294,34	5,864
294,55	9,099
294,76	8,103
294,97	8,069
295,19	7,031
295,40	5,438
295,61	8,457
295,82	8,931
296,03	6,866
296,25	7,195
296,46	4,672
296,67	5,410
296,88	7,681
297,09	4,238
297,31	5,910
297,52	8,338
297,73	4,730
297,94	6,033
298,15	9,035
298,37	4,689
298,58	5,629
298,79	5,757
299,00	0,755
299,21	4,688
299,43	1,853
299,64	11,472
299,85	4,635
300,06	3,431
300,27	3,568
300,49	9,759
300,70	9,785
300,91	5,320
301,12	4,234
301,33	8,390
301,54	4,110
301,76	6,975
301,97	5,605
302,18	8,883
302,39	9,264
302,60	5,140
302,82	5,409
303,03	11,797
303,24	6,493
303,45	8,390
303,66	8,042
303,87	3,637
304,09	7,103
304,30	3,205
304,51	4,491
304,72	3,500
304,93	7,422
305,14	6,516
305,36	6,760
305,57	4,681
305,78	8,435
305,99	5,957
306,20	8,627
306,41	3,128
306,62	2,996
306,84	6,585
307,05	8,545
307,26	5,890
307,47	10,913
307,68	3,994
307,89	5,535
308,11	7,175
308,32	6,043
308,53	5,466
308,74	3,239
308,95	5,340
309,16	10,109
309,37	5,366
309,59	4,770
309,80	7,555
310,01	6,881
310,22	7,855
310,43	7,955
310,64	8,001
310,85	9,525
311,06	5,420
311,28	6,672
311,49	6,494
311,70	10,745
311,91	4,966
312,12	3,010
312,33	5,690
312,54	6,345
312,75	10,299
312,97	5,375
313,18	9,178
313,39	3,048
313,60	6,681
313,81	5,830
314,02	8,109
314,23	8,531
314,44	6,105
314,65	5,355
314,87	5,321
315,08	4,705
315,29	4,805
315,50	7,456
315,71	11,289
315,92	9,684
316,13	2,591
316,34	6,217
316,55	8,845
316,77	2,757
316,98	4,553
317,19	4,053
317,40	9,998
317,61	8,963
317,82	7,946
318,03	4,055
318,24	6,839
318,45	10,396
318,66	6,866
318,87	4,371
319,09	6,579
319,30	7,324
319,51	8,354
319,72	7,364
319,93	7,910
320,14	8,732
320,35	8,907
320,56	1,529
320,77	6,493
320,98	11,677
321,19	9,359
321,40	5,560
321,62	6,466
321,83	1,156
322,04	7,982
322,25	8,049
322,46	12,189
322,67	8,175
322,88	9,195
323,09	6,549
323,30	9,114
323,51	10,761
323,72	8,532
323,93	3,874
324,14	6,594
324,35	2,158
324,56	5,082
324,77	4,876
324,99	4,824
325,20	6,086
325,41	7,541
325,62	6,635
325,83	1,061
326,04	3,975
326,25	6,866
326,46	1,827
326,67	5,940
326,88	6,892
327,09	5,173
327,30	4,766
327,51	5,390
327,72	6,596
327,93	6,370
328,14	5,654
328,35	7,625
328,56	6,259
328,77	7,819
328,98	8,089
329,19	4,310
329,40	6,399
329,61	5,138
329,82	4,257
330,04	10,105
330,25	6,811
330,46	7,050
330,67	4,132
330,88	7,066
331,09	3,569
331,30	6,281
331,51	5,902
331,72	7,167
331,93	8,777
332,14	3,268
332,35	6,997
332,56	6,077
332,77	9,676
332,98	6,024
333,19	6,563
333,40	6,571
333,61	4,405
333,82	6,760
334,03	9,037
334,24	12,169
334,45	7,976
334,66	7,990
334,87	4,409
335,08	4,062
335,29	3,599
335,50	6,628
335,71	2,974
335,92	9,839
336,13	7,481
336,34	2,913
336,55	6,997
336,76	7,638
336,97	5,265
337,18	4,799
337,39	4,775
337,60	7,285
337,81	7,118
338,02	7,306
338,23	5,583
338,44	5,285
338,65	2,204
338,86	6,938
339,07	7,018
339,28	5,078
339,49	6,362
339,70	2,841
339,91	6,525
340,11	9,733
340,32	6,557
340,53	4,511
340,74	3,069
340,95	4,644
341,16	6,741
341,37	7,094
341,58	5,910
341,79	2,582
342,00	6,031
342,21	0,494
342,42	7,362
342,63	8,936
342,84	7,595
343,05	7,639
343,26	11,543
343,47	8,584
343,68	3,323
343,89	4,176
344,10	5,205
344,31	5,590
344,52	8,222
344,73	3,156
344,94	2,871
345,14	4,977
345,35	3,803
345,56	3,056
345,77	3,040
345,98	5,319
346,19	7,540
346,40	9,438
346,61	0,387
346,82	7,058
347,03	9,682
347,24	4,696
347,45	6,205
347,66	9,307
347,87	4,662
348,08	12,012
348,28	5,664
348,49	5,038
348,70	8,193
348,91	6,732
349,12	5,555
349,33	2,573
349,54	7,835
349,75	8,175
349,96	6,029
350,17	9,745
350,38	3,496
350,59	3,971
350,80	5,568
351,00	3,197
351,21	12,175
351,42	3,187
351,63	4,769
351,84	5,479
352,05	7,568
352,26	6,117
352,47	9,186
352,68	9,671
352,89	3,672
353,09	5,210
353,30	3,669
353,51	2,950
353,72	10,573
353,93	10,659
354,14	7,095
354,35	6,230
354,56	9,403
354,77	4,565
354,98	4,736
355,18	7,937
355,39	11,269
355,60	4,366
355,81	7,630
356,02	5,218
356,23	3,556
356,44	7,112
356,65	3,155
356,85	10,398
357,06	10,212
357,27	6,482
357,48	3,187
357,69	10,977
357,90	7,842
358,11	0,072
358,32	5,569
358,52	9,433
358,73	5,069
358,94	4,938
359,15	5,816
359,36	8,439
359,57	6,814
359,78	8,012
359,98	7,471
360,19	0,620
360,40	5,690
360,61	8,665
360,82	7,158
361,03	11,375
361,24	17,633
361,44	4,084
361,65	8,755
361,86	3,775
362,07	6,137
362,28	10,832
362,49	7,194
362,70	7,785
362,90	6,742
363,11	5,544
363,32	3,698
363,53	4,773
363,74	9,232
363,95	10,302
364,15	4,477
364,36	9,323
364,57	5,718
364,78	3,312
364,99	4,639
365,20	4,781
365,40	9,898
365,61	7,375
365,82	6,399
366,03	9,862
366,24	3,391
366,45	0,847
366,65	3,794
366,86	6,970
367,07	4,443
367,28	2,461
367,49	4,492
367,69	7,776
367,90	5,853
368,11	7,461
368,32	4,644
368,53	11,803
368,73	6,714
368,94	4,407
369,15	9,249
369,36	8,381
369,57	7,962
369,78	7,656
369,98	8,542
370,19	8,577
370,40	3,000
370,61	4,942
370,82	8,471
371,02	12,019
371,23	5,016
371,44	5,748
371,65	3,653
371,85	9,689
372,06	2,252
372,27	6,719
372,48	4,301
372,69	10,224
372,89	7,389
373,10	6,051
373,31	6,969
373,52	6,526
373,73	8,641
373,93	6,893
374,14	7,432
374,35	6,770
374,56	5,341
374,76	5,922
374,97	7,192
375,18	9,953
375,39	7,373
375,60	6,621
375,80	6,957
376,01	4,087
376,22	8,472
376,43	9,003
376,63	5,249
376,84	7,714
377,05	7,439
377,26	4,797
377,46	5,948
377,67	5,006
377,88	4,313
378,09	9,047
378,29	5,859
378,50	5,889
378,71	8,299
378,92	2,920
379,12	2,047
379,33	6,346
379,54	7,109
379,75	10,459
379,95	7,010
380,16	6,773
380,37	9,027
380,58	4,697
380,78	8,547
380,99	5,472
381,20	6,440
381,41	10,478
381,61	6,375
381,82	7,757
382,03	6,789
382,24	9,572
382,44	7,127
382,65	7,560
382,86	12,044
383,06	10,652
383,27	5,903
383,48	5,907
383,69	8,639
383,89	3,386
384,10	4,907
384,31	7,603
384,51	11,944
384,72	10,273
384,93	5,230
385,14	4,213
385,34	4,563
385,55	5,268
385,76	5,543
385,96	11,753
386,17	7,221
386,38	6,500
386,59	14,013
386,79	9,263
387,00	14,354
387,21	10,584
387,41	9,182
387,62	10,064
387,83	11,780
388,03	7,945
388,24	6,994
388,45	7,084
388,66	10,358
388,86	6,118
389,07	5,856
389,28	16,526
389,48	7,472
389,69	9,290
389,90	3,050
390,10	7,557
390,31	10,345
390,52	9,191
390,72	8,575
390,93	9,060
391,14	9,830
391,34	10,460
391,55	9,851
391,76	11,417
391,96	12,808
392,17	8,914
392,38	8,278
392,58	8,813
392,79	7,498
393,00	6,104
393,20	9,403
393,41	9,438
393,62	13,709
393,82	5,905
394,03	9,858
394,24	10,214
394,44	11,557
394,65	13,852
394,86	8,763
395,06	11,496
395,27	12,608
395,48	10,287
395,68	8,082
395,89	9,799
396,10	12,723
396,30	8,440
396,51	8,706
396,72	11,779
396,92	8,394
397,13	14,116
397,34	8,381
397,54	12,714
397,75	8,959
397,95	10,745
398,16	12,112
398,37	14,728
398,57	3,447
398,78	9,668
398,99	14,756
399,19	11,867
399,40	19,136
399,60	11,737
399,81	14,469
400,02	17,946
400,22	13,167
400,43	16,257
400,64	11,399
400,84	8,312
401,05	15,930
401,25	13,884
401,46	11,563
401,67	16,479
401,87	10,413
402,08	11,343
402,29	13,267
402,49	20,233
402,70	16,288
402,90	13,020
403,11	14,632
403,32	13,530
403,52	12,657
403,73	12,649
403,93	18,141
404,14	23,493
404,35	13,772
404,55	10,534
404,76	13,787
404,96	16,404
405,17	20,186
405,38	22,087
405,58	16,008
405,79	18,685
405,99	24,209
406,20	17,453
406,40	14,768
406,61	19,476
406,82	19,735
407,02	16,140
407,23	13,579
407,43	19,221
407,64	14,193
407,85	18,146
408,05	12,100
408,26	26,141
408,46	24,776
408,67	18,285
408,87	20,264
409,08	15,267
409,29	24,481
409,49	21,936
409,70	19,896
409,90	18,212
410,11	21,121
410,31	25,401
410,52	20,143
410,72	17,978
410,93	20,688
411,14	19,592
411,34	15,964
411,55	20,092
411,75	20,902
411,96	21,895
412,16	22,500
412,37	17,955
412,57	22,590
412,78	25,858
412,99	18,928
413,19	22,684
413,40	19,674
413,60	20,205
413,81	21,839
414,01	18,684
414,22	22,734
414,42	21,944
414,63	18,784
414,83	21,403
415,04	26,523
415,24	22,887
415,45	21,159
415,65	23,066
415,86	27,847
416,07	20,349
416,27	24,860
416,48	27,029
416,68	30,448
416,89	21,456
417,09	24,412
417,30	30,959
417,50	19,360
417,71	26,759
417,91	26,551
418,12	24,175
418,32	24,096
418,53	20,951
418,73	24,365
418,94	23,054
419,14	27,183
419,35	20,264
419,55	23,353
419,76	27,052
419,96	25,629
420,17	24,959
420,37	22,916
420,58	29,600
420,78	22,699
420,99	23,843
421,19	29,888
421,40	31,949
421,60	30,689
421,81	21,174
422,01	26,914
422,22	28,065
422,42	30,008
422,63	29,944
422,83	29,259
423,04	34,902
423,24	34,854
423,45	27,831
423,65	24,908
423,86	30,019
424,06	29,993
424,27	25,596
424,47	26,172
424,67	23,465
424,88	31,207
425,08	27,127
425,29	32,199
425,49	23,072
425,70	24,518
425,90	25,338
426,11	28,565
426,31	30,766
426,52	30,952
426,72	25,040
426,93	24,483
427,13	35,315
427,33	24,672
427,54	28,335
427,74	30,208
427,95	34,208
428,15	26,657
428,36	28,741
428,56	26,013
428,77	28,998
428,97	30,081
429,18	30,033
429,38	26,933
429,58	26,088
429,79	31,628
429,99	25,575
430,20	27,030
430,40	31,931
430,61	28,007
430,81	27,370
431,01	31,055
431,22	32,001
431,42	29,667
431,63	25,194
431,83	30,467
432,04	32,899
432,24	30,728
432,44	31,403
432,65	28,840
432,85	30,252
433,06	31,157
433,26	31,480
433,47	32,142
433,67	27,722
433,87	31,182
434,08	30,054
434,28	29,324
434,49	31,731
434,69	40,067
434,89	35,516
435,10	30,721
435,30	38,536
435,51	30,267
435,71	30,768
435,91	30,962
436,12	32,173
436,32	31,504
436,53	33,897
436,73	32,101
436,93	31,560
437,14	31,805
437,34	32,898
437,55	28,426
437,75	31,884
437,95	33,753
438,16	28,282
438,36	29,698
438,57	30,401
438,77	28,175
438,97	31,345
439,18	30,873
439,38	30,093
439,58	27,689
439,79	30,917
439,99	24,271
440,20	35,119
440,40	33,864
440,60	32,131
440,81	27,096
441,01	30,332
441,21	33,521
441,42	32,683
441,62	32,069
441,83	31,482
442,03	28,395
442,23	31,244
442,44	30,215
442,64	35,587
442,84	29,289
443,05	34,065
443,25	33,290
443,45	32,118
443,66	30,494
443,86	28,362
444,06	31,077
444,27	31,016
444,47	38,356
444,67	29,402
444,88	33,257
445,08	32,129
445,28	28,865
445,49	30,869
445,69	33,888
445,90	33,088
446,10	32,538
446,30	30,811
446,51	30,332
446,71	32,269
446,91	33,316
447,12	35,794
447,32	30,901
447,52	30,912
447,72	37,449
447,93	27,415
448,13	29,427
448,33	38,881
448,54	32,578
448,74	27,666
448,94	32,463
449,15	34,609
449,35	27,184
449,55	32,116
449,76	34,245
449,96	29,496
450,16	31,198
450,37	27,054
450,57	32,662
450,77	29,188
450,98	30,491
451,18	34,523
451,38	32,784
451,58	35,601
451,79	28,410
451,99	31,181
452,19	34,741
452,40	36,505
452,60	27,934
452,80	33,665
453,00	34,388
453,21	27,122
453,41	33,989
453,61	28,694
453,82	33,150
454,02	28,748
454,22	45,282
454,42	34,730
454,63	30,556
454,83	29,384
455,03	40,126
455,24	28,907
455,44	31,695
455,64	30,434
455,84	31,791
456,05	29,760
456,25	26,241
456,45	29,794
456,65	31,753
456,86	34,563
457,06	30,445
457,26	30,789
457,47	35,271
457,67	30,138
457,87	26,288
458,07	31,699
458,28	36,375
458,48	37,539
458,68	24,357
458,88	39,627
459,09	27,512
459,29	35,961
459,49	25,518
459,69	31,796
459,90	33,667
460,10	29,681
460,30	33,567
460,50	30,243
460,71	30,574
460,91	29,774
461,11	32,556
461,31	32,377
461,52	34,547
461,72	31,057
461,92	28,561
462,12	40,009
462,32	28,557
462,53	28,854
462,73	30,774
462,93	33,817
463,13	36,117
463,34	32,233
463,54	32,348
463,74	30,153
463,94	29,186
464,14	37,331
464,35	28,417
464,55	38,405
464,75	38,746
464,95	31,198
465,16	31,249
465,36	37,089
465,56	29,349
465,76	28,344
465,96	33,368
466,17	33,242
466,37	27,387
466,57	34,872
466,77	35,359
466,97	32,171
467,18	38,933
467,38	34,803
467,58	39,232
467,78	35,151
467,98	33,139
468,19	32,156
468,39	32,850
468,59	28,759
468,79	33,168
468,99	32,005
469,19	30,733
469,40	31,475
469,60	29,040
469,80	29,477
470,00	33,456
470,20	36,441
470,41	31,211
470,61	35,169
470,81	34,731
471,01	30,788
471,21	34,135
471,41	32,614
471,62	33,747
471,82	30,939
472,02	31,953
472,22	30,546
472,42	27,157
472,62	35,750
472,83	26,495
473,03	35,282
473,23	31,475
473,43	33,031
473,63	31,320
473,83	29,792
474,03	31,889
474,24	34,474
474,44	31,891
474,64	32,675
474,84	27,040
475,04	29,417
475,24	34,148
475,45	32,129
475,65	29,792
475,85	35,129
476,05	28,122
476,25	30,016
476,45	33,541
476,65	35,033
476,85	31,036
477,06	30,899
477,26	28,436
477,46	30,161
477,66	33,319
477,86	30,938
478,06	31,971
478,26	36,665
478,46	30,352
478,67	33,368
478,87	30,703
479,07	30,654
479,27	33,420
479,47	30,941
479,67	24,275
479,87	29,052
480,07	34,191
480,28	31,742
480,48	29,704
480,68	35,193
480,88	36,859
481,08	36,446
481,28	33,410
481,48	30,401
481,68	31,223
481,88	28,188
482,08	29,277
482,29	32,653
482,49	29,343
482,69	31,173
482,89	29,520
483,09	36,614
483,29	30,886
483,49	26,064
483,69	33,791
483,89	30,507
484,09	30,049
484,29	29,088
484,50	30,975
484,70	33,086
484,90	29,657
485,10	33,198
485,30	32,116
485,50	36,536
485,70	32,060
485,90	31,053
486,10	28,608
486,30	27,022
486,50	31,797
486,70	30,169
486,90	30,088
487,10	32,971
487,30	32,259
487,51	31,033
487,71	28,725
487,91	31,715
488,11	33,787
488,31	31,986
488,51	31,391
488,71	29,846
488,91	30,696
489,11	29,977
489,31	31,080
489,51	33,719
489,71	31,586
489,91	30,799
490,11	31,475
490,31	34,821
490,51	34,279
490,71	34,260
490,91	31,170
491,11	33,008
491,31	32,980
491,51	31,703
491,72	30,781
491,92	32,239
492,12	34,463
492,32	32,422
492,52	33,668
492,72	29,585
492,92	32,408
493,12	34,507
493,32	29,814
493,52	29,852
493,72	32,945
493,92	33,848
494,12	32,666
494,32	33,199
494,52	32,154
494,72	31,541
494,92	31,734
495,12	35,199
495,32	36,735
495,52	32,322
495,72	31,090
495,92	32,863
496,12	35,745
496,32	32,516
496,52	33,013
496,72	34,516
496,92	32,791
497,12	33,986
497,32	33,889
497,52	33,447
497,72	34,166
497,92	32,452
498,12	32,090
498,32	32,720
498,52	30,836
498,72	29,589
498,92	32,664
499,12	32,939
499,32	29,959
499,52	34,402
499,72	31,544
499,92	35,335
500,12	34,330
500,32	32,366
500,52	33,737
500,72	35,634
500,91	36,564
501,11	31,757
501,31	30,492
501,51	33,700
501,71	32,486
501,91	33,354
502,11	28,965
502,31	32,501
502,51	33,216
502,71	33,027
502,91	29,508
503,11	35,027
503,31	34,856
503,51	28,947
503,71	33,111
503,91	31,836
504,11	31,675
504,31	32,782
504,51	29,175
504,71	39,976
504,91	30,005
505,10	34,478
505,30	32,986
505,50	33,636
505,70	31,805
505,90	33,684
506,10	30,862
506,30	32,921
506,50	34,105
506,70	35,054
506,90	33,992
507,10	30,308
507,30	31,672
507,50	34,394
507,70	34,761
507,89	34,793
508,09	32,860
508,29	31,123
508,49	30,886
508,69	32,763
508,89	31,215
509,09	34,245
509,29	31,613
509,49	34,838
509,69	36,202
509,89	35,254
510,09	34,862
510,28	34,348
510,48	32,389
510,68	32,322
510,88	32,370
511,08	33,650
511,28	32,947
511,48	33,043
511,68	29,523
511,88	39,257
512,07	31,556
512,27	31,862
512,47	31,643
512,67	30,846
512,87	29,245
513,07	34,650
513,27	30,824
513,47	32,633
513,67	30,828
513,86	33,072
514,06	31,480
514,26	32,579
514,46	35,118
514,66	31,483
514,86	32,311
515,06	37,287
515,26	36,311
515,45	32,283
515,65	31,720
515,85	33,468
516,05	33,551
516,25	33,628
516,45	35,042
516,65	31,367
516,84	32,237
517,04	37,183
517,24	31,986
517,44	34,392
517,64	35,799
517,84	34,622
518,04	33,385
518,23	35,754
518,43	36,607
518,63	33,634
518,83	29,864
519,03	33,065
519,23	33,906
519,42	35,747
519,62	33,218
519,82	31,807
520,02	32,188
520,22	34,989
520,42	33,936
520,61	35,482
520,81	33,913
521,01	35,452
521,21	31,268
521,41	31,577
521,61	38,228
521,80	33,171
522,00	32,571
522,20	37,365
522,40	34,568
522,60	33,531
522,79	32,367
522,99	37,512
523,19	32,830
523,39	35,317
523,59	32,938
523,78	35,209
523,98	33,024
524,18	36,585
524,38	29,563
524,58	33,276
524,77	34,649
524,97	34,471
525,17	31,532
525,37	32,898
525,57	39,528
525,76	33,479
525,96	36,428
526,16	32,624
526,36	35,102
526,56	33,703
526,75	36,661
526,95	35,749
527,15	34,460
527,35	34,096
527,55	32,033
527,74	31,453
527,94	32,995
528,14	31,669
528,34	34,335
528,53	32,856
528,73	39,382
528,93	34,453
529,13	33,764
529,32	35,177
529,52	34,538
529,72	33,129
529,92	34,853
530,12	32,661
530,31	33,752
530,51	36,392
530,71	33,993
530,91	39,581
531,10	31,142
531,30	34,595
531,50	29,870
531,70	35,416
531,89	35,499
532,09	31,516
532,29	34,700
532,49	32,576
532,68	35,076
532,88	32,352
533,08	32,253
533,28	34,064
533,47	36,231
533,67	34,984
533,87	32,480
534,06	41,150
534,26	32,204
534,46	33,459
534,66	36,559
534,85	36,173
535,05	30,460
535,25	32,039
535,45	31,596
535,64	37,374
535,84	36,054
536,04	30,315
536,23	35,544
536,43	37,347
536,63	36,935
536,83	34,112
537,02	35,920
537,22	31,169
537,42	36,549
537,61	35,921
537,81	34,105
538,01	36,979
538,20	37,675
538,40	34,045
538,60	34,748
538,80	34,572
538,99	38,541
539,19	36,820
539,39	37,075
539,58	39,803
539,78	36,318
539,98	37,911
540,17	35,942
540,37	41,596
540,57	36,785
540,76	37,535
540,96	34,646
541,16	39,941
541,36	40,664
541,55	38,213
541,75	36,294
541,95	42,864
542,14	39,365
542,34	37,127
542,54	37,839
542,73	41,568
542,93	39,007
543,13	39,474
543,32	39,302
543,52	45,399
543,72	39,789
543,91	42,663
544,11	39,052
544,31	36,606
544,50	39,439
544,70	40,913
544,89	39,983
545,09	42,467
545,29	40,547
545,48	39,909
545,68	36,729
545,88	37,351
546,07	36,498
546,27	38,030
546,47	39,162
546,66	37,585
546,86	36,894
547,06	39,560
547,25	37,254
547,45	35,131
547,64	37,300
547,84	40,488
548,04	36,466
548,23	39,859
548,43	35,248
548,63	37,395
548,82	34,355
549,02	36,192
549,21	33,865
549,41	35,262
549,61	36,534
549,80	35,460
550,00	35,539
550,20	33,338
550,39	36,218
550,59	36,856
550,78	36,799
550,98	36,475
551,18	37,014
551,37	35,083
551,57	34,814
551,76	35,867
551,96	33,962
552,16	33,227
552,35	35,356
552,55	33,038
552,74	32,959
552,94	36,773
553,14	32,287
553,33	36,648
553,53	34,771
553,72	32,989
553,92	37,542
554,12	32,624
554,31	35,993
554,51	33,907
554,70	32,108
554,90	34,838
555,09	36,931
555,29	32,878
555,49	34,761
555,68	38,031
555,88	33,981
556,07	33,213
556,27	38,086
556,46	34,845
556,66	33,116
556,86	40,168
557,05	34,683
557,25	33,600
557,44	34,538
557,64	32,551
557,83	33,880
558,03	33,398
558,22	31,454
558,42	34,114
558,62	36,056
558,81	34,554
559,01	35,279
559,20	35,244
559,40	35,279
559,59	35,105
559,79	31,954
559,98	34,358
560,18	33,567
560,37	35,266
560,57	33,727
560,76	32,417
560,96	30,835
561,16	35,644
561,35	32,290
561,55	35,820
561,74	34,052
561,94	35,673
562,13	34,164
562,33	34,628
562,52	35,390
562,72	32,696
562,91	34,445
563,11	34,146
563,30	34,396
563,50	32,916
563,69	33,282
563,89	30,878
564,08	34,213
564,28	33,067
564,47	36,405
564,67	32,692
564,86	31,575
565,06	34,170
565,25	33,257
565,45	32,329
565,64	36,675
565,84	32,267
566,03	31,575
566,23	33,162
566,42	34,353
566,62	32,900
566,81	35,018
567,01	30,977
567,20	34,541
567,40	34,021
567,59	32,017
567,79	37,165
567,98	35,780
568,18	32,386
568,37	34,726
568,57	33,426
568,76	34,705
568,96	34,566
569,15	31,685
569,35	35,053
569,54	38,310
569,73	33,800
569,93	33,820
570,12	33,664
570,32	36,627
570,51	34,028
570,71	33,390
570,90	35,443
571,10	32,718
571,29	33,577
571,49	32,001
571,68	35,022
571,87	36,224
572,07	34,767
572,26	29,367
572,46	32,724
572,65	33,746
572,85	32,369
573,04	35,208
573,24	32,687
573,43	36,692
573,62	34,646
573,82	34,320
574,01	34,756
574,21	32,090
574,40	33,139
574,60	31,356
574,79	36,604
574,98	33,124
575,18	34,445
575,37	32,385
575,57	32,559
575,76	34,570
575,96	33,378
576,15	34,137
576,34	33,736
576,54	34,634
576,73	34,304
576,93	33,715
577,12	35,126
577,31	33,917
577,51	33,292
577,70	33,989
577,90	34,610
578,09	34,604
578,28	33,191
578,48	34,000
578,67	35,001
578,87	34,417
579,06	33,847
579,25	33,863
579,45	35,594
579,64	33,638
579,84	33,135
580,03	34,840
580,22	35,664
580,42	33,339
580,61	34,338
580,81	34,362
581,00	33,778
581,19	36,964
581,39	34,121
581,58	33,792
581,77	33,195
581,97	36,825
582,16	34,151
582,35	32,188
582,55	34,248
582,74	35,017
582,94	35,246
583,13	35,091
583,32	34,059
583,52	36,119
583,71	34,678
583,90	35,370
584,10	36,153
584,29	36,820
584,48	32,483
584,68	33,146
584,87	35,884
585,06	35,150
585,26	32,819
585,45	33,843
585,65	36,163
585,84	33,754
586,03	34,204
586,23	33,784
586,42	34,292
586,61	38,234
586,81	34,253
587,00	33,035
587,19	34,545
587,39	37,165
587,58	35,147
587,77	34,469
587,97	34,095
588,16	34,756
588,35	33,860
588,54	33,588
588,74	33,949
588,93	37,050
589,12	35,315
589,32	32,877
589,51	33,252
589,70	32,882
589,90	32,762
590,09	32,510
590,28	36,707
590,48	30,640
590,67	36,079
590,86	33,561
591,06	33,210
591,25	36,078
591,44	35,125
591,63	34,159
591,83	33,776
592,02	33,396
592,21	34,321
592,41	34,212
592,60	35,512
592,79	35,268
592,98	35,522
593,18	32,020
593,37	32,352
593,56	35,162
593,76	34,842
593,95	32,318
594,14	33,897
594,33	36,500
594,53	33,599
594,72	33,411
594,91	33,915
595,10	33,554
595,30	33,354
595,49	33,710
595,68	34,465
595,88	35,623
596,07	35,201
596,26	35,182
596,45	32,633
596,65	32,202
596,84	33,673
597,03	35,151
597,22	33,167
597,42	34,665
597,61	32,431
597,80	35,012
597,99	33,493
598,19	35,519
598,38	33,620
598,57	32,403
598,76	35,682
598,95	33,756
599,15	34,470
599,34	32,756
599,53	32,703
599,72	32,978
599,92	36,548
600,11	34,554
600,30	34,050
600,49	36,678
600,69	33,521
600,88	33,785
601,07	33,257
601,26	31,249
601,45	32,701
601,65	32,592
601,84	34,588
602,03	34,211
602,22	33,693
602,42	36,785
602,61	32,592
602,80	35,525
602,99	33,237
603,18	32,419
603,38	35,841
603,57	32,122
603,76	32,306
603,95	32,267
604,14	35,563
604,34	32,126
604,53	31,679
604,72	33,865
604,91	34,944
605,10	35,049
605,29	35,681
605,49	31,667
605,68	34,562
605,87	38,603
606,06	33,174
606,25	32,403
606,45	35,227
606,64	32,033
606,83	35,999
607,02	33,165
607,21	35,293
607,40	34,902
607,60	33,108
607,79	34,359
607,98	34,486
608,17	34,638
608,36	34,316
608,55	35,389
608,75	36,549
608,94	37,101
609,13	35,016
609,32	34,267
609,51	36,644
609,70	36,970
609,89	35,676
610,09	35,962
610,28	36,386
610,47	36,215
610,66	35,194
610,85	33,725
611,04	37,373
611,23	35,636
611,43	35,869
611,62	36,536
611,81	34,401
612,00	36,468
612,19	34,169
612,38	36,759
612,57	37,042
612,77	35,765
612,96	34,808
613,15	35,249
613,34	35,058
613,53	33,596
613,72	35,425
613,91	32,221
614,10	34,245
614,29	35,562
614,49	32,791
614,68	34,187
614,87	34,011
615,06	35,803
615,25	32,947
615,44	34,852
615,63	34,161
615,82	32,522
616,01	35,455
616,21	30,977
616,40	35,411
616,59	35,483
616,78	32,719
616,97	33,282
617,16	32,747
617,35	35,328
617,54	32,182
617,73	34,303
617,92	33,979
618,11	34,687
618,31	34,167
618,50	34,440
618,69	34,147
618,88	33,344
619,07	30,945
619,26	32,316
619,45	33,212
619,64	31,150
619,83	32,445
620,02	32,895
620,21	35,755
620,40	33,814
620,59	33,984
620,78	33,073
620,97	34,032
621,17	36,011
621,36	33,308
621,55	32,704
621,74	34,639
621,93	34,531
622,12	32,911
622,31	31,761
622,50	34,322
622,69	35,615
622,88	34,556
623,07	36,028
623,26	35,061
623,45	35,888
623,64	33,897
623,83	33,163
624,02	34,524
624,21	34,331
624,40	34,407
624,59	30,708
624,78	33,489
624,97	35,569
625,16	31,545
625,35	32,246
625,54	31,343
625,73	32,501
625,92	34,605
626,12	34,680
626,31	33,896
626,50	34,582
626,69	33,426
626,88	34,677
627,07	33,913
627,26	34,402
627,45	34,249
627,64	32,001
627,83	34,248
628,02	31,811
628,21	33,852
628,40	34,400
628,59	35,749
628,78	32,168
628,97	33,759
629,16	32,888
629,35	32,569
629,54	33,748
629,73	34,937
629,92	31,430
630,10	33,952
630,29	34,679
630,48	31,503
630,67	31,799
630,86	33,793
631,05	32,790
631,24	34,110
631,43	32,409
631,62	34,844
631,81	32,233
632,00	33,741
632,19	31,104
632,38	34,419
632,57	33,938
632,76	30,755
632,95	34,786
633,14	34,184
633,33	36,103
633,52	32,836
633,71	33,301
633,90	29,556
634,09	33,365
634,28	33,504
634,47	31,286
634,66	33,393
634,85	32,394
635,04	34,969
635,22	32,281
635,41	32,256
635,60	34,140
635,79	35,114
635,98	31,280
636,17	32,359
636,36	30,754
636,55	30,877
636,74	31,406
636,93	32,825
637,12	31,473
637,31	30,859
637,50	32,706
637,69	33,305
637,87	33,612
638,06	30,901
638,25	30,935
638,44	32,531
638,63	32,446
638,82	31,495
639,01	31,197
639,20	32,189
639,39	34,244
639,58	32,173
639,77	32,829
639,95	32,053
640,14	33,559
640,33	32,538
640,52	32,717
640,71	34,803
640,90	32,785
641,09	34,493
641,28	32,995
641,47	33,666
641,66	33,234
641,84	34,256
642,03	29,725
642,22	32,602
642,41	35,814
642,60	31,984
642,79	34,142
642,98	33,610
643,17	32,408
643,35	31,506
643,54	32,906
643,73	32,722
643,92	32,061
644,11	33,295
644,30	31,762
644,49	34,266
644,67	31,634
644,86	32,733
645,05	33,251
645,24	32,471
645,43	31,368
645,62	31,417
645,81	29,812
645,99	31,546
646,18	34,086
646,37	31,636
646,56	32,544
646,75	32,602
646,94	34,615
647,13	32,172
647,31	32,951
647,50	31,479
647,69	34,625
647,88	31,596
648,07	34,111
648,26	36,357
648,44	32,338
648,63	34,376
648,82	32,140
649,01	34,058
649,20	30,991
649,38	33,380
649,57	32,011
649,76	32,180
649,95	32,790
650,14	32,163
650,33	33,874
650,51	32,104
650,70	33,802
650,89	33,701
651,08	32,863
651,27	34,357
651,45	32,900
651,64	31,433
651,83	31,561
652,02	30,847
652,21	32,243
652,39	33,953
652,58	34,312
652,77	35,695
652,96	32,879
653,15	34,269
653,33	33,253
653,52	33,188
653,71	34,971
653,90	32,491
654,09	32,465
654,27	31,352
654,46	33,123
654,65	33,010
654,84	32,025
655,02	33,894
655,21	31,923
655,40	33,648
655,59	32,762
655,77	32,880
655,96	33,296
656,15	34,871
656,34	32,838
656,53	33,091
656,71	33,242
656,90	35,569
657,09	33,698
657,28	35,595
657,46	31,886
657,65	31,412
657,84	33,216
658,03	33,145
658,21	34,591
658,40	31,327
658,59	32,199
658,78	32,397
658,96	33,304
659,15	33,139
659,34	32,271
659,52	33,712
659,71	32,852
659,90	32,063
660,09	31,887
660,27	33,343
660,46	35,712
660,65	33,730
660,84	31,968
661,02	33,871
661,21	35,017
661,40	34,568
661,58	33,889
661,77	32,479
661,96	30,916
662,15	33,757
662,33	34,587
662,52	32,689
662,71	32,081
662,89	32,149
663,08	33,320
663,27	34,554
663,45	31,832
663,64	34,015
663,83	32,468
664,02	30,996
664,20	35,067
664,39	32,860
664,58	33,394
664,76	32,423
664,95	34,133
665,14	32,801
665,32	32,399
665,51	34,288
665,70	33,350
665,88	33,573
666,07	32,553
666,26	35,172
666,44	35,120
666,63	31,420
666,82	31,474
667,00	31,065
667,19	31,945
667,38	33,058
667,56	33,041
667,75	33,277
667,94	32,664
668,12	32,472
668,31	34,095
668,50	33,944
668,68	34,317
668,87	32,840
669,06	32,784
669,24	34,705
669,43	32,432
669,62	32,843
669,80	31,585
669,99	33,307
670,18	32,682
670,36	31,625
670,55	34,721
670,74	32,570
670,92	30,559
671,11	35,388
671,29	30,762
671,48	32,144
671,67	32,519
671,85	32,065
672,04	32,468
672,23	32,446
672,41	32,618
672,60	33,041
672,78	33,068
672,97	31,721
673,16	34,595
673,34	33,559
673,53	30,806
673,71	32,503
673,90	33,447
674,09	33,087
674,27	33,764
674,46	33,156
674,64	32,316
674,83	32,192
675,02	31,441
675,20	31,292
675,39	31,732
675,57	31,649
675,76	32,044
675,95	35,797
676,13	32,409
676,32	31,896
676,50	32,550
676,69	31,518
676,88	32,840
677,06	31,361
677,25	32,697
677,43	34,414
677,62	33,630
677,80	32,559
677,99	32,846
678,18	33,523
678,36	34,713
678,55	30,438
678,73	30,192
678,92	32,238
679,10	32,825
679,29	32,523
679,48	30,650
679,66	32,812
679,85	33,054
680,03	33,484
680,22	31,394
680,40	32,800
680,59	32,126
680,77	31,127
680,96	31,992
681,15	32,395
681,33	36,255
681,52	31,788
681,70	32,205
681,89	35,159
682,07	32,548
682,26	32,018
682,44	34,189
682,63	32,055
682,81	33,574
683,00	31,492
683,18	31,061
683,37	32,606
683,55	32,286
683,74	33,528
683,92	37,600
684,11	33,637
684,29	31,599
684,48	31,408
684,67	31,715
684,85	31,367
685,04	32,411
685,22	33,949
685,41	32,572
685,59	33,145
685,78	31,375
685,96	32,408
686,15	31,553
686,33	31,557
686,52	32,258
686,70	31,291
686,89	32,231
687,07	32,835
687,26	32,235
687,44	32,202
687,62	32,081
687,81	32,196
687,99	32,918
688,18	33,011
688,36	33,436
688,55	34,555
688,73	32,072
688,92	30,894
689,10	32,158
689,29	33,415
689,47	34,485
689,66	32,120
689,84	32,108
690,03	36,329
690,21	31,089
690,40	31,252
690,58	31,394
690,76	30,734
690,95	33,065
691,13	31,480
691,32	32,278
691,50	32,130
691,69	34,221
691,87	31,823
692,06	33,143
692,24	30,834
692,43	34,243
692,61	33,295
692,79	31,895
692,98	30,937
693,16	33,956
693,35	30,928
693,53	33,843
693,72	33,044
693,90	35,173
694,08	32,063
694,27	32,197
694,45	33,071
694,64	35,414
694,82	32,154
695,01	32,776
695,19	31,469
695,37	32,742
695,56	31,497
695,74	33,507
695,93	33,225
696,11	31,710
696,29	33,077
696,48	34,634
696,66	33,714
696,85	30,771
697,03	30,505
697,21	32,285
697,40	34,322
697,58	33,616
697,77	33,210
697,95	32,343
698,13	31,824
698,32	31,757
698,50	30,962
698,69	31,937
698,87	33,496
699,05	34,682
699,24	32,278
699,42	32,751
699,60	30,334
699,79	30,898
699,97	30,178
700,16	30,728
700,34	36,097
700,52	30,916
700,71	32,182
700,89	30,534
701,07	30,621
701,26	31,968
701,44	30,924
701,63	31,730
701,81	33,310
701,99	32,833
702,18	32,652
702,36	32,040
702,54	33,436
702,73	32,437
702,91	31,008
703,09	30,702
703,28	30,626
703,46	31,995
703,64	31,943
703,83	33,310
704,01	32,823
704,19	33,131
704,38	30,667
704,56	31,735
704,74	33,868
704,93	31,145
705,11	32,783
705,29	31,961
705,48	35,105
705,66	33,081
705,84	32,191
706,03	28,793
706,21	31,548
706,39	30,157
706,58	29,651
706,76	33,201
706,94	33,118
707,12	32,662
707,31	30,840
707,49	32,621
707,67	31,752
707,86	34,740
708,04	33,370
708,22	32,936
708,41	33,289
708,59	30,914
708,77	32,810
708,95	32,091
709,14	36,218
709,32	33,554
709,50	30,687
709,69	32,842
709,87	30,466
710,05	30,778
710,23	31,597
710,42	32,075
710,60	33,124
710,78	35,668
710,97	31,811
711,15	32,894
711,33	32,575
711,51	31,248
711,70	31,901
711,88	32,332
712,06	34,615
712,24	33,467
712,43	32,863
712,61	31,482
712,79	31,272
712,97	31,241
713,16	32,012
713,34	30,124
713,52	33,965
713,70	31,084
713,89	32,253
714,07	29,488
714,25	31,428
714,43	33,287
714,62	31,569
714,80	30,397
714,98	29,949
715,16	31,266
715,35	30,612
715,53	32,433
715,71	34,650
715,89	35,438
716,07	32,060
716,26	31,119
716,44	35,001
716,62	32,582
716,80	33,126
716,99	32,699
717,17	33,513
717,35	32,379
717,53	31,384
717,71	32,467
717,90	33,578
718,08	32,940
718,26	31,618
718,44	33,931
718,62	33,726
718,81	33,084
718,99	30,075
719,17	30,805
719,35	31,610
719,53	32,327
719,72	30,114
719,90	30,146
720,08	31,968
720,26	33,149
720,44	30,621
720,62	30,383
720,81	35,220
720,99	35,026
721,17	31,601
721,35	33,983
721,53	29,892
721,72	36,051
721,90	32,074
722,08	30,232
722,26	31,783
722,44	32,446
722,62	30,888
722,81	31,823
722,99	32,049
723,17	32,799
723,35	33,399
723,53	33,266
723,71	32,184
723,89	37,198
724,08	32,698
724,26	32,625
724,44	30,708
724,62	33,503
724,80	29,229
724,98	32,846
725,16	35,031
725,35	31,269
725,53	32,005
725,71	31,076
725,89	30,755
726,07	36,647
726,25	34,902
726,43	30,330
726,61	32,648
726,80	33,212
726,98	30,842
727,16	30,342
727,34	32,283
727,52	31,455
727,70	32,069
727,88	31,468
728,06	29,349
728,25	30,387
728,43	31,044
728,61	31,846
728,79	30,748
728,97	34,696
729,15	31,470
729,33	34,458
729,51	33,152
729,69	32,246
729,87	30,741
730,06	33,841
730,24	32,782
730,42	34,945
730,60	32,147
730,78	31,921
730,96	32,995
731,14	33,025
731,32	32,614
731,50	30,759
731,68	29,900
731,86	34,649
732,04	31,123
732,22	31,822
732,41	39,260
732,59	30,864
732,77	32,110
732,95	33,182
733,13	33,415
733,31	32,307
733,49	31,162
733,67	32,103
733,85	35,118
734,03	32,064
734,21	31,109
734,39	32,190
734,57	32,275
734,75	34,490
734,93	29,953
735,11	32,772
735,29	30,566
735,47	33,140
735,65	30,695
735,84	31,770
736,02	33,162
736,20	35,361
736,38	31,794
736,56	32,946
736,74	30,298
736,92	32,294
737,10	30,090
737,28	33,529
737,46	32,445
737,64	31,185
737,82	31,809
738,00	34,204
738,18	32,740
738,36	32,755
738,54	32,556
738,72	32,253
738,90	32,276
739,08	33,174
739,26	30,750
739,44	32,277
739,62	35,218
739,80	33,384
739,98	32,087
740,16	32,393
740,34	32,122
740,52	35,212
740,70	30,867
740,88	30,966
741,06	31,960
741,24	32,427
741,42	31,353
741,60	31,238
741,78	33,358
741,96	33,928
742,14	32,680
742,32	31,778
742,50	30,004
742,68	32,487
742,86	32,068
743,04	29,760
743,21	34,046
743,39	33,592
743,57	32,181
743,75	32,251
743,93	31,065
744,11	28,748
744,29	33,007
744,47	31,044
744,65	33,264
744,83	31,121
745,01	31,400
745,19	30,487
745,37	35,198
745,55	32,696
745,73	34,663
745,91	31,618
746,09	32,516
746,27	31,110
746,45	32,963
746,62	32,695
746,80	31,444
746,98	30,732
747,16	29,575
747,34	31,289
747,52	32,147
747,70	33,086
747,88	32,831
748,06	33,820
748,24	32,822
748,42	35,330
748,60	33,365
748,78	29,089
748,95	35,326
749,13	36,509
749,31	31,346
749,49	31,970
749,67	34,039
749,85	34,570
750,03	31,949
750,21	32,443
750,39	33,531
750,57	29,786
750,74	33,561
750,92	30,910
751,10	33,468
751,28	29,927
751,46	32,499
751,64	32,151
751,82	34,035
752,00	32,814
752,17	33,189
752,35	34,990
752,53	34,374
752,71	33,361
752,89	30,575
753,07	31,851
753,25	32,965
753,43	30,133
753,60	34,695
753,78	32,959
753,96	34,291
754,14	33,287
754,32	36,359
754,50	32,768
754,68	33,951
754,85	30,771
755,03	32,734
755,21	33,694
755,39	35,420
755,57	32,965
755,75	33,957
755,92	32,886
756,10	33,592
756,28	32,390
756,46	31,640
756,64	31,870
756,82	32,116
756,99	31,219
757,17	29,605
757,35	31,567
757,53	35,713
757,71	34,134
757,89	30,677
758,06	33,386
758,24	34,292
758,42	32,565
758,60	30,660
758,78	32,947
758,95	33,326
759,13	33,174
759,31	33,761
759,49	31,015
759,67	32,417
759,84	30,403
760,02	32,603
760,20	31,575
760,38	33,903
760,56	30,377
760,73	30,156
760,91	31,578
761,09	34,293
761,27	30,906
761,45	32,088
761,62	28,931
761,80	30,746
761,98	32,586
762,16	34,508
762,33	31,371
762,51	32,931
762,69	31,856
762,87	32,238
763,05	33,185
763,22	31,882
763,40	31,742
763,58	31,276
763,76	31,203
763,93	33,217
764,11	35,153
764,29	34,664
764,47	33,874
764,64	33,593
764,82	34,406
765,00	34,502
765,18	29,820
765,35	32,639
765,53	30,287
765,71	33,240
765,89	32,163
766,06	30,111
766,24	31,296
766,42	32,602
766,60	30,108
766,77	30,718
766,95	31,274
767,13	32,128
767,30	32,448
767,48	30,394
767,66	32,187
767,84	28,596
768,01	31,447
768,19	34,919
768,37	29,561
768,54	31,182
768,72	32,647
768,90	31,086
769,08	33,372
769,25	31,427
769,43	31,071
769,61	30,453
769,78	33,623
769,96	31,526
770,14	34,189
770,31	34,158
770,49	36,382
770,67	32,650
770,85	32,511
771,02	33,758
771,20	32,072
771,38	32,355
771,55	31,943
771,73	28,888
771,91	33,182
772,08	33,347
772,26	32,938
772,44	33,150
772,61	34,852
772,79	30,117
772,97	30,614
773,14	28,456
773,32	33,852
773,50	30,991
773,67	33,221
773,85	35,606
774,03	34,058
774,20	31,636
774,38	31,539
774,56	33,109
774,73	30,475
774,91	30,781
775,09	31,577
775,26	34,197
775,44	32,333
775,61	32,604
775,79	32,134
775,97	33,621
776,14	31,244
776,32	32,167
776,50	32,372
776,67	32,406
776,85	33,699
777,03	29,436
777,20	33,377
777,38	34,563
777,55	33,774
777,73	32,730
777,91	30,369
778,08	31,417
778,26	30,595
778,43	33,527
778,61	32,049
778,79	30,444
778,96	33,622
779,14	30,111
779,32	33,338
779,49	30,436
779,67	37,467
779,84	34,855
780,02	33,148
780,20	31,740
780,37	35,095
780,55	26,429
780,72	31,727
780,90	30,620
781,07	33,521
781,25	35,149
781,43	33,227
781,60	31,687
781,78	34,375
781,95	33,430
782,13	32,144
782,30	31,939
782,48	32,305
782,66	30,830
782,83	31,525
783,01	39,811
783,18	34,238
783,36	34,223
783,53	35,178
783,71	29,844
783,89	31,602
784,06	31,018
784,24	32,561
784,41	32,725
784,59	29,586
784,76	37,535
784,94	31,476
785,11	33,066
785,29	33,350
785,46	31,566
785,64	30,225
785,82	33,726
785,99	34,997
786,17	34,479
786,34	31,484
786,52	36,763
786,69	35,845
786,87	33,099
787,04	32,313
787,22	32,122
787,39	32,747
787,57	35,724
787,74	31,020
787,92	37,512
788,09	33,384
788,27	33,293
788,44	30,703
788,62	36,379
788,79	30,432
788,97	33,395
789,14	32,937
789,32	33,057
789,49	31,964
789,67	33,012
789,84	31,060
790,02	34,083
790,19	30,714
790,37	33,790
790,54	32,300
790,72	36,323
790,89	35,203
791,07	35,680
791,24	28,129
791,42	34,152
791,59	36,306
791,77	31,014
791,94	32,459
792,12	32,677
792,29	34,375
792,47	32,905
792,64	34,475
792,81	36,138
792,99	29,753
793,16	32,163
793,34	32,990
793,51	34,120
793,69	34,033
793,86	32,193
794,04	33,262
794,21	37,421
794,39	29,459
794,56	31,750
794,73	36,673
794,91	35,149
795,08	33,013
795,26	34,109
795,43	28,586
795,61	36,530
795,78	32,636
795,95	35,365
796,13	34,197
796,30	35,644
796,48	31,343
796,65	28,628
796,83	36,845
797,00	35,702
797,17	32,586
797,35	32,262
797,52	33,552
797,70	35,765
797,87	35,407
798,04	36,616
798,22	32,890
798,39	32,902
798,57	32,725
798,74	34,553
798,91	31,602
799,09	32,343
799,26	35,584
799,44	35,895
799,61	30,469
799,78	30,811
799,96	38,132
800,13	31,187
800,31	38,270
800,48	35,024
800,65	38,011
800,83	35,072
801,00	33,012
801,17	34,570
801,35	36,787
801,52	37,085
801,70	35,646
801,87	34,380
802,04	35,283
802,22	28,092
802,39	33,757
802,56	36,012
802,74	37,755
802,91	30,254
803,08	31,860
803,26	34,577
803,43	39,155
803,61	27,603
803,78	32,924
803,95	37,036
804,13	35,743
804,30	34,472
804,47	35,660
804,65	35,387
804,82	34,986
804,99	37,712
805,17	32,132
805,34	43,502
805,51	36,599
805,69	32,637
805,86	38,740
806,03	42,146
806,21	38,004
806,38	36,670
806,55	30,563
806,72	35,355
806,90	42,103
807,07	35,498
807,24	29,970
807,42	30,167
807,59	33,504
807,76	31,545
807,94	37,045
808,11	39,609
808,28	40,398
808,45	32,631
808,63	31,243
808,80	38,816
808,97	32,913
809,15	34,682
809,32	36,492
809,49	34,495
809,67	36,450
809,84	36,589
810,01	38,173
810,18	47,109
810,36	39,479
810,53	30,610
810,70	38,177
810,87	36,243
811,05	37,096
811,22	35,467
811,39	32,796
811,57	36,112
811,74	33,759
811,91	36,940
812,08	36,170
812,26	30,657
812,43	31,477
812,60	42,251
812,77	33,296
812,95	38,173
813,12	34,352
813,29	33,693
813,46	33,075
813,64	39,062
813,81	36,970
813,98	37,785
814,15	38,328
814,32	39,238
814,50	36,775
814,67	32,762
814,84	41,141
815,01	33,916
815,19	31,795
815,36	35,810
815,53	34,588
815,70	35,564
815,87	39,377
816,05	33,432
816,22	38,020
816,39	42,023
816,56	37,053
816,74	40,101
816,91	40,599
817,08	41,433
817,25	40,537
817,42	41,642
817,60	39,109
817,77	42,085
817,94	31,478
818,11	32,977
818,28	31,254
818,45	40,045
818,63	35,646
818,80	35,741
818,97	34,011
819,14	39,293
819,31	39,599
819,49	34,995
819,66	29,814
819,83	41,738
820,00	40,082
820,17	32,378
820,34	38,341
820,52	36,643
820,69	39,571
820,86	35,102
821,03	36,001
821,20	39,630
821,37	41,480
821,55	35,291
821,72	31,054
821,89	40,869
822,06	42,026
822,23	34,672
822,40	33,878
822,57	38,877
822,75	40,939
822,92	29,093
823,09	40,105
823,26	38,248
823,43	40,146
823,60	35,285
823,77	36,677
823,94	45,084
824,12	43,942
824,29	29,917
824,46	41,248
824,63	49,543
824,80	40,392
824,97	36,017
825,14	35,101
825,31	40,368
825,49	34,578
825,66	22,635
825,83	37,708
826,00	33,553
826,17	46,673
826,34	40,205
826,51	32,096
826,68	34,157
826,85	37,279
827,02	29,948
827,20	34,128
827,37	33,111
827,54	36,323
827,71	40,076
827,88	35,459
828,05	40,867
828,22	37,667
828,39	37,928
828,56	40,136
828,73	33,072
828,90	36,148
829,07	40,285
829,25	33,738
829,42	39,182
829,59	33,622
829,76	33,453
829,93	38,774
830,10	33,847
830,27	36,289
830,44	33,456
830,61	30,276
830,78	34,340
830,95	40,495
831,12	37,363
831,29	33,436
831,46	29,628
831,63	36,337
831,80	37,622
831,97	33,144
832,14	42,772
832,31	42,771
832,48	33,887
832,65	43,209
832,83	34,486
833,00	40,965
833,17	33,592
833,34	42,282
833,51	38,351
833,68	46,431
833,85	37,214
834,02	30,788
834,19	40,755
834,36	37,257
834,53	35,545
834,70	36,440
834,87	52,158
835,04	35,787
835,21	39,032
835,38	42,286
835,55	29,929
835,72	53,519
835,89	36,951
836,06	29,839
836,23	47,211
836,40	33,269
836,57	33,066
836,74	41,711
836,91	34,611
837,08	46,477
837,25	35,084
837,42	33,037
837,59	32,704
837,76	47,053
837,93	39,103
838,09	36,936
838,26	36,973
838,43	49,323
838,60	44,737
838,77	36,598
838,94	37,983
839,11	57,083
839,28	47,093
839,45	38,828
839,62	36,433
839,79	31,927
839,96	35,356
840,13	40,930
840,30	36,657
840,47	40,280
840,64	48,336
840,81	39,974
840,98	37,345
841,15	48,605
841,32	36,518
841,48	45,650
841,65	38,794
841,82	37,248
841,99	37,077
842,16	41,325
842,33	36,356
842,50	42,227
842,67	24,369
842,84	39,170
843,01	47,439
843,18	36,955
843,35	44,087
843,52	40,175
843,68	45,820
843,85	38,418
844,02	29,861
844,19	38,304
844,36	37,765
844,53	32,472
844,70	27,066
844,87	54,365
845,04	44,666
845,21	28,055
845,37	48,543
845,54	31,059
845,71	37,194
845,88	64,298
846,05	34,658
846,22	26,549
846,39	39,406
846,56	45,143
846,72	26,081
846,89	34,339
847,06	47,748
847,23	47,073
847,40	28,268
847,57	35,278
847,74	35,067
847,90	55,659
848,07	47,906
848,24	45,491
848,41	53,004
848,58	63,129
848,75	43,507
848,92	29,607
849,08	34,370
849,25	37,353
849,42	29,183
849,59	38,934
849,76	35,388
849,93	47,482
850,09	50,872
850,26	28,653
850,43	60,597
850,60	28,796
850,77	31,256
850,94	44,857
851,10	39,161
851,27	30,771
851,44	44,329
851,61	33,083
851,78	60,806
851,95	51,716
852,11	37,978
852,28	33,677
852,45	54,328
852,62	61,349
852,79	44,671
852,95	41,088
853,12	47,214
853,29	42,827
853,46	29,749
853,63	43,090
853,79	38,921
853,96	36,805
854,13	55,691
854,30	35,712
854,46	65,093
854,63	35,776
854,80	40,852
854,97	43,343
855,14	71,983
855,30	43,878
855,47	53,077
855,64	47,732
855,81	34,869
855,97	65,650
856,14	48,944
856,31	25,860
856,48	57,488
856,65	59,799
856,81	51,264
856,98	33,628
857,15	23,754
857,32	46,836
857,48	37,698
857,65	59,438
857,82	62,878
857,99	49,892
858,15	51,533
858,32	39,236
858,49	39,933
858,65	72,275
858,82	47,539
858,99	49,279
859,16	54,492
859,32	53,342
859,49	49,885
859,66	59,313
859,83	46,904
859,99	30,808
860,16	35,655
860,33	40,067
860,49	51,506
860,66	45,889
860,83	36,536
861,00	47,781
861,16	71,978
861,33	58,553
861,50	22,212
861,66	65,496
861,83	57,921
862,00	43,410
862,16	34,493
862,33	44,796
862,50	79,746
862,67	48,286
862,83	48,766
863,00	43,320
863,17	59,262
863,33	56,496
863,50	29,968
863,67	49,879
863,83	52,718
864,00	65,807
864,17	53,882
864,33	34,158
864,50	44,628
864,67	56,983
864,83	39,325
865,00	54,388
865,17	26,330
865,33	52,047
865,50	44,303
865,67	45,653
865,83	56,682
866,00	65,093
866,17	45,184
866,33	53,360
866,50	43,704
866,66	48,653
866,83	42,237
867,00	62,446
867,16	96,142
867,33	98,076
867,50	53,139
867,66	46,831
867,83	55,900
868,00	51,502
868,16	55,300
868,33	40,754
868,49	34,201
868,66	73,520
868,83	44,733
868,99	43,468
869,16	91,733
869,32	72,075
869,49	42,553
869,66	27,190
869,82	79,502
869,99	59,426
870,15	41,774
870,32	75,542
870,49	125,495
870,65	95,222
870,82	54,534
870,98	69,667
871,15	92,994
871,32	75,578
871,48	56,869
871,65	62,221
871,81	42,257
871,98	25,895
872,15	41,678
872,31	21,144
872,48	84,318
872,64	62,209
872,81	57,956
872,97	53,487
873,14	91,918
873,31	64,359
873,47	63,660
873,64	75,040
873,80	119,124
873,97	92,466
874,13	57,070
874,30	46,466
874,46	59,030
874,63	73,698
874,80	34,806
874,96	31,187
875,13	90,486
875,29	56,565
875,46	68,076
875,62	49,427
875,79	96,877
875,95	67,854
876,12	25,395
876,28	1,653
876,45	112,655
876,61	35,776
876,78	47,895
876,94	23,015
877,11	79,709
877,27	184,573
877,44	79,455
877,60	57,555
877,77	58,734
877,94	148,247
878,10	49,662
878,27	83,679
878,43	148,030
878,60	61,788
878,76	81,232
878,93	99,815
879,09	54,528
879,26	135,804
879,42	65,406
879,58	57,333
879,75	102,802
879,91	128,974
880,08	34,360
880,24	82,398
880,41	9,724
880,57	89,826
880,74	157,138
880,90	58,687
881,07	85,698
881,23	138,315
881,40	92,576
881,56	43,733
881,73	165,731
881,89	92,842
882,06	68,587
882,22	148,885
882,38	120,404
882,55	134,890
882,71	87,524
882,88	52,253
883,04	77,790
883,21	117,331
883,37	153,201
883,54	95,236
883,70	234,377
883,86	132,729
884,03	141,829
884,19	100,779
884,36	161,558
884,52	147,573
884,69	104,078
884,85	57,852
885,01	79,343
885,18	149,460
885,34	92,063
885,51	66,496
885,67	98,027
>>>>> Data<<<<< Espectral Procesado Extremo
