Fichero De Datos De SpectraSuite
++++++++++++++++++++++++++++++++++++
Fecha: Wed Apr 22 08:58:21 CEST 2009
Usuario: evoflor
Presente Oscuro Del Espectro: Sí
La Referencia de Presente Del Espectro De: Sí
Muestreados de los componentes de Número de espectros: 1
Espectrómetros: USB4F02353
Tiempo de integración (usec): 500000 (USB4F02353)
Promedio de Espectros Hechos un: 5 (USB4F02353)
El Alisar Del Furgón: 0 (USB4F02353)
Párrafo de de Corregir del la del del de Eléctrica del obscuridad: Sí (USB4F02353)
Estrobo/Lámpara Permitido: No (USB4F02353)
Correct for Detector Non-linearity: No (USB4F02353)
Párrafo de de Corregir del la del del de Externa del luz: No (USB4F02353)
Procesado del espectro de Número de pixeles en: 3648
>>>>> Comienza Data<<<<< Espectral Procesado Del EL
177,79	918,461
178,00	918,461
178,22	918,461
178,44	-6388,385
178,66	507,373
178,88	86,264
179,09	748,329
179,31	158,948
179,53	-5108,037
179,75	405,857
179,96	-149,679
180,18	102,712
180,40	-299,599
180,62	-56,871
180,83	81,150
181,05	-634,051
181,27	-583,094
181,49	-147,666
181,70	-209,596
181,92	496,462
182,14	203,028
182,36	-754,855
182,58	213,363
182,79	-901,328
183,01	-13884,736
183,23	443,583
183,45	-17,779
183,66	-5,966
183,88	1104,222
184,10	842,417
184,32	779,025
184,53	-218,784
184,75	708,576
184,97	-140,292
185,18	1196,225
185,40	244,901
185,62	-831,298
185,84	-260,214
186,05	3135,347
186,27	-7153,961
186,49	-668,047
186,71	235,823
186,92	600,465
187,14	1845,513
187,36	350,490
187,58	911,753
187,79	-548,354
188,01	-995,291
188,23	123,206
188,45	278,833
188,66	12,555
188,88	211,355
189,10	-354,744
189,31	-107,854
189,53	-86,204
189,75	1120,641
189,97	185,575
190,18	112,389
190,40	1621,712
190,62	292,979
190,83	428,292
191,05	-135,255
191,27	8198,770
191,49	568,167
191,70	1086,239
191,92	412,308
192,14	343,155
192,35	-1747,302
192,57	-859,130
192,79	-1953,190
193,01	635,157
193,22	-827,844
193,44	-546,288
193,66	362,436
193,87	1124,228
194,09	191,206
194,31	252,054
194,53	-476,469
194,74	414,454
194,96	-139,152
195,18	822,036
195,39	-1473,107
195,61	-323,566
195,83	2893,873
196,04	366,512
196,26	168,774
196,48	2195,937
196,70	674,650
196,91	236,099
197,13	-60,675
197,35	233,140
197,56	-496,789
197,78	5895,345
198,00	873,822
198,21	81,336
198,43	916,407
198,65	259,456
198,86	84,590
199,08	656,961
199,30	-247,107
199,51	1049,908
199,73	-1715,604
199,95	208,220
200,16	659,408
200,38	152,052
200,60	1943,445
200,81	-616,224
201,03	17153,589
201,25	691,176
201,46	-474,685
201,68	506,928
201,90	849,483
202,11	271,922
202,33	174,212
202,55	121,856
202,76	598,996
202,98	270,176
203,20	312,540
203,41	-1613,630
203,63	486,162
203,85	210,349
204,06	-290,165
204,28	283,819
204,50	-371,299
204,71	346,064
204,93	199,695
205,15	276,298
205,36	-261,875
205,58	-1386,467
205,80	-1757,189
206,01	-4655,773
206,23	225,809
206,45	423,635
206,66	407,321
206,88	-485,987
207,10	2174,106
207,31	-44364,901
207,53	171,059
207,75	-33,866
207,96	410,658
208,18	309,534
208,39	318,793
208,61	905,041
208,83	7114,209
209,04	428,089
209,26	292,583
209,48	114,103
209,69	-93,111
209,91	896,147
210,13	29,638
210,34	237,579
210,56	314,553
210,77	2219,946
210,99	291,174
211,21	-155,195
211,42	180,845
211,64	472,295
211,86	440,578
212,07	258,934
212,29	566,001
212,50	1389,777
212,72	195,508
212,94	206,311
213,15	168,169
213,37	472,545
213,58	100,009
213,80	544,174
214,02	2723,207
214,23	336,036
214,45	267,193
214,67	41,833
214,88	-162,608
215,10	927,041
215,31	-461,679
215,53	126,375
215,75	434,831
215,96	529,518
216,18	110,430
216,39	267,809
216,61	596,134
216,83	1399,741
217,04	354,628
217,26	17,615
217,47	846,990
217,69	246,294
217,91	105,841
218,12	1195,290
218,34	110,053
218,55	239,208
218,77	29,947
218,99	125,730
219,20	208,616
219,42	424,651
219,63	102,718
219,85	264,924
220,06	-81,061
220,28	150,869
220,50	40,918
220,71	142,905
220,93	511,627
221,14	376,688
221,36	85,646
221,58	139,968
221,79	46,852
222,01	104,086
222,22	181,937
222,44	60,575
222,65	187,298
222,87	25,110
223,09	117,494
223,30	15,824
223,52	433,684
223,73	65,101
223,95	60,199
224,16	103,338
224,38	112,775
224,60	66,447
224,81	-23,776
225,03	79,483
225,24	99,113
225,46	17,479
225,67	28,776
225,89	51,576
226,10	164,242
226,32	115,040
226,54	-14,159
226,75	9,812
226,97	135,900
227,18	105,677
227,40	83,165
227,61	53,145
227,83	70,080
228,04	92,714
228,26	79,558
228,47	26,819
228,69	88,709
228,91	59,912
229,12	123,039
229,34	19,698
229,55	59,724
229,77	41,911
229,98	19,950
230,20	44,404
230,41	-14,360
230,63	59,172
230,84	34,319
231,06	58,554
231,27	-6,657
231,49	34,399
231,71	17,569
231,92	6,527
232,14	4,377
232,35	34,415
232,57	-4,316
232,78	25,253
233,00	22,690
233,21	28,737
233,43	14,622
233,64	0,703
233,86	33,673
234,07	34,140
234,29	-1,642
234,50	13,433
234,72	31,900
234,93	22,154
235,15	-0,448
235,36	5,264
235,58	43,914
235,79	31,116
236,01	13,629
236,22	21,027
236,44	35,108
236,65	20,550
236,87	17,851
237,08	9,930
237,30	-2,534
237,51	25,264
237,73	14,242
237,94	3,110
238,16	10,647
238,37	6,183
238,59	1,600
238,80	9,421
239,02	2,582
239,23	21,617
239,45	9,654
239,66	23,466
239,88	24,707
240,09	21,420
240,31	7,716
240,52	3,734
240,74	8,806
240,95	13,645
241,17	12,308
241,38	13,317
241,60	1,502
241,81	15,250
242,03	-0,043
242,24	13,759
242,46	11,081
242,67	-2,144
242,89	14,554
243,10	10,477
243,32	15,146
243,53	17,987
243,75	4,961
243,96	9,074
244,18	9,855
244,39	14,978
244,60	-0,349
244,82	3,610
245,03	15,762
245,25	10,783
245,46	23,399
245,68	2,587
245,89	28,393
246,11	19,154
246,32	11,072
246,54	8,700
246,75	7,912
246,97	17,142
247,18	21,491
247,39	6,522
247,61	12,542
247,82	15,075
248,04	4,679
248,25	2,190
248,47	8,120
248,68	9,949
248,90	5,347
249,11	7,812
249,33	16,431
249,54	10,966
249,75	9,068
249,97	4,302
250,18	14,827
250,40	12,547
250,61	5,077
250,83	3,240
251,04	6,879
251,25	13,684
251,47	12,903
251,68	0,849
251,90	11,505
252,11	6,090
252,33	6,748
252,54	6,642
252,76	5,291
252,97	0,321
253,18	10,388
253,40	10,267
253,61	6,290
253,83	6,643
254,04	9,039
254,25	3,904
254,47	1,111
254,68	9,871
254,90	5,997
255,11	4,482
255,33	8,299
255,54	6,477
255,75	4,123
255,97	5,913
256,18	2,594
256,40	10,347
256,61	8,076
256,82	7,256
257,04	12,189
257,25	7,139
257,47	6,459
257,68	9,840
257,89	8,805
258,11	4,452
258,32	11,092
258,54	4,737
258,75	13,882
258,96	8,703
259,18	6,132
259,39	3,933
259,61	9,329
259,82	3,188
260,03	3,008
260,25	7,690
260,46	7,317
260,68	3,518
260,89	2,183
261,10	8,891
261,32	6,176
261,53	1,877
261,75	7,130
261,96	4,194
262,17	18,429
262,39	9,328
262,60	0,198
262,81	3,520
263,03	11,299
263,24	6,940
263,46	2,315
263,67	6,985
263,88	8,929
264,10	6,042
264,31	5,516
264,52	6,870
264,74	10,515
264,95	5,657
265,17	7,688
265,38	8,365
265,59	12,145
265,81	6,102
266,02	2,042
266,23	1,315
266,45	12,574
266,66	11,916
266,87	6,057
267,09	4,501
267,30	8,801
267,52	10,023
267,73	6,570
267,94	1,928
268,16	7,413
268,37	0,234
268,58	9,758
268,80	2,095
269,01	8,436
269,22	10,017
269,44	7,643
269,65	6,714
269,86	0,869
270,08	8,543
270,29	3,137
270,50	6,010
270,72	8,035
270,93	2,392
271,14	3,925
271,36	4,085
271,57	7,556
271,78	5,797
272,00	4,268
272,21	7,938
272,42	2,794
272,64	11,450
272,85	2,422
273,06	2,706
273,28	7,259
273,49	2,428
273,70	8,757
273,92	6,494
274,13	4,958
274,34	-0,507
274,56	7,344
274,77	7,353
274,98	10,978
275,20	10,381
275,41	6,525
275,62	2,817
275,84	6,800
276,05	15,475
276,26	2,202
276,47	2,410
276,69	9,263
276,90	10,925
277,11	5,205
277,33	2,340
277,54	12,486
277,75	5,749
277,97	1,112
278,18	2,705
278,39	11,019
278,61	2,310
278,82	9,859
279,03	7,601
279,24	2,412
279,46	5,105
279,67	11,161
279,88	6,215
280,10	11,019
280,31	4,774
280,52	3,770
280,73	3,202
280,95	7,866
281,16	8,381
281,37	6,603
281,59	6,015
281,80	8,007
282,01	2,535
282,22	0,776
282,44	5,240
282,65	11,587
282,86	4,174
283,08	2,747
283,29	3,981
283,50	1,807
283,71	5,971
283,93	6,417
284,14	3,429
284,35	6,803
284,56	5,843
284,78	-0,523
284,99	5,709
285,20	12,388
285,42	2,846
285,63	5,033
285,84	1,597
286,05	5,676
286,27	3,577
286,48	7,717
286,69	8,547
286,90	3,323
287,12	3,587
287,33	1,636
287,54	3,306
287,75	11,206
287,97	4,521
288,18	3,244
288,39	5,196
288,60	5,473
288,82	3,769
289,03	2,151
289,24	6,573
289,45	9,153
289,67	6,147
289,88	3,815
290,09	6,992
290,30	3,378
290,52	2,870
290,73	-0,660
290,94	4,289
291,15	3,842
291,37	4,110
291,58	4,311
291,79	6,448
292,00	3,840
292,21	5,192
292,43	6,788
292,64	1,875
292,85	5,987
293,06	7,855
293,28	3,536
293,49	3,006
293,70	9,202
293,91	-0,467
294,12	5,018
294,34	4,310
294,55	6,392
294,76	5,711
294,97	5,772
295,19	4,448
295,40	5,812
295,61	6,513
295,82	5,809
296,03	5,196
296,25	7,578
296,46	0,489
296,67	2,253
296,88	5,776
297,09	2,283
297,31	1,075
297,52	6,308
297,73	4,138
297,94	4,092
298,15	7,168
298,37	3,316
298,58	4,382
298,79	4,919
299,00	-0,693
299,21	2,673
299,43	1,501
299,64	10,631
299,85	1,736
300,06	1,241
300,27	2,579
300,49	8,340
300,70	8,635
300,91	1,961
301,12	3,776
301,33	7,548
301,54	2,445
301,76	5,926
301,97	4,870
302,18	6,316
302,39	7,056
302,60	3,303
302,82	3,015
303,03	8,399
303,24	4,745
303,45	6,208
303,66	5,153
303,87	1,224
304,09	5,549
304,30	1,306
304,51	2,254
304,72	2,556
304,93	5,794
305,14	3,672
305,36	3,771
305,57	2,247
305,78	7,049
305,99	4,867
306,20	4,379
306,41	1,504
306,62	1,747
306,84	3,738
307,05	6,257
307,26	2,453
307,47	10,091
307,68	4,058
307,89	5,089
308,11	5,606
308,32	5,235
308,53	2,491
308,74	1,746
308,95	2,928
309,16	8,256
309,37	4,604
309,59	2,759
309,80	4,368
310,01	4,481
310,22	5,811
310,43	5,190
310,64	7,493
310,85	6,343
311,06	1,841
311,28	4,062
311,49	4,641
311,70	8,878
311,91	1,946
312,12	2,803
312,33	1,997
312,54	5,809
312,75	8,026
312,97	3,040
313,18	5,933
313,39	1,424
313,60	3,297
313,81	3,829
314,02	5,069
314,23	6,732
314,44	2,508
314,65	1,166
314,87	0,760
315,08	3,261
315,29	2,495
315,50	8,038
315,71	9,540
315,92	6,729
316,13	0,632
316,34	3,363
316,55	6,903
316,77	0,204
316,98	2,734
317,19	3,317
317,40	6,612
317,61	8,753
317,82	6,940
318,03	1,369
318,24	4,905
318,45	8,478
318,66	4,079
318,87	1,316
319,09	6,182
319,30	5,525
319,51	6,726
319,72	6,882
319,93	7,417
320,14	5,009
320,35	6,779
320,56	0,923
320,77	6,183
320,98	7,344
321,19	8,461
321,40	6,293
321,62	5,035
321,83	-0,164
322,04	5,745
322,25	6,444
322,46	9,139
322,67	5,991
322,88	6,563
323,09	3,928
323,30	7,940
323,51	9,578
323,72	6,013
323,93	2,095
324,14	3,360
324,35	-0,648
324,56	3,911
324,77	2,585
324,99	4,117
325,20	3,923
325,41	4,870
325,62	3,510
325,83	-0,801
326,04	3,658
326,25	4,304
326,46	1,773
326,67	3,799
326,88	4,916
327,09	2,946
327,30	5,533
327,51	3,870
327,72	3,830
327,93	3,828
328,14	3,298
328,35	3,483
328,56	4,148
328,77	7,208
328,98	7,558
329,19	3,522
329,40	4,546
329,61	0,784
329,82	0,539
330,04	6,073
330,25	3,148
330,46	3,910
330,67	3,465
330,88	6,128
331,09	4,059
331,30	4,754
331,51	3,745
331,72	5,764
331,93	5,603
332,14	2,638
332,35	4,146
332,56	4,173
332,77	7,043
332,98	2,939
333,19	4,934
333,40	5,527
333,61	4,807
333,82	5,473
334,03	4,332
334,24	10,470
334,45	5,187
334,66	5,867
334,87	1,595
335,08	1,860
335,29	2,697
335,50	4,864
335,71	1,505
335,92	7,650
336,13	4,861
336,34	1,334
336,55	4,321
336,76	8,791
336,97	3,235
337,18	3,826
337,39	5,788
337,60	5,099
337,81	4,557
338,02	5,965
338,23	3,822
338,44	4,478
338,65	2,050
338,86	4,894
339,07	5,487
339,28	3,159
339,49	3,790
339,70	1,842
339,91	2,750
340,11	9,990
340,32	4,498
340,53	3,094
340,74	0,592
340,95	1,120
341,16	5,236
341,37	2,663
341,58	5,011
341,79	3,643
342,00	0,839
342,21	-1,922
342,42	4,900
342,63	6,109
342,84	5,772
343,05	6,223
343,26	8,328
343,47	5,945
343,68	4,323
343,89	1,605
344,10	2,079
344,31	3,808
344,52	6,583
344,73	1,549
344,94	2,093
345,14	4,499
345,35	2,112
345,56	2,594
345,77	2,293
345,98	2,229
346,19	6,970
346,40	7,305
346,61	0,682
346,82	5,849
347,03	7,678
347,24	0,822
347,45	4,934
347,66	6,115
347,87	2,468
348,08	7,897
348,28	4,133
348,49	1,925
348,70	4,914
348,91	5,169
349,12	3,500
349,33	-2,963
349,54	7,076
349,75	5,227
349,96	3,126
350,17	5,931
350,38	2,417
350,59	2,880
350,80	4,616
351,00	1,031
351,21	11,064
351,42	4,162
351,63	4,063
351,84	6,110
352,05	6,583
352,26	1,587
352,47	7,231
352,68	7,024
352,89	2,065
353,09	1,668
353,30	1,251
353,51	2,589
353,72	8,797
353,93	8,429
354,14	2,875
354,35	3,953
354,56	7,368
354,77	1,774
354,98	1,828
355,18	5,929
355,39	8,888
355,60	1,300
355,81	6,640
356,02	2,903
356,23	3,231
356,44	6,856
356,65	2,275
356,85	8,880
357,06	8,473
357,27	3,155
357,48	-1,306
357,69	8,097
357,90	4,598
358,11	-1,881
358,32	1,999
358,52	7,506
358,73	4,239
358,94	2,695
359,15	4,822
359,36	7,723
359,57	5,975
359,78	9,276
359,98	5,411
360,19	-1,526
360,40	5,620
360,61	7,799
360,82	3,934
361,03	11,050
361,24	13,960
361,44	1,999
361,65	4,452
361,86	0,744
362,07	3,839
362,28	9,653
362,49	5,237
362,70	6,763
362,90	5,112
363,11	2,887
363,32	2,179
363,53	4,451
363,74	10,740
363,95	6,838
364,15	2,732
364,36	8,804
364,57	4,302
364,78	1,582
364,99	1,762
365,20	6,225
365,40	7,511
365,61	5,910
365,82	4,726
366,03	8,872
366,24	2,858
366,45	-0,261
366,65	0,892
366,86	4,980
367,07	4,267
367,28	0,150
367,49	1,527
367,69	6,560
367,90	3,134
368,11	5,045
368,32	4,485
368,53	8,498
368,73	2,224
368,94	4,447
369,15	7,704
369,36	5,355
369,57	5,444
369,78	6,706
369,98	5,462
370,19	9,033
370,40	0,646
370,61	5,132
370,82	6,543
371,02	6,515
371,23	4,526
371,44	3,321
371,65	4,621
371,85	8,564
372,06	2,572
372,27	5,730
372,48	1,770
372,69	8,565
372,89	5,655
373,10	3,193
373,31	4,783
373,52	6,132
373,73	6,670
373,93	5,511
374,14	5,670
374,35	4,986
374,56	4,116
374,76	6,803
374,97	5,119
375,18	8,383
375,39	4,529
375,60	7,426
375,80	4,955
376,01	2,597
376,22	6,086
376,43	5,839
376,63	4,784
376,84	6,730
377,05	5,560
377,26	3,016
377,46	4,253
377,67	5,001
377,88	0,363
378,09	6,212
378,29	4,879
378,50	4,635
378,71	6,361
378,92	2,203
379,12	-0,132
379,33	3,702
379,54	5,104
379,75	8,958
379,95	4,116
380,16	4,730
380,37	8,512
380,58	2,926
380,78	6,477
380,99	1,878
381,20	6,479
381,41	7,812
381,61	5,291
381,82	7,143
382,03	6,391
382,24	6,587
382,44	4,811
382,65	5,627
382,86	10,426
383,06	8,404
383,27	5,712
383,48	4,214
383,69	6,219
383,89	2,988
384,10	2,676
384,31	3,321
384,51	9,395
384,72	7,576
384,93	5,107
385,14	2,871
385,34	3,087
385,55	3,250
385,76	3,605
385,96	11,035
386,17	7,007
386,38	5,507
386,59	9,379
386,79	8,061
387,00	13,329
387,21	11,164
387,41	7,984
387,62	7,409
387,83	9,794
388,03	5,224
388,24	5,805
388,45	5,738
388,66	8,419
388,86	7,084
389,07	5,755
389,28	15,675
389,48	7,000
389,69	6,508
389,90	3,859
390,10	5,706
390,31	11,623
390,52	4,427
390,72	7,406
390,93	8,987
391,14	8,451
391,34	9,250
391,55	10,919
391,76	12,287
391,96	15,866
392,17	7,055
392,38	9,316
392,58	7,133
392,79	6,310
393,00	7,300
393,20	10,684
393,41	10,158
393,62	14,213
393,82	6,485
394,03	12,222
394,24	9,076
394,44	12,184
394,65	12,876
394,86	10,197
395,06	13,840
395,27	11,522
395,48	9,985
395,68	10,089
395,89	11,311
396,10	16,541
396,30	7,143
396,51	9,861
396,72	14,494
396,92	8,803
397,13	15,377
397,34	8,471
397,54	12,458
397,75	11,482
397,95	10,284
398,16	12,107
398,37	13,605
398,57	7,232
398,78	10,844
398,99	13,619
399,19	17,246
399,40	20,986
399,60	11,219
399,81	17,629
400,02	22,129
400,22	16,559
400,43	16,252
400,64	12,676
400,84	11,439
401,05	17,821
401,25	18,090
401,46	15,010
401,67	17,606
401,87	15,319
402,08	13,557
402,29	16,149
402,49	23,232
402,70	21,178
402,90	15,703
403,11	19,989
403,32	14,289
403,52	15,312
403,73	16,557
403,93	22,817
404,14	27,874
404,35	18,585
404,55	15,409
404,76	18,581
404,96	22,050
405,17	25,773
405,38	25,302
405,58	18,220
405,79	24,395
405,99	25,358
406,20	20,346
406,40	20,223
406,61	25,406
406,82	22,595
407,02	23,722
407,23	19,218
407,43	22,534
407,64	20,233
407,85	23,465
408,05	19,192
408,26	32,980
408,46	30,805
408,67	23,346
408,87	24,382
409,08	22,096
409,29	31,445
409,49	29,428
409,70	25,131
409,90	25,877
410,11	28,312
410,31	29,080
410,52	27,613
410,72	24,806
410,93	29,577
411,14	25,669
411,34	23,886
411,55	25,370
411,75	29,273
411,96	30,151
412,16	30,982
412,37	24,393
412,57	30,284
412,78	31,414
412,99	24,732
413,19	30,902
413,40	27,036
413,60	30,258
413,81	29,180
414,01	27,825
414,22	31,368
414,42	29,258
414,63	26,436
414,83	28,444
415,04	36,545
415,24	32,423
415,45	29,222
415,65	29,741
415,86	34,769
416,07	29,310
416,27	32,308
416,48	34,879
416,68	40,736
416,89	30,539
417,09	33,311
417,30	36,219
417,50	27,153
417,71	35,563
417,91	35,928
418,12	29,509
418,32	34,077
418,53	29,115
418,73	33,597
418,94	30,204
419,14	37,660
419,35	28,997
419,55	32,859
419,76	36,123
419,96	36,625
420,17	30,008
420,37	31,154
420,58	34,429
420,78	34,713
420,99	34,088
421,19	36,205
421,40	39,872
421,60	39,142
421,81	33,073
422,01	38,080
422,22	36,558
422,42	38,813
422,63	41,054
422,83	36,132
423,04	40,786
423,24	46,079
423,45	32,614
423,65	33,092
423,86	41,241
424,06	40,608
424,27	34,664
424,47	35,444
424,67	35,265
424,88	37,972
425,08	36,547
425,29	41,555
425,49	30,170
425,70	36,716
425,90	35,403
426,11	36,886
426,31	38,669
426,52	40,808
426,72	37,814
426,93	35,600
427,13	41,564
427,33	35,000
427,54	41,734
427,74	37,733
427,95	44,274
428,15	36,418
428,36	38,623
428,56	36,691
428,77	38,184
428,97	37,750
429,18	37,460
429,38	37,339
429,58	38,916
429,79	41,243
429,99	35,489
430,20	39,155
430,40	40,740
430,61	33,320
430,81	36,567
431,01	40,422
431,22	41,459
431,42	40,393
431,63	30,169
431,83	40,760
432,04	43,474
432,24	42,665
432,44	37,437
432,65	39,306
432,85	39,088
433,06	42,007
433,26	38,807
433,47	41,571
433,67	38,694
433,87	40,717
434,08	40,976
434,28	36,159
434,49	39,644
434,69	48,614
434,89	43,817
435,10	38,781
435,30	46,162
435,51	38,729
435,71	37,515
435,91	38,861
436,12	38,367
436,32	41,577
436,53	40,807
436,73	40,789
436,93	41,512
437,14	38,403
437,34	41,179
437,55	36,758
437,75	42,952
437,95	44,637
438,16	39,463
438,36	40,076
438,57	38,332
438,77	39,372
438,97	41,659
439,18	42,783
439,38	38,608
439,58	37,932
439,79	41,382
439,99	34,971
440,20	44,435
440,40	43,286
440,60	42,010
440,81	39,896
441,01	41,457
441,21	43,645
441,42	41,970
441,62	41,773
441,83	41,635
442,03	37,388
442,23	42,383
442,44	43,276
442,64	44,403
442,84	40,339
443,05	44,514
443,25	37,856
443,45	41,969
443,66	41,161
443,86	37,748
444,06	42,775
444,27	39,434
444,47	44,893
444,67	43,729
444,88	41,185
445,08	43,829
445,28	37,456
445,49	43,641
445,69	40,905
445,90	44,405
446,10	45,217
446,30	41,511
446,51	39,016
446,71	42,480
446,91	42,429
447,12	47,600
447,32	36,433
447,52	41,093
447,72	44,731
447,93	38,757
448,13	39,611
448,33	47,626
448,54	45,604
448,74	38,135
448,94	39,439
449,15	46,553
449,35	39,584
449,55	44,549
449,76	42,740
449,96	41,776
450,16	42,387
450,37	35,491
450,57	41,918
450,77	37,582
450,98	39,489
451,18	45,413
451,38	43,052
451,58	46,796
451,79	37,055
451,99	39,266
452,19	45,794
452,40	48,627
452,60	37,489
452,80	44,024
453,00	43,958
453,21	38,071
453,41	43,758
453,61	36,847
453,82	41,264
454,02	39,182
454,22	57,558
454,42	46,024
454,63	38,576
454,83	38,085
455,03	46,093
455,24	39,897
455,44	41,008
455,64	40,168
455,84	41,181
456,05	40,304
456,25	37,943
456,45	37,908
456,65	43,387
456,86	45,342
457,06	42,647
457,26	41,381
457,47	48,937
457,67	39,206
457,87	35,159
458,07	41,606
458,28	43,245
458,48	48,738
458,68	38,090
458,88	49,532
459,09	39,964
459,29	47,609
459,49	35,648
459,69	43,359
459,90	41,456
460,10	41,985
460,30	46,941
460,50	41,578
460,71	42,251
460,91	36,977
461,11	47,024
461,31	43,623
461,52	44,429
461,72	40,921
461,92	40,957
462,12	48,047
462,32	41,727
462,53	39,486
462,73	40,072
462,93	40,204
463,13	47,921
463,34	40,829
463,54	45,172
463,74	43,180
463,94	41,108
464,14	45,828
464,35	38,895
464,55	46,872
464,75	48,361
464,95	40,630
465,16	38,179
465,36	49,921
465,56	39,202
465,76	39,119
465,96	42,562
466,17	44,049
466,37	38,286
466,57	42,485
466,77	43,665
466,97	38,874
467,18	44,148
467,38	42,547
467,58	48,867
467,78	46,598
467,98	45,746
468,19	38,448
468,39	41,954
468,59	40,061
468,79	41,732
468,99	42,112
469,19	37,860
469,40	41,233
469,60	38,935
469,80	39,384
470,00	42,526
470,20	47,698
470,41	39,686
470,61	46,866
470,81	43,038
471,01	40,340
471,21	47,943
471,41	46,209
471,62	40,960
471,82	41,184
472,02	40,152
472,22	39,611
472,42	40,154
472,62	44,938
472,83	39,379
473,03	43,070
473,23	42,644
473,43	46,516
473,63	43,210
473,83	39,867
474,03	42,178
474,24	43,810
474,44	40,400
474,64	43,013
474,84	37,742
475,04	38,546
475,24	44,027
475,45	43,147
475,65	41,091
475,85	44,338
476,05	36,620
476,25	41,331
476,45	45,495
476,65	44,529
476,85	38,476
477,06	43,670
477,26	41,217
477,46	40,822
477,66	41,427
477,86	43,360
478,06	44,141
478,26	49,208
478,46	41,848
478,67	42,295
478,87	40,383
479,07	42,340
479,27	45,389
479,47	41,032
479,67	33,946
479,87	38,988
480,07	46,073
480,28	39,855
480,48	38,608
480,68	43,785
480,88	46,201
481,08	46,356
481,28	41,986
481,48	42,719
481,68	41,170
481,88	37,953
482,08	39,042
482,29	43,156
482,49	39,199
482,69	40,775
482,89	38,466
483,09	45,386
483,29	38,681
483,49	34,987
483,69	41,620
483,89	39,459
484,09	38,206
484,29	37,614
484,50	40,185
484,70	44,016
484,90	39,503
485,10	41,939
485,30	43,216
485,50	47,537
485,70	42,752
485,90	40,607
486,10	38,920
486,30	37,016
486,50	41,010
486,70	39,190
486,90	41,154
487,10	42,864
487,30	40,503
487,51	40,175
487,71	38,300
487,91	41,251
488,11	44,420
488,31	38,045
488,51	40,050
488,71	41,637
488,91	40,620
489,11	39,134
489,31	40,012
489,51	42,316
489,71	40,930
489,91	40,600
490,11	41,286
490,31	42,746
490,51	41,534
490,71	44,304
490,91	39,988
491,11	41,878
491,31	42,871
491,51	42,825
491,72	41,036
491,92	39,324
492,12	45,479
492,32	42,382
492,52	44,250
492,72	38,835
492,92	40,173
493,12	43,540
493,32	39,453
493,52	41,639
493,72	42,341
493,92	42,767
494,12	40,022
494,32	41,828
494,52	42,861
494,72	40,394
494,92	42,245
495,12	43,794
495,32	46,415
495,52	42,439
495,72	40,952
495,92	42,424
496,12	44,706
496,32	42,798
496,52	40,740
496,72	42,815
496,92	41,830
497,12	43,125
497,32	43,669
497,52	42,280
497,72	44,139
497,92	42,460
498,12	41,537
498,32	43,882
498,52	40,634
498,72	42,572
498,92	41,134
499,12	42,453
499,32	37,808
499,52	45,909
499,72	39,833
499,92	44,364
500,12	43,969
500,32	41,502
500,52	42,408
500,72	44,729
500,91	47,112
501,11	42,282
501,31	39,939
501,51	43,983
501,71	42,683
501,91	43,056
502,11	39,763
502,31	42,290
502,51	45,447
502,71	44,669
502,91	41,430
503,11	42,381
503,31	44,755
503,51	39,015
503,71	43,063
503,91	43,755
504,11	40,881
504,31	42,348
504,51	41,357
504,71	48,378
504,91	40,114
505,10	43,618
505,30	43,546
505,50	41,205
505,70	41,135
505,90	44,715
506,10	39,569
506,30	44,484
506,50	42,767
506,70	44,018
506,90	42,705
507,10	38,745
507,30	41,319
507,50	43,048
507,70	43,026
507,89	42,435
508,09	40,498
508,29	41,033
508,49	41,822
508,69	42,522
508,89	41,993
509,09	42,492
509,29	42,678
509,49	45,676
509,69	44,887
509,89	43,710
510,09	43,469
510,28	45,060
510,48	44,335
510,68	42,496
510,88	43,281
511,08	44,812
511,28	42,090
511,48	41,019
511,68	38,927
511,88	49,115
512,07	41,122
512,27	40,302
512,47	41,533
512,67	40,940
512,87	38,225
513,07	45,031
513,27	41,009
513,47	43,527
513,67	38,881
513,86	43,504
514,06	44,958
514,26	44,390
514,46	45,657
514,66	44,261
514,86	45,188
515,06	46,974
515,26	46,226
515,45	45,099
515,65	42,056
515,85	44,298
516,05	39,998
516,25	42,277
516,45	45,170
516,65	40,144
516,84	41,571
517,04	45,762
517,24	42,648
517,44	45,332
517,64	45,481
517,84	45,994
518,04	43,717
518,23	46,470
518,43	45,351
518,63	43,239
518,83	39,229
519,03	42,638
519,23	42,443
519,42	43,655
519,62	42,075
519,82	43,774
520,02	41,690
520,22	43,380
520,42	40,176
520,61	46,919
520,81	44,247
521,01	44,478
521,21	39,911
521,41	40,818
521,61	46,972
521,80	43,616
522,00	42,255
522,20	50,997
522,40	41,839
522,60	43,232
522,79	41,981
522,99	47,864
523,19	41,963
523,39	41,627
523,59	44,132
523,78	43,993
523,98	42,591
524,18	45,133
524,38	40,974
524,58	41,718
524,77	44,217
524,97	45,467
525,17	43,511
525,37	43,076
525,57	48,580
525,76	45,560
525,96	48,582
526,16	41,097
526,36	41,467
526,56	44,573
526,75	45,735
526,95	46,049
527,15	42,288
527,35	46,760
527,55	38,599
527,74	41,797
527,94	41,484
528,14	42,155
528,34	44,137
528,53	42,160
528,73	46,416
528,93	44,581
529,13	42,906
529,32	44,300
529,52	43,757
529,72	43,857
529,92	43,375
530,12	43,824
530,31	43,196
530,51	46,174
530,71	42,376
530,91	48,021
531,10	40,894
531,30	43,836
531,50	41,651
531,70	46,011
531,89	46,727
532,09	42,347
532,29	43,374
532,49	44,314
532,68	45,003
532,88	40,496
533,08	42,266
533,28	44,066
533,47	44,625
533,67	44,599
533,87	43,583
534,06	50,487
534,26	42,753
534,46	42,990
534,66	44,632
534,85	43,393
535,05	37,659
535,25	40,908
535,45	42,940
535,64	46,819
535,84	46,930
536,04	41,261
536,23	44,433
536,43	47,463
536,63	44,616
536,83	44,363
537,02	43,841
537,22	42,264
537,42	45,325
537,61	45,198
537,81	44,220
538,01	45,268
538,20	43,514
538,40	41,245
538,60	43,231
538,80	43,080
538,99	45,984
539,19	42,279
539,39	42,740
539,58	44,359
539,78	42,731
539,98	41,901
540,17	40,909
540,37	44,807
540,57	40,107
540,76	41,021
540,96	38,404
541,16	41,798
541,36	41,367
541,55	38,305
541,75	37,711
541,95	43,291
542,14	37,610
542,34	38,341
542,54	35,742
542,73	43,373
542,93	39,865
543,13	40,005
543,32	37,549
543,52	41,775
543,72	37,034
543,91	40,788
544,11	37,762
544,31	36,228
544,50	38,086
544,70	40,910
544,89	41,164
545,09	42,649
545,29	40,450
545,48	42,099
545,68	37,529
545,88	41,007
546,07	38,948
546,27	40,390
546,47	41,786
546,66	41,691
546,86	39,282
547,06	40,860
547,25	40,630
547,45	40,913
547,64	43,649
547,84	46,114
548,04	43,649
548,23	47,277
548,43	43,362
548,63	42,015
548,82	42,251
549,02	43,619
549,21	42,099
549,41	43,321
549,61	43,304
549,80	41,216
550,00	44,195
550,20	41,917
550,39	44,596
550,59	43,826
550,78	44,719
550,98	42,785
551,18	43,838
551,37	43,793
551,57	42,342
551,76	43,073
551,96	42,218
552,16	41,905
552,35	43,582
552,55	41,228
552,74	40,869
552,94	45,428
553,14	40,079
553,33	45,388
553,53	42,935
553,72	42,024
553,92	44,713
554,12	42,675
554,31	44,542
554,51	44,300
554,70	41,079
554,90	40,974
555,09	45,639
555,29	43,347
555,49	43,367
555,68	47,105
555,88	43,515
556,07	42,831
556,27	46,773
556,46	44,243
556,66	41,135
556,86	48,431
557,05	46,071
557,25	43,366
557,44	43,384
557,64	42,160
557,83	42,895
558,03	44,401
558,22	42,622
558,42	43,084
558,62	43,407
558,81	46,368
559,01	43,387
559,20	45,821
559,40	42,495
559,59	41,852
559,79	42,050
559,98	40,947
560,18	42,915
560,37	44,018
560,57	42,477
560,76	41,693
560,96	39,119
561,16	42,185
561,35	41,361
561,55	44,778
561,74	44,479
561,94	46,047
562,13	43,821
562,33	45,204
562,52	43,887
562,72	42,610
562,91	42,440
563,11	44,348
563,30	45,833
563,50	42,981
563,69	41,741
563,89	41,322
564,08	42,483
564,28	42,745
564,47	44,242
564,67	43,651
564,86	43,737
565,06	42,510
565,25	42,322
565,45	42,368
565,64	46,182
565,84	42,780
566,03	40,955
566,23	44,261
566,42	43,355
566,62	42,638
566,81	43,280
567,01	41,316
567,20	43,215
567,40	41,823
567,59	42,220
567,79	47,115
567,98	46,202
568,18	42,821
568,37	45,076
568,57	43,901
568,76	43,446
568,96	44,628
569,15	40,968
569,35	44,134
569,54	46,824
569,73	43,613
569,93	43,264
570,12	42,714
570,32	45,812
570,51	42,658
570,71	44,084
570,90	45,192
571,10	42,084
571,29	42,977
571,49	41,310
571,68	44,407
571,87	43,703
572,07	43,867
572,26	38,695
572,46	44,280
572,65	42,655
572,85	41,448
573,04	44,413
573,24	43,804
573,43	46,270
573,62	45,177
573,82	44,605
574,01	43,458
574,21	41,611
574,40	42,339
574,60	40,152
574,79	45,918
574,98	43,501
575,18	44,775
575,37	40,879
575,57	42,111
575,76	44,774
575,96	43,357
576,15	43,561
576,34	43,723
576,54	42,282
576,73	44,876
576,93	43,345
577,12	44,139
577,31	42,717
577,51	41,183
577,70	42,753
577,90	42,928
578,09	44,046
578,28	42,653
578,48	43,648
578,67	44,003
578,87	43,840
579,06	42,422
579,25	43,135
579,45	45,158
579,64	41,692
579,84	40,387
580,03	42,832
580,22	44,626
580,42	42,034
580,61	43,241
580,81	43,213
581,00	42,605
581,19	46,237
581,39	41,945
581,58	42,412
581,77	41,263
581,97	44,997
582,16	42,692
582,35	41,622
582,55	43,753
582,74	45,119
582,94	44,767
583,13	43,253
583,32	43,164
583,52	44,924
583,71	41,514
583,90	41,771
584,10	43,853
584,29	44,159
584,48	40,860
584,68	42,320
584,87	44,847
585,06	42,630
585,26	41,783
585,45	42,707
585,65	44,688
585,84	42,704
586,03	42,339
586,23	41,901
586,42	42,318
586,61	46,860
586,81	44,253
587,00	42,848
587,19	42,508
587,39	43,056
587,58	42,072
587,77	42,110
587,97	40,669
588,16	42,012
588,35	41,811
588,54	42,077
588,74	42,886
588,93	44,150
589,12	43,273
589,32	41,288
589,51	42,441
589,70	42,760
589,90	40,649
590,09	41,123
590,28	44,131
590,48	41,043
590,67	44,367
590,86	43,303
591,06	43,059
591,25	43,825
591,44	43,870
591,63	43,928
591,83	43,605
592,02	42,420
592,21	43,423
592,41	43,285
592,60	44,482
592,79	44,702
592,98	43,605
593,18	41,159
593,37	41,617
593,56	43,048
593,76	43,892
593,95	42,621
594,14	42,371
594,33	43,633
594,53	44,081
594,72	42,317
594,91	43,972
595,10	43,280
595,30	42,633
595,49	42,698
595,68	43,992
595,88	44,990
596,07	44,906
596,26	43,191
596,45	43,049
596,65	40,496
596,84	42,400
597,03	44,527
597,22	42,133
597,42	45,492
597,61	42,979
597,80	44,645
597,99	42,147
598,19	44,434
598,38	43,757
598,57	41,227
598,76	44,224
598,95	45,596
599,15	43,677
599,34	42,640
599,53	41,559
599,72	42,155
599,92	44,041
600,11	43,378
600,30	42,914
600,49	45,153
600,69	42,066
600,88	43,551
601,07	41,900
601,26	40,720
601,45	42,060
601,65	41,898
601,84	43,154
602,03	42,073
602,22	42,774
602,42	45,314
602,61	41,291
602,80	43,593
602,99	41,581
603,18	41,927
603,38	45,438
603,57	42,240
603,76	40,708
603,95	43,505
604,14	44,646
604,34	42,363
604,53	41,967
604,72	43,197
604,91	43,606
605,10	43,770
605,29	44,921
605,49	40,826
605,68	43,244
605,87	46,452
606,06	42,770
606,25	43,387
606,45	43,586
606,64	43,512
606,83	44,891
607,02	41,249
607,21	42,641
607,40	42,839
607,60	40,929
607,79	42,961
607,98	40,904
608,17	41,856
608,36	42,476
608,55	41,642
608,75	43,623
608,94	42,745
609,13	40,222
609,32	39,700
609,51	42,105
609,70	41,949
609,89	41,565
610,09	39,679
610,28	40,142
610,47	40,157
610,66	40,374
610,85	38,048
611,04	41,593
611,23	39,585
611,43	39,095
611,62	41,175
611,81	38,664
612,00	40,199
612,19	39,358
612,38	40,182
612,57	40,672
612,77	40,650
612,96	39,093
613,15	41,522
613,34	41,298
613,53	41,255
613,72	41,893
613,91	39,449
614,10	42,834
614,29	41,885
614,49	40,518
614,68	40,431
614,87	41,757
615,06	45,301
615,25	42,067
615,44	45,167
615,63	43,045
615,82	40,929
616,01	42,780
616,21	40,979
616,40	43,190
616,59	43,056
616,78	41,817
616,97	41,638
617,16	40,278
617,35	43,796
617,54	42,644
617,73	43,273
617,92	42,953
618,11	42,702
618,31	41,466
618,50	41,818
618,69	41,536
618,88	42,658
619,07	39,443
619,26	39,946
619,45	40,778
619,64	40,067
619,83	40,402
620,02	41,436
620,21	44,164
620,40	42,085
620,59	41,167
620,78	40,389
620,97	40,815
621,17	44,770
621,36	40,592
621,55	40,144
621,74	43,421
621,93	43,734
622,12	42,212
622,31	39,360
622,50	41,648
622,69	43,466
622,88	41,600
623,07	42,439
623,26	43,915
623,45	44,224
623,64	41,987
623,83	42,225
624,02	42,943
624,21	42,660
624,40	41,650
624,59	39,197
624,78	42,390
624,97	44,091
625,16	40,612
625,35	41,366
625,54	39,683
625,73	41,374
625,92	41,838
626,12	42,707
626,31	42,840
626,50	43,814
626,69	42,156
626,88	43,034
627,07	40,946
627,26	42,201
627,45	42,848
627,64	39,960
627,83	43,132
628,02	39,909
628,21	41,081
628,40	42,587
628,59	44,587
628,78	39,765
628,97	41,505
629,16	40,877
629,35	42,622
629,54	43,289
629,73	43,165
629,92	41,305
630,10	42,471
630,29	42,718
630,48	40,148
630,67	40,613
630,86	42,590
631,05	41,133
631,24	41,939
631,43	40,692
631,62	41,447
631,81	39,671
632,00	42,028
632,19	38,909
632,38	41,228
632,57	43,675
632,76	39,299
632,95	42,037
633,14	43,766
633,33	43,662
633,52	41,917
633,71	41,388
633,90	39,020
634,09	41,582
634,28	42,117
634,47	41,385
634,66	43,097
634,85	44,142
635,04	44,279
635,22	42,747
635,41	40,797
635,60	44,127
635,79	43,557
635,98	41,350
636,17	40,963
636,36	39,661
636,55	39,786
636,74	40,924
636,93	41,880
637,12	41,176
637,31	39,818
637,50	40,908
637,69	42,014
637,87	42,861
638,06	40,320
638,25	39,804
638,44	41,121
638,63	39,201
638,82	40,166
639,01	41,495
639,20	41,652
639,39	42,510
639,58	41,259
639,77	41,411
639,95	41,164
640,14	42,524
640,33	42,074
640,52	41,714
640,71	43,621
640,90	41,139
641,09	43,144
641,28	40,202
641,47	42,427
641,66	42,904
641,84	44,548
642,03	38,810
642,22	42,611
642,41	45,380
642,60	41,383
642,79	42,129
642,98	41,838
643,17	41,866
643,35	40,481
643,54	42,020
643,73	42,359
643,92	41,288
644,11	41,916
644,30	40,953
644,49	41,572
644,67	40,971
644,86	42,751
645,05	42,086
645,24	41,261
645,43	39,506
645,62	42,537
645,81	39,532
645,99	40,720
646,18	43,048
646,37	42,111
646,56	41,413
646,75	42,941
646,94	44,124
647,13	40,044
647,31	41,539
647,50	40,662
647,69	43,871
647,88	41,544
648,07	42,014
648,26	46,004
648,44	42,724
648,63	43,327
648,82	41,439
649,01	43,280
649,20	40,523
649,38	42,378
649,57	40,602
649,76	40,847
649,95	42,513
650,14	40,245
650,33	42,236
650,51	41,237
650,70	41,562
650,89	41,931
651,08	41,266
651,27	42,256
651,45	40,519
651,64	40,175
651,83	41,043
652,02	40,208
652,21	40,864
652,39	43,378
652,58	42,850
652,77	43,367
652,96	42,545
653,15	43,240
653,33	41,826
653,52	43,184
653,71	42,984
653,90	42,502
654,09	41,552
654,27	41,787
654,46	44,084
654,65	41,790
654,84	42,015
655,02	43,145
655,21	41,543
655,40	43,952
655,59	43,187
655,77	42,655
655,96	41,857
656,15	43,853
656,34	42,589
656,53	42,314
656,71	43,942
656,90	44,095
657,09	42,401
657,28	43,834
657,46	42,358
657,65	41,900
657,84	41,587
658,03	41,957
658,21	41,938
658,40	40,556
658,59	39,984
658,78	42,900
658,96	41,567
659,15	42,601
659,34	41,902
659,52	42,178
659,71	42,213
659,90	41,421
660,09	40,813
660,27	42,450
660,46	44,601
660,65	42,524
660,84	40,196
661,02	42,772
661,21	42,739
661,40	43,547
661,58	41,545
661,77	41,252
661,96	38,956
662,15	41,768
662,33	41,980
662,52	42,320
662,71	40,443
662,89	42,032
663,08	41,596
663,27	42,609
663,45	41,678
663,64	42,593
663,83	40,213
664,02	39,156
664,20	43,235
664,39	41,289
664,58	41,836
664,76	40,362
664,95	41,423
665,14	40,975
665,32	41,468
665,51	43,175
665,70	41,949
665,88	41,848
666,07	41,723
666,26	44,494
666,44	42,784
666,63	39,345
666,82	40,011
667,00	39,944
667,19	40,889
667,38	41,098
667,56	40,992
667,75	42,000
667,94	40,750
668,12	41,228
668,31	42,576
668,50	41,923
668,68	41,805
668,87	41,150
669,06	41,655
669,24	41,784
669,43	41,081
669,62	41,674
669,80	39,594
669,99	41,371
670,18	41,385
670,36	40,517
670,55	43,828
670,74	40,167
670,92	39,404
671,11	43,051
671,29	39,178
671,48	39,769
671,67	41,989
671,85	40,806
672,04	41,798
672,23	40,717
672,41	39,962
672,60	42,435
672,78	41,499
672,97	40,102
673,16	42,341
673,34	41,835
673,53	40,258
673,71	42,217
673,90	42,226
674,09	41,560
674,27	41,551
674,46	41,484
674,64	40,092
674,83	41,463
675,02	39,793
675,20	39,811
675,39	40,474
675,57	41,520
675,76	41,313
675,95	44,234
676,13	41,601
676,32	41,374
676,50	41,134
676,69	38,377
676,88	41,005
677,06	39,091
677,25	42,132
677,43	42,466
677,62	42,198
677,80	41,426
677,99	41,439
678,18	42,880
678,36	43,489
678,55	40,776
678,73	39,227
678,92	40,920
679,10	41,182
679,29	40,942
679,48	39,094
679,66	41,084
679,85	41,220
680,03	41,472
680,22	40,178
680,40	40,399
680,59	42,263
680,77	39,362
680,96	41,446
681,15	41,814
681,33	43,164
681,52	40,854
681,70	41,874
681,89	44,273
682,07	40,807
682,26	40,218
682,44	42,826
682,63	41,151
682,81	43,328
683,00	40,975
683,18	39,006
683,37	42,136
683,55	40,620
683,74	42,255
683,92	46,782
684,11	41,948
684,29	41,604
684,48	39,935
684,67	41,500
684,85	40,574
685,04	42,845
685,22	40,960
685,41	39,895
685,59	41,795
685,78	40,328
685,96	40,343
686,15	39,765
686,33	40,311
686,52	40,769
686,70	40,256
686,89	40,455
687,07	41,213
687,26	42,822
687,44	40,899
687,62	41,303
687,81	42,088
687,99	43,362
688,18	41,824
688,36	43,001
688,55	43,933
688,73	41,469
688,92	39,923
689,10	41,341
689,29	42,732
689,47	42,161
689,66	41,135
689,84	40,158
690,03	44,896
690,21	39,938
690,40	40,559
690,58	40,996
690,76	39,804
690,95	41,678
691,13	38,534
691,32	41,576
691,50	39,880
691,69	42,657
691,87	41,159
692,06	40,658
692,24	40,485
692,43	41,186
692,61	41,053
692,79	41,005
692,98	39,743
693,16	42,051
693,35	39,223
693,53	43,097
693,72	40,839
693,90	43,304
694,08	40,950
694,27	40,720
694,45	42,314
694,64	43,818
694,82	40,647
695,01	41,253
695,19	39,431
695,37	40,900
695,56	40,796
695,74	41,534
695,93	42,903
696,11	40,489
696,29	42,167
696,48	42,653
696,66	42,625
696,85	41,012
697,03	40,968
697,21	41,727
697,40	42,297
697,58	41,937
697,77	41,231
697,95	41,261
698,13	41,256
698,32	40,697
698,50	39,239
698,69	40,047
698,87	42,843
699,05	42,871
699,24	40,501
699,42	40,837
699,60	39,242
699,79	41,476
699,97	38,753
700,16	39,173
700,34	45,174
700,52	40,756
700,71	41,828
700,89	38,697
701,07	38,164
701,26	40,931
701,44	39,931
701,63	40,340
701,81	41,277
701,99	40,595
702,18	41,057
702,36	40,083
702,54	42,575
702,73	41,486
702,91	39,589
703,09	39,638
703,28	38,476
703,46	40,453
703,64	41,223
703,83	41,412
704,01	41,615
704,19	41,558
704,38	38,236
704,56	42,017
704,74	40,778
704,93	39,730
705,11	40,591
705,29	40,430
705,48	43,767
705,66	41,838
705,84	38,785
706,03	39,398
706,21	40,288
706,39	40,717
706,58	39,387
706,76	41,388
706,94	41,162
707,12	40,600
707,31	40,221
707,49	40,259
707,67	40,627
707,86	43,339
708,04	41,669
708,22	40,851
708,41	41,779
708,59	39,609
708,77	40,954
708,95	41,318
709,14	43,770
709,32	41,745
709,50	38,837
709,69	41,387
709,87	39,384
710,05	38,689
710,23	39,243
710,42	40,078
710,60	40,909
710,78	43,285
710,97	39,867
711,15	40,954
711,33	41,698
711,51	39,946
711,70	40,453
711,88	41,355
712,06	42,188
712,24	41,912
712,43	41,207
712,61	39,895
712,79	40,382
712,97	38,872
713,16	41,699
713,34	38,601
713,52	42,654
713,70	40,716
713,89	39,030
714,07	40,173
714,25	40,711
714,43	41,457
714,62	39,015
714,80	38,544
714,98	38,929
715,16	40,051
715,35	40,042
715,53	40,269
715,71	43,416
715,89	42,758
716,07	41,277
716,26	40,623
716,44	43,191
716,62	40,851
716,80	41,811
716,99	40,868
717,17	43,990
717,35	41,330
717,53	40,045
717,71	39,942
717,90	42,877
718,08	41,547
718,26	39,920
718,44	42,906
718,62	43,797
718,81	41,280
718,99	38,489
719,17	40,648
719,35	40,560
719,53	41,138
719,72	38,245
719,90	38,521
720,08	40,527
720,26	42,363
720,44	39,634
720,62	39,165
720,81	44,817
720,99	42,212
721,17	40,490
721,35	43,538
721,53	39,355
721,72	44,321
721,90	40,931
722,08	40,289
722,26	42,956
722,44	40,439
722,62	40,239
722,81	39,584
722,99	39,936
723,17	40,024
723,35	40,315
723,53	43,039
723,71	41,024
723,89	45,180
724,08	40,573
724,26	40,172
724,44	41,903
724,62	41,638
724,80	36,977
724,98	41,059
725,16	43,344
725,35	41,330
725,53	40,925
725,71	40,899
725,89	39,528
726,07	46,277
726,25	43,071
726,43	39,350
726,61	40,558
726,80	42,442
726,98	41,114
727,16	39,869
727,34	43,012
727,52	41,100
727,70	41,264
727,88	40,760
728,06	38,798
728,25	38,632
728,43	39,199
728,61	40,753
728,79	40,463
728,97	43,190
729,15	39,799
729,33	42,739
729,51	42,779
729,69	41,082
729,87	40,957
730,06	41,967
730,24	41,464
730,42	43,455
730,60	40,543
730,78	42,659
730,96	41,200
731,14	39,841
731,32	40,660
731,50	39,129
731,68	37,622
731,86	43,571
732,04	41,051
732,22	40,066
732,41	48,516
732,59	40,947
732,77	42,143
732,95	42,326
733,13	42,112
733,31	42,449
733,49	40,275
733,67	41,704
733,85	41,505
734,03	39,941
734,21	40,992
734,39	40,458
734,57	41,116
734,75	42,292
734,93	40,042
735,11	41,836
735,29	39,814
735,47	41,680
735,65	39,447
735,84	41,064
736,02	40,566
736,20	44,027
736,38	39,437
736,56	41,611
736,74	40,284
736,92	40,720
737,10	39,354
737,28	42,913
737,46	41,246
737,64	40,579
737,82	39,834
738,00	41,751
738,18	40,630
738,36	43,295
738,54	40,797
738,72	40,264
738,90	41,602
739,08	41,356
739,26	38,656
739,44	41,218
739,62	43,393
739,80	42,476
739,98	38,794
740,16	40,840
740,34	40,079
740,52	44,563
740,70	39,677
740,88	40,640
741,06	41,919
741,24	41,259
741,42	40,272
741,60	39,485
741,78	42,577
741,96	42,074
742,14	41,907
742,32	41,932
742,50	39,083
742,68	42,318
742,86	41,660
743,04	38,294
743,21	41,284
743,39	40,957
743,57	40,769
743,75	41,603
743,93	40,308
744,11	37,049
744,29	42,570
744,47	39,840
744,65	39,996
744,83	39,236
745,01	39,544
745,19	39,624
745,37	44,723
745,55	42,732
745,73	44,537
745,91	40,599
746,09	40,014
746,27	38,805
746,45	39,935
746,62	41,086
746,80	40,228
746,98	39,712
747,16	39,470
747,34	40,286
747,52	40,216
747,70	43,103
747,88	42,843
748,06	41,321
748,24	42,311
748,42	42,285
748,60	40,554
748,78	38,354
748,95	44,786
749,13	45,447
749,31	40,187
749,49	39,719
749,67	41,478
749,85	41,872
750,03	41,509
750,21	41,133
750,39	43,267
750,57	39,443
750,74	43,105
750,92	39,346
751,10	43,046
751,28	38,139
751,46	41,983
751,64	40,685
751,82	42,256
752,00	42,488
752,17	41,676
752,35	42,215
752,53	42,251
752,71	40,085
752,89	40,313
753,07	38,927
753,25	39,455
753,43	38,672
753,60	43,407
753,78	42,238
753,96	41,812
754,14	43,121
754,32	43,950
754,50	42,199
754,68	42,404
754,85	39,878
755,03	41,962
755,21	44,296
755,39	45,159
755,57	41,957
755,75	42,740
755,92	41,130
756,10	41,487
756,28	40,910
756,46	40,686
756,64	41,509
756,82	42,662
756,99	39,289
757,17	39,813
757,35	39,761
757,53	45,155
757,71	45,909
757,89	39,686
758,06	42,495
758,24	42,676
758,42	42,250
758,60	37,921
758,78	41,890
758,95	42,726
759,13	40,939
759,31	40,144
759,49	39,843
759,67	41,965
759,84	38,311
760,02	41,441
760,20	39,127
760,38	44,017
760,56	38,704
760,73	40,646
760,91	40,600
761,09	43,250
761,27	40,506
761,45	41,837
761,62	38,622
761,80	38,708
761,98	41,474
762,16	42,589
762,33	40,086
762,51	41,388
762,69	39,189
762,87	41,448
763,05	41,965
763,22	41,025
763,40	40,731
763,58	41,516
763,76	39,490
763,93	41,746
764,11	43,708
764,29	42,026
764,47	42,426
764,64	43,298
764,82	43,968
765,00	41,266
765,18	39,035
765,35	39,585
765,53	40,216
765,71	41,870
765,89	40,403
766,06	39,172
766,24	40,666
766,42	41,414
766,60	39,082
766,77	40,384
766,95	41,794
767,13	41,029
767,30	39,261
767,48	39,527
767,66	39,010
767,84	39,070
768,01	40,561
768,19	39,994
768,37	39,921
768,54	39,155
768,72	40,349
768,90	40,600
769,08	41,389
769,25	41,010
769,43	40,715
769,61	39,261
769,78	42,031
769,96	39,472
770,14	41,899
770,31	42,830
770,49	44,452
770,67	38,351
770,85	39,857
771,02	40,343
771,20	40,902
771,38	41,595
771,55	40,242
771,73	38,247
771,91	40,651
772,08	42,222
772,26	42,833
772,44	42,221
772,61	41,780
772,79	40,325
772,97	40,422
773,14	38,824
773,32	41,901
773,50	40,367
773,67	42,292
773,85	42,561
774,03	41,606
774,20	41,452
774,38	40,530
774,56	41,137
774,73	39,439
774,91	39,208
775,09	37,935
775,26	39,661
775,44	40,373
775,61	42,053
775,79	40,550
775,97	42,289
776,14	40,797
776,32	41,695
776,50	40,031
776,67	41,745
776,85	41,370
777,03	38,593
777,20	42,003
777,38	43,469
777,55	42,305
777,73	39,921
777,91	36,936
778,08	39,469
778,26	40,507
778,43	41,182
778,61	41,745
778,79	39,110
778,96	41,057
779,14	40,297
779,32	41,256
779,49	38,725
779,67	45,797
779,84	42,758
780,02	43,005
780,20	41,296
780,37	45,211
780,55	39,147
780,72	40,878
780,90	39,345
781,07	41,587
781,25	44,570
781,43	41,152
781,60	41,670
781,78	42,657
781,95	41,959
782,13	40,144
782,30	43,272
782,48	40,029
782,66	40,246
782,83	41,636
783,01	50,579
783,18	42,942
783,36	44,345
783,53	42,568
783,71	39,438
783,89	40,748
784,06	42,033
784,24	40,841
784,41	38,823
784,59	38,308
784,76	44,009
784,94	41,073
785,11	43,100
785,29	43,606
785,46	41,800
785,64	38,645
785,82	43,806
785,99	41,966
786,17	42,610
786,34	39,407
786,52	44,150
786,69	45,418
786,87	41,108
787,04	41,288
787,22	39,569
787,39	42,603
787,57	44,954
787,74	40,218
787,92	45,463
788,09	42,588
788,27	41,962
788,44	40,235
788,62	45,166
788,79	38,537
788,97	40,934
789,14	40,304
789,32	40,471
789,49	40,994
789,67	42,438
789,84	39,507
790,02	45,602
790,19	36,130
790,37	44,099
790,54	40,504
790,72	45,904
790,89	41,606
791,07	43,723
791,24	38,539
791,42	41,342
791,59	45,221
791,77	40,430
791,94	41,809
792,12	41,446
792,29	43,573
792,47	43,195
792,64	43,744
792,81	44,797
792,99	39,332
793,16	39,885
793,34	43,009
793,51	41,451
793,69	43,029
793,86	40,938
794,04	43,067
794,21	44,323
794,39	39,199
794,56	41,742
794,73	45,187
794,91	45,780
795,08	42,140
795,26	42,152
795,43	38,437
795,61	47,942
795,78	39,874
795,95	44,704
796,13	43,718
796,30	43,510
796,48	37,487
796,65	39,638
796,83	41,127
797,00	44,286
797,17	42,105
797,35	41,817
797,52	43,337
797,70	42,952
797,87	45,183
798,04	44,009
798,22	39,342
798,39	42,764
798,57	40,210
798,74	42,296
798,91	41,271
799,09	41,334
799,26	45,144
799,44	42,124
799,61	37,682
799,78	39,848
799,96	43,781
800,13	39,956
800,31	45,506
800,48	45,900
800,65	48,291
800,83	42,675
801,00	41,334
801,17	42,419
801,35	44,296
801,52	44,957
801,70	44,359
801,87	41,799
802,04	43,227
802,22	37,840
802,39	42,245
802,56	46,202
802,74	44,849
802,91	42,610
803,08	41,478
803,26	42,953
803,43	49,455
803,61	40,244
803,78	42,700
803,95	46,288
804,13	43,932
804,30	41,141
804,47	44,000
804,65	44,740
804,82	43,861
804,99	43,445
805,17	40,087
805,34	51,449
805,51	48,011
805,69	41,856
805,86	46,381
806,03	54,541
806,21	44,465
806,38	50,619
806,55	40,177
806,72	46,251
806,90	50,987
807,07	43,016
807,24	40,125
807,42	40,208
807,59	43,394
807,76	39,998
807,94	43,830
808,11	46,777
808,28	48,855
808,45	44,361
808,63	40,719
808,80	48,782
808,97	41,609
809,15	43,771
809,32	42,588
809,49	45,545
809,67	45,746
809,84	48,433
810,01	48,745
810,18	54,204
810,36	46,951
810,53	43,308
810,70	46,695
810,87	46,363
811,05	47,160
811,22	41,684
811,39	39,965
811,57	42,418
811,74	42,933
811,91	48,078
812,08	40,620
812,26	44,314
812,43	37,333
812,60	49,529
812,77	44,367
812,95	46,148
813,12	43,174
813,29	43,761
813,46	44,064
813,64	46,861
813,81	47,540
813,98	43,816
814,15	51,263
814,32	48,510
814,50	47,038
814,67	43,486
814,84	50,555
815,01	43,718
815,19	42,042
815,36	42,294
815,53	42,401
815,70	46,730
815,87	49,827
816,05	45,525
816,22	49,750
816,39	48,505
816,56	50,650
816,74	48,056
816,91	49,669
817,08	47,224
817,25	51,618
817,42	47,528
817,60	48,218
817,77	52,140
817,94	42,813
818,11	44,407
818,28	41,343
818,45	48,477
818,63	45,257
818,80	47,384
818,97	43,939
819,14	46,946
819,31	50,924
819,49	45,971
819,66	41,678
819,83	52,094
820,00	50,411
820,17	43,560
820,34	47,594
820,52	46,918
820,69	48,921
820,86	46,927
821,03	45,936
821,20	48,552
821,37	48,794
821,55	47,682
821,72	40,108
821,89	49,181
822,06	52,298
822,23	42,798
822,40	43,612
822,57	51,361
822,75	49,316
822,92	37,682
823,09	47,611
823,26	50,483
823,43	51,238
823,60	43,836
823,77	46,805
823,94	51,463
824,12	51,561
824,29	42,483
824,46	48,223
824,63	59,715
824,80	52,377
824,97	47,546
825,14	44,914
825,31	50,513
825,49	44,347
825,66	34,724
825,83	45,891
826,00	47,692
826,17	54,595
826,34	46,124
826,51	43,116
826,68	43,967
826,85	44,605
827,02	40,359
827,20	42,835
827,37	43,062
827,54	48,120
827,71	48,876
827,88	52,349
828,05	52,141
828,22	46,163
828,39	47,050
828,56	48,399
828,73	49,126
828,90	48,442
829,07	46,446
829,25	45,989
829,42	50,452
829,59	38,696
829,76	44,630
829,93	50,871
830,10	46,285
830,27	45,956
830,44	42,732
830,61	37,621
830,78	57,511
830,95	47,967
831,12	45,120
831,29	43,730
831,46	37,399
831,63	45,497
831,80	52,259
831,97	48,188
832,14	52,302
832,31	55,654
832,48	42,101
832,65	48,643
832,83	43,543
833,00	47,100
833,17	42,376
833,34	47,824
833,51	51,514
833,68	53,718
833,85	45,142
834,02	41,984
834,19	52,553
834,36	52,153
834,53	45,270
834,70	44,214
834,87	65,150
835,04	50,883
835,21	52,487
835,38	51,260
835,55	38,243
835,72	62,227
835,89	42,277
836,06	43,574
836,23	64,956
836,40	46,081
836,57	45,893
836,74	46,503
836,91	45,550
837,08	62,893
837,25	49,713
837,42	48,497
837,59	45,421
837,76	52,040
837,93	47,571
838,09	43,047
838,26	44,646
838,43	58,452
838,60	56,319
838,77	47,804
838,94	52,176
839,11	63,582
839,28	53,341
839,45	46,239
839,62	45,672
839,79	44,784
839,96	49,902
840,13	52,238
840,30	46,076
840,47	51,619
840,64	54,475
840,81	49,191
840,98	42,052
841,15	61,417
841,32	49,978
841,48	56,269
841,65	51,335
841,82	50,031
841,99	50,766
842,16	57,050
842,33	46,840
842,50	53,967
842,67	39,132
842,84	44,884
843,01	58,418
843,18	46,918
843,35	53,103
843,52	47,103
843,68	54,319
843,85	46,235
844,02	43,305
844,19	42,920
844,36	55,887
844,53	43,422
844,70	41,154
844,87	61,503
845,04	59,443
845,21	39,654
845,37	58,861
845,54	47,701
845,71	48,217
845,88	65,928
846,05	51,804
846,22	36,804
846,39	51,238
846,56	52,822
846,72	36,297
846,89	52,174
847,06	57,566
847,23	58,547
847,40	39,345
847,57	48,009
847,74	44,090
847,90	62,172
848,07	53,007
848,24	51,598
848,41	58,584
848,58	69,417
848,75	51,848
848,92	41,841
849,08	49,022
849,25	47,100
849,42	40,505
849,59	53,144
849,76	42,460
849,93	54,126
850,09	56,885
850,26	35,188
850,43	64,074
850,60	40,078
850,77	35,932
850,94	51,441
851,10	52,997
851,27	48,762
851,44	56,521
851,61	43,156
851,78	68,180
851,95	61,361
852,11	53,379
852,28	36,834
852,45	64,895
852,62	66,138
852,79	63,788
852,95	51,471
853,12	57,459
853,29	50,715
853,46	44,892
853,63	52,185
853,79	44,192
853,96	48,483
854,13	66,307
854,30	48,264
854,46	65,295
854,63	49,193
854,80	61,421
854,97	50,616
855,14	79,908
855,30	76,119
855,47	58,135
855,64	59,134
855,81	48,944
855,97	75,558
856,14	56,630
856,31	34,878
856,48	66,442
856,65	64,251
856,81	56,573
856,98	39,179
857,15	45,366
857,32	57,753
857,48	54,597
857,65	68,352
857,82	67,642
857,99	53,486
858,15	70,375
858,32	51,083
858,49	45,696
858,65	78,083
858,82	44,624
858,99	63,396
859,16	63,084
859,32	59,860
859,49	55,456
859,66	67,709
859,83	52,186
859,99	50,897
860,16	41,632
860,33	51,167
860,49	67,118
860,66	64,701
860,83	51,756
861,00	47,481
861,16	70,230
861,33	63,896
861,50	39,505
861,66	69,688
861,83	68,886
862,00	51,292
862,16	48,271
862,33	61,398
862,50	88,260
862,67	68,487
862,83	56,338
863,00	62,121
863,17	62,090
863,33	52,958
863,50	29,942
863,67	53,584
863,83	72,042
864,00	70,498
864,17	51,781
864,33	48,126
864,50	42,281
864,67	60,771
864,83	46,182
865,00	59,104
865,17	48,855
865,33	77,746
865,50	49,762
865,67	57,505
865,83	73,539
866,00	74,213
866,17	68,608
866,33	66,869
866,50	48,097
866,66	50,871
866,83	64,559
867,00	66,904
867,16	100,936
867,33	97,907
867,50	50,632
867,66	61,323
867,83	69,228
868,00	61,235
868,16	62,147
868,33	58,754
868,49	48,349
868,66	102,472
868,83	61,389
868,99	66,277
869,16	109,978
869,32	66,951
869,49	50,900
869,66	52,698
869,82	87,653
869,99	85,608
870,15	59,450
870,32	72,198
870,49	126,931
870,65	84,478
870,82	70,483
870,98	62,081
871,15	105,478
871,32	84,758
871,48	62,250
871,65	50,629
871,81	77,658
871,98	40,089
872,15	47,280
872,31	54,069
872,48	76,654
872,64	71,126
872,81	69,065
872,97	47,267
873,14	120,930
873,31	81,846
873,47	67,734
873,64	90,459
873,80	85,295
873,97	111,040
874,13	88,609
874,30	52,497
874,46	73,741
874,63	88,780
874,80	62,541
874,96	53,237
875,13	101,041
875,29	35,437
875,46	85,472
875,62	56,418
875,79	110,268
875,95	77,589
876,12	37,993
876,28	33,450
876,45	125,193
876,61	67,986
876,78	52,970
876,94	57,587
877,11	88,141
877,27	154,497
877,44	72,517
877,60	54,047
877,77	88,685
877,94	134,119
878,10	54,001
878,27	93,455
878,43	145,959
878,60	46,838
878,76	85,421
878,93	115,711
879,09	49,239
879,26	113,660
879,42	95,017
879,58	82,596
879,75	105,472
879,91	101,931
880,08	55,273
880,24	95,584
880,41	41,426
880,57	86,346
880,74	125,185
880,90	77,712
881,07	88,812
881,23	146,603
881,40	111,228
881,56	63,555
881,73	155,500
881,89	101,159
882,06	80,494
882,22	167,602
882,38	125,282
882,55	146,196
882,71	71,411
882,88	92,291
883,04	115,078
883,21	154,872
883,37	170,398
883,54	121,443
883,70	226,097
883,86	117,872
884,03	104,419
884,19	62,481
884,36	148,926
884,52	160,368
884,69	123,440
884,85	63,774
885,01	69,485
885,18	140,101
885,34	83,986
885,51	76,441
885,67	111,980
>>>>> Data<<<<< Espectral Procesado Extremo
