Fichero De Datos De SpectraSuite
++++++++++++++++++++++++++++++++++++
Fecha: Wed Apr 22 09:02:51 CEST 2009
Usuario: evoflor
Presente Oscuro Del Espectro: Sí
La Referencia de Presente Del Espectro De: Sí
Muestreados de los componentes de Número de espectros: 1
Espectrómetros: USB4F02353
Tiempo de integración (usec): 500000 (USB4F02353)
Promedio de Espectros Hechos un: 5 (USB4F02353)
El Alisar Del Furgón: 0 (USB4F02353)
Párrafo de de Corregir del la del del de Eléctrica del obscuridad: Sí (USB4F02353)
Estrobo/Lámpara Permitido: No (USB4F02353)
Correct for Detector Non-linearity: No (USB4F02353)
Párrafo de de Corregir del la del del de Externa del luz: No (USB4F02353)
Procesado del espectro de Número de pixeles en: 3648
>>>>> Comienza Data<<<<< Espectral Procesado Del EL
177,79	983,410
178,00	983,410
178,22	983,410
178,44	-8097,597
178,66	566,449
178,88	49,947
179,09	4351,928
179,31	135,927
179,53	-7709,414
179,75	354,602
179,96	-413,765
180,18	264,357
180,40	-325,086
180,62	-169,312
180,83	137,280
181,05	-1378,783
181,27	-814,619
181,49	23,110
181,70	-256,304
181,92	439,872
182,14	190,464
182,36	-1531,467
182,58	199,717
182,79	-813,533
183,01	-11626,027
183,23	468,722
183,45	-200,345
183,66	28,132
183,88	862,607
184,10	690,328
184,32	1107,811
184,53	-307,702
184,75	578,973
184,97	-168,119
185,18	1081,538
185,40	214,663
185,62	-1099,254
185,84	3053,271
186,05	4756,447
186,27	-6924,110
186,49	-1306,415
186,71	260,597
186,92	380,538
187,14	1838,236
187,36	302,067
187,58	915,543
187,79	-510,640
188,01	-1474,715
188,23	-7,009
188,45	159,987
188,66	40,784
188,88	199,759
189,10	-485,833
189,31	-131,312
189,53	-53,599
189,75	1265,428
189,97	198,604
190,18	601,021
190,40	1332,870
190,62	282,118
190,83	394,475
191,05	-237,149
191,27	5948,858
191,49	581,239
191,70	974,920
191,92	405,568
192,14	492,588
192,35	-2081,068
192,57	-851,507
192,79	-3019,142
193,01	562,134
193,22	123,884
193,44	-455,858
193,66	390,213
193,87	495,840
194,09	200,527
194,31	299,497
194,53	-408,920
194,74	555,899
194,96	-222,536
195,18	875,633
195,39	-1376,113
195,61	-298,834
195,83	3958,407
196,04	386,232
196,26	252,494
196,48	2816,798
196,70	708,317
196,91	144,970
197,13	-296,319
197,35	289,128
197,56	-584,348
197,78	5572,459
198,00	223,450
198,21	72,777
198,43	880,437
198,65	295,821
198,86	173,315
199,08	1336,851
199,30	121,229
199,51	1143,844
199,73	-3169,267
199,95	186,631
200,16	624,579
200,38	166,935
200,60	2360,667
200,81	-750,683
201,03	13870,335
201,25	569,878
201,46	-418,622
201,68	462,661
201,90	587,116
202,11	274,569
202,33	251,967
202,55	130,344
202,76	710,008
202,98	449,173
203,20	293,190
203,41	-1347,858
203,63	612,841
203,85	174,008
204,06	-734,304
204,28	214,782
204,50	-306,782
204,71	479,393
204,93	81,467
205,15	67,752
205,36	-278,233
205,58	-1232,162
205,80	-2164,825
206,01	-3383,366
206,23	277,685
206,45	409,986
206,66	347,741
206,88	-418,679
207,10	3177,016
207,31	-31476,159
207,53	522,174
207,75	-123,753
207,96	444,753
208,18	317,911
208,39	319,916
208,61	843,210
208,83	8506,889
209,04	411,224
209,26	471,902
209,48	69,900
209,69	-124,678
209,91	980,214
210,13	15,739
210,34	37,978
210,56	310,950
210,77	2046,903
210,99	319,718
211,21	-534,897
211,42	179,277
211,64	638,777
211,86	328,152
212,07	235,378
212,29	817,595
212,50	1558,464
212,72	199,829
212,94	478,398
213,15	191,236
213,37	654,150
213,58	204,889
213,80	355,413
214,02	2171,265
214,23	380,514
214,45	269,940
214,67	3,776
214,88	-259,032
215,10	1106,038
215,31	330,355
215,53	143,056
215,75	379,524
215,96	533,153
216,18	153,741
216,39	282,548
216,61	560,354
216,83	1004,474
217,04	463,140
217,26	157,084
217,47	449,244
217,69	380,208
217,91	47,426
218,12	1664,799
218,34	140,683
218,55	210,354
218,77	11,133
218,99	161,551
219,20	241,382
219,42	532,257
219,63	113,967
219,85	325,729
220,06	-145,413
220,28	158,466
220,50	111,506
220,71	84,132
220,93	502,517
221,14	418,011
221,36	109,921
221,58	125,968
221,79	16,148
222,01	180,367
222,22	117,079
222,44	36,836
222,65	85,800
222,87	-8,281
223,09	122,447
223,30	113,939
223,52	430,889
223,73	114,377
223,95	94,129
224,16	76,605
224,38	115,687
224,60	60,931
224,81	-57,143
225,03	146,926
225,24	90,136
225,46	16,675
225,67	-3,210
225,89	38,769
226,10	147,530
226,32	183,607
226,54	-17,948
226,75	52,528
226,97	165,914
227,18	94,737
227,40	47,586
227,61	33,332
227,83	42,278
228,04	98,237
228,26	80,943
228,47	29,592
228,69	94,958
228,91	49,315
229,12	123,365
229,34	29,607
229,55	64,851
229,77	35,317
229,98	29,788
230,20	52,153
230,41	-4,525
230,63	46,413
230,84	49,513
231,06	54,980
231,27	-2,018
231,49	50,078
231,71	33,064
231,92	9,603
232,14	-7,467
232,35	36,719
232,57	13,897
232,78	19,063
233,00	19,840
233,21	31,854
233,43	28,553
233,64	1,501
233,86	22,301
234,07	37,187
234,29	16,392
234,50	15,979
234,72	33,622
234,93	25,242
235,15	2,233
235,36	18,661
235,58	51,521
235,79	35,478
236,01	12,148
236,22	28,050
236,44	36,861
236,65	19,530
236,87	22,587
237,08	12,169
237,30	2,153
237,51	28,520
237,73	14,157
237,94	9,791
238,16	20,607
238,37	16,348
238,59	2,312
238,80	10,605
239,02	7,979
239,23	25,845
239,45	6,669
239,66	23,092
239,88	26,563
240,09	16,425
240,31	12,427
240,52	5,103
240,74	14,868
240,95	13,874
241,17	12,194
241,38	9,493
241,60	0,224
241,81	21,540
242,03	2,558
242,24	15,471
242,46	11,266
242,67	-1,958
242,89	17,776
243,10	12,705
243,32	16,174
243,53	15,123
243,75	4,911
243,96	13,915
244,18	12,479
244,39	16,108
244,60	1,208
244,82	6,903
245,03	14,571
245,25	11,457
245,46	26,771
245,68	3,510
245,89	29,323
246,11	21,378
246,32	12,319
246,54	8,814
246,75	6,616
246,97	17,650
247,18	20,791
247,39	8,089
247,61	13,711
247,82	17,212
248,04	3,288
248,25	3,439
248,47	9,029
248,68	9,160
248,90	5,520
249,11	11,435
249,33	16,286
249,54	12,247
249,75	11,214
249,97	4,649
250,18	22,234
250,40	17,453
250,61	4,768
250,83	5,103
251,04	7,536
251,25	17,199
251,47	11,816
251,68	6,374
251,90	12,698
252,11	10,603
252,33	6,554
252,54	4,907
252,76	3,062
252,97	-0,093
253,18	9,855
253,40	10,083
253,61	5,598
253,83	8,983
254,04	11,449
254,25	5,939
254,47	-0,766
254,68	12,949
254,90	5,909
255,11	5,240
255,33	12,226
255,54	6,383
255,75	5,736
255,97	7,148
256,18	4,911
256,40	8,332
256,61	11,272
256,82	6,146
257,04	11,300
257,25	6,817
257,47	8,299
257,68	11,194
257,89	10,487
258,11	5,001
258,32	12,733
258,54	3,720
258,75	16,309
258,96	8,026
259,18	9,149
259,39	3,144
259,61	11,067
259,82	5,843
260,03	5,646
260,25	9,751
260,46	5,248
260,68	6,004
260,89	5,555
261,10	9,123
261,32	4,894
261,53	0,337
261,75	10,636
261,96	5,018
262,17	19,884
262,39	13,340
262,60	-0,661
262,81	6,677
263,03	13,131
263,24	9,104
263,46	5,232
263,67	8,527
263,88	9,697
264,10	5,604
264,31	9,559
264,52	5,198
264,74	9,310
264,95	7,636
265,17	10,048
265,38	9,963
265,59	13,922
265,81	9,594
266,02	5,320
266,23	-0,266
266,45	12,652
266,66	10,450
266,87	8,626
267,09	4,631
267,30	11,564
267,52	14,763
267,73	6,723
267,94	5,578
268,16	7,226
268,37	2,991
268,58	10,006
268,80	1,304
269,01	7,144
269,22	10,814
269,44	8,856
269,65	8,225
269,86	3,775
270,08	7,981
270,29	3,652
270,50	5,412
270,72	9,927
270,93	5,140
271,14	4,209
271,36	2,997
271,57	8,569
271,78	5,588
272,00	3,891
272,21	9,777
272,42	7,999
272,64	11,974
272,85	5,168
273,06	5,353
273,28	6,774
273,49	4,823
273,70	7,894
273,92	9,339
274,13	6,731
274,34	-0,510
274,56	11,990
274,77	8,471
274,98	10,233
275,20	9,717
275,41	9,745
275,62	2,763
275,84	8,312
276,05	15,639
276,26	3,249
276,47	6,311
276,69	11,057
276,90	12,850
277,11	5,298
277,33	2,780
277,54	11,368
277,75	8,689
277,97	3,631
278,18	2,094
278,39	12,178
278,61	4,445
278,82	11,574
279,03	9,234
279,24	4,960
279,46	8,672
279,67	12,640
279,88	6,417
280,10	13,116
280,31	4,924
280,52	4,286
280,73	5,174
280,95	10,934
281,16	7,870
281,37	8,676
281,59	5,658
281,80	12,336
282,01	4,592
282,22	2,454
282,44	7,962
282,65	14,851
282,86	8,408
283,08	4,580
283,29	4,989
283,50	2,565
283,71	6,931
283,93	6,221
284,14	2,379
284,35	6,779
284,56	7,565
284,78	1,433
284,99	6,631
285,20	11,355
285,42	5,050
285,63	5,472
285,84	2,979
286,05	6,970
286,27	4,930
286,48	11,087
286,69	11,189
286,90	5,789
287,12	4,766
287,33	4,470
287,54	4,733
287,75	11,867
287,97	4,260
288,18	4,633
288,39	6,256
288,60	6,580
288,82	5,572
289,03	3,859
289,24	7,529
289,45	10,304
289,67	7,241
289,88	4,813
290,09	11,808
290,30	7,851
290,52	4,154
290,73	0,816
290,94	6,728
291,15	7,415
291,37	6,325
291,58	4,863
291,79	8,025
292,00	5,857
292,21	6,871
292,43	7,534
292,64	1,967
292,85	6,350
293,06	10,150
293,28	5,878
293,49	3,522
293,70	9,967
293,91	1,428
294,12	5,840
294,34	5,029
294,55	7,303
294,76	5,902
294,97	8,306
295,19	6,642
295,40	6,872
295,61	7,358
295,82	7,203
296,03	6,965
296,25	7,716
296,46	4,718
296,67	5,085
296,88	8,722
297,09	4,768
297,31	3,286
297,52	7,439
297,73	5,616
297,94	5,334
298,15	8,003
298,37	3,872
298,58	6,131
298,79	6,329
299,00	0,540
299,21	6,207
299,43	3,032
299,64	10,402
299,85	2,653
300,06	4,392
300,27	3,268
300,49	9,349
300,70	9,948
300,91	4,895
301,12	5,020
301,33	9,055
301,54	3,036
301,76	5,974
301,97	5,753
302,18	7,677
302,39	8,546
302,60	5,676
302,82	4,090
303,03	10,437
303,24	4,523
303,45	8,187
303,66	7,785
303,87	3,716
304,09	7,233
304,30	3,301
304,51	6,132
304,72	4,032
304,93	6,531
305,14	6,020
305,36	4,987
305,57	0,406
305,78	8,244
305,99	4,865
306,20	7,693
306,41	2,389
306,62	4,818
306,84	4,745
307,05	6,655
307,26	5,539
307,47	11,742
307,68	3,649
307,89	5,019
308,11	7,334
308,32	7,251
308,53	4,008
308,74	2,962
308,95	3,734
309,16	8,708
309,37	7,063
309,59	3,539
309,80	5,085
310,01	5,884
310,22	6,655
310,43	6,945
310,64	7,878
310,85	8,143
311,06	3,526
311,28	6,466
311,49	6,438
311,70	11,146
311,91	4,126
312,12	3,361
312,33	3,059
312,54	6,938
312,75	10,934
312,97	5,085
313,18	8,086
313,39	2,107
313,60	5,549
313,81	6,840
314,02	7,516
314,23	10,369
314,44	5,357
314,65	1,286
314,87	3,974
315,08	4,939
315,29	3,402
315,50	7,812
315,71	11,547
315,92	8,924
316,13	3,406
316,34	4,277
316,55	8,873
316,77	3,673
316,98	4,429
317,19	2,965
317,40	7,007
317,61	8,785
317,82	5,722
318,03	3,661
318,24	6,834
318,45	9,724
318,66	4,731
318,87	3,291
319,09	7,614
319,30	8,276
319,51	8,331
319,72	6,931
319,93	6,296
320,14	8,083
320,35	8,814
320,56	3,381
320,77	4,726
320,98	10,787
321,19	10,122
321,40	7,046
321,62	6,021
321,83	1,317
322,04	6,024
322,25	7,969
322,46	10,084
322,67	8,130
322,88	7,957
323,09	6,434
323,30	9,936
323,51	11,662
323,72	6,047
323,93	4,203
324,14	5,307
324,35	1,754
324,56	4,315
324,77	4,749
324,99	5,418
325,20	4,578
325,41	7,952
325,62	4,297
325,83	2,446
326,04	3,882
326,25	6,694
326,46	2,462
326,67	5,504
326,88	6,788
327,09	4,791
327,30	5,883
327,51	4,251
327,72	5,426
327,93	6,947
328,14	4,790
328,35	6,996
328,56	4,439
328,77	8,160
328,98	8,083
329,19	5,489
329,40	6,573
329,61	3,499
329,82	3,751
330,04	8,828
330,25	5,039
330,46	4,732
330,67	4,503
330,88	7,024
331,09	4,513
331,30	6,837
331,51	6,498
331,72	6,892
331,93	4,674
332,14	3,630
332,35	5,841
332,56	4,595
332,77	9,118
332,98	4,797
333,19	7,738
333,40	5,704
333,61	5,452
333,82	7,424
334,03	6,132
334,24	13,426
334,45	6,660
334,66	6,870
334,87	6,612
335,08	4,903
335,29	3,032
335,50	5,944
335,71	3,821
335,92	7,931
336,13	6,690
336,34	1,969
336,55	6,332
336,76	9,169
336,97	4,781
337,18	3,696
337,39	5,175
337,60	5,940
337,81	7,466
338,02	6,873
338,23	6,340
338,44	5,919
338,65	2,554
338,86	6,031
339,07	6,578
339,28	3,739
339,49	5,765
339,70	3,639
339,91	5,742
340,11	10,657
340,32	5,072
340,53	4,486
340,74	0,845
340,95	3,275
341,16	6,099
341,37	5,587
341,58	5,865
341,79	4,473
342,00	4,509
342,21	-0,621
342,42	5,212
342,63	9,524
342,84	10,125
343,05	4,866
343,26	10,345
343,47	7,135
343,68	4,883
343,89	1,294
344,10	3,295
344,31	4,628
344,52	6,975
344,73	3,285
344,94	1,800
345,14	7,550
345,35	3,413
345,56	2,850
345,77	4,137
345,98	4,648
346,19	9,212
346,40	8,337
346,61	2,055
346,82	6,851
347,03	9,090
347,24	5,079
347,45	4,615
347,66	9,178
347,87	4,597
348,08	7,507
348,28	3,544
348,49	5,091
348,70	6,806
348,91	5,556
349,12	6,018
349,33	-1,061
349,54	7,318
349,75	7,934
349,96	5,779
350,17	7,395
350,38	3,083
350,59	4,829
350,80	5,961
351,00	3,798
351,21	10,611
351,42	3,340
351,63	1,978
351,84	6,599
352,05	9,237
352,26	6,800
352,47	7,331
352,68	10,108
352,89	4,956
353,09	3,205
353,30	3,764
353,51	3,637
353,72	10,203
353,93	10,796
354,14	4,583
354,35	3,845
354,56	8,705
354,77	4,884
354,98	3,008
355,18	7,145
355,39	12,347
355,60	3,041
355,81	5,939
356,02	3,593
356,23	3,976
356,44	6,916
356,65	4,482
356,85	9,655
357,06	10,784
357,27	6,132
357,48	2,922
357,69	11,119
357,90	9,122
358,11	0,276
358,32	3,737
358,52	8,599
358,73	4,627
358,94	5,943
359,15	3,873
359,36	8,453
359,57	4,567
359,78	9,626
359,98	8,177
360,19	3,431
360,40	3,285
360,61	8,868
360,82	4,851
361,03	13,607
361,24	16,801
361,44	4,455
361,65	6,930
361,86	3,419
362,07	9,277
362,28	10,846
362,49	9,347
362,70	10,172
362,90	5,152
363,11	4,674
363,32	2,645
363,53	4,279
363,74	10,610
363,95	8,963
364,15	5,072
364,36	10,690
364,57	4,995
364,78	4,609
364,99	2,209
365,20	10,229
365,40	10,629
365,61	7,368
365,82	6,002
366,03	9,485
366,24	4,589
366,45	3,728
366,65	1,080
366,86	5,741
367,07	5,999
367,28	3,083
367,49	3,310
367,69	7,789
367,90	5,342
368,11	7,498
368,32	5,343
368,53	11,376
368,73	5,357
368,94	5,297
369,15	9,044
369,36	8,978
369,57	7,868
369,78	5,457
369,98	8,556
370,19	11,353
370,40	4,100
370,61	6,731
370,82	8,507
371,02	10,757
371,23	6,398
371,44	6,985
371,65	5,705
371,85	9,576
372,06	3,972
372,27	6,930
372,48	3,198
372,69	10,129
372,89	6,716
373,10	7,615
373,31	5,992
373,52	5,479
373,73	8,046
373,93	9,617
374,14	7,534
374,35	7,941
374,56	8,180
374,76	7,288
374,97	6,496
375,18	10,673
375,39	5,436
375,60	9,022
375,80	5,278
376,01	2,639
376,22	8,742
376,43	7,153
376,63	6,580
376,84	9,491
377,05	6,778
377,26	3,663
377,46	6,475
377,67	5,613
377,88	0,472
378,09	6,934
378,29	8,105
378,50	5,236
378,71	8,781
378,92	3,171
379,12	1,655
379,33	6,451
379,54	9,319
379,75	9,020
379,95	5,535
380,16	6,722
380,37	7,579
380,58	4,757
380,78	9,258
380,99	4,336
381,20	5,216
381,41	10,227
381,61	5,985
381,82	7,655
382,03	9,235
382,24	8,224
382,44	7,072
382,65	8,998
382,86	12,590
383,06	11,628
383,27	6,268
383,48	5,969
383,69	7,341
383,89	5,044
384,10	3,962
384,31	7,115
384,51	9,630
384,72	11,117
384,93	3,545
385,14	3,704
385,34	6,026
385,55	6,066
385,76	3,457
385,96	12,710
386,17	7,283
386,38	5,975
386,59	11,014
386,79	10,383
387,00	15,667
387,21	11,723
387,41	8,176
387,62	8,124
387,83	11,012
388,03	7,464
388,24	6,205
388,45	8,325
388,66	9,045
388,86	9,307
389,07	7,652
389,28	16,636
389,48	8,003
389,69	7,881
389,90	5,269
390,10	8,040
390,31	11,597
390,52	6,018
390,72	6,426
390,93	6,172
391,14	6,526
391,34	11,264
391,55	11,305
391,76	13,506
391,96	13,829
392,17	7,739
392,38	9,429
392,58	7,943
392,79	9,252
393,00	4,402
393,20	9,000
393,41	9,290
393,62	10,716
393,82	6,201
394,03	12,219
394,24	7,545
394,44	11,994
394,65	13,613
394,86	7,811
395,06	13,625
395,27	10,391
395,48	11,901
395,68	8,713
395,89	10,780
396,10	14,146
396,30	7,005
396,51	8,788
396,72	12,521
396,92	8,110
397,13	15,075
397,34	8,491
397,54	14,280
397,75	8,700
397,95	9,164
398,16	8,841
398,37	12,666
398,57	4,687
398,78	9,730
398,99	13,038
399,19	14,134
399,40	18,642
399,60	11,192
399,81	14,053
400,02	18,785
400,22	14,092
400,43	14,165
400,64	11,295
400,84	7,688
401,05	14,391
401,25	15,921
401,46	13,293
401,67	16,421
401,87	13,066
402,08	10,013
402,29	13,018
402,49	21,202
402,70	14,248
402,90	11,799
403,11	15,380
403,32	10,067
403,52	12,068
403,73	14,099
403,93	16,325
404,14	22,943
404,35	14,159
404,55	11,561
404,76	16,017
404,96	16,154
405,17	20,473
405,38	22,518
405,58	15,672
405,79	22,337
405,99	21,269
406,20	16,839
406,40	16,106
406,61	17,355
406,82	16,101
407,02	14,950
407,23	15,461
407,43	18,272
407,64	13,776
407,85	17,579
408,05	13,309
408,26	28,945
408,46	23,988
408,67	17,949
408,87	18,882
409,08	16,778
409,29	25,643
409,49	24,386
409,70	20,351
409,90	19,418
410,11	21,918
410,31	22,446
410,52	21,206
410,72	19,974
410,93	23,264
411,14	18,477
411,34	15,270
411,55	20,328
411,75	26,411
411,96	22,766
412,16	20,969
412,37	17,267
412,57	23,594
412,78	25,335
412,99	19,172
413,19	24,674
413,40	23,501
413,60	19,167
413,81	22,510
414,01	22,370
414,22	25,793
414,42	21,040
414,63	18,617
414,83	21,496
415,04	28,826
415,24	27,017
415,45	21,482
415,65	25,293
415,86	26,625
416,07	23,294
416,27	26,432
416,48	28,797
416,68	32,909
416,89	20,624
417,09	26,443
417,30	31,931
417,50	19,271
417,71	28,959
417,91	28,472
418,12	24,041
418,32	27,714
418,53	24,167
418,73	26,776
418,94	26,254
419,14	30,091
419,35	24,562
419,55	27,359
419,76	30,855
419,96	27,286
420,17	25,626
420,37	25,209
420,58	28,304
420,78	27,112
420,99	26,291
421,19	32,514
421,40	35,817
421,60	34,109
421,81	24,895
422,01	29,653
422,22	29,706
422,42	30,127
422,63	30,060
422,83	29,941
423,04	34,574
423,24	41,338
423,45	28,226
423,65	27,427
423,86	34,114
424,06	34,995
424,27	28,515
424,47	28,450
424,67	25,636
424,88	32,083
425,08	29,204
425,29	33,817
425,49	27,207
425,70	26,623
425,90	26,594
426,11	29,653
426,31	31,197
426,52	34,667
426,72	29,837
426,93	29,933
427,13	34,143
427,33	29,481
427,54	32,206
427,74	31,970
427,95	36,550
428,15	31,237
428,36	28,582
428,56	31,097
428,77	31,389
428,97	35,064
429,18	30,758
429,38	28,862
429,58	32,460
429,79	35,557
429,99	28,296
430,20	32,421
430,40	37,973
430,61	29,186
430,81	31,386
431,01	33,732
431,22	35,131
431,42	34,049
431,63	28,838
431,83	31,285
432,04	35,105
432,24	35,362
432,44	34,090
432,65	30,994
432,85	32,153
433,06	33,173
433,26	31,004
433,47	32,134
433,67	29,665
433,87	33,214
434,08	31,313
434,28	28,640
434,49	32,760
434,69	41,853
434,89	34,989
435,10	29,160
435,30	35,545
435,51	32,500
435,71	32,622
435,91	31,030
436,12	31,352
436,32	33,752
436,53	33,914
436,73	34,331
436,93	34,801
437,14	36,058
437,34	34,476
437,55	29,594
437,75	36,800
437,95	38,257
438,16	31,923
438,36	35,600
438,57	33,513
438,77	34,054
438,97	37,931
439,18	36,071
439,38	32,983
439,58	31,271
439,79	33,375
439,99	29,243
440,20	41,018
440,40	38,632
440,60	35,350
440,81	32,027
441,01	34,702
441,21	36,096
441,42	37,009
441,62	38,255
441,83	35,005
442,03	32,364
442,23	36,644
442,44	37,397
442,64	37,665
442,84	33,467
443,05	37,219
443,25	33,076
443,45	37,189
443,66	34,952
443,86	30,211
444,06	34,589
444,27	32,765
444,47	41,475
444,67	36,183
444,88	35,927
445,08	35,374
445,28	32,671
445,49	36,003
445,69	34,059
445,90	41,457
446,10	37,252
446,30	35,821
446,51	35,232
446,71	39,463
446,91	36,685
447,12	40,040
447,32	31,837
447,52	37,562
447,72	38,342
447,93	31,678
448,13	34,486
448,33	42,274
448,54	39,044
448,74	31,605
448,94	32,868
449,15	39,625
449,35	33,056
449,55	38,212
449,76	35,500
449,96	36,912
450,16	37,755
450,37	33,113
450,57	35,766
450,77	34,175
450,98	33,395
451,18	39,291
451,38	39,862
451,58	41,052
451,79	32,823
451,99	35,051
452,19	39,008
452,40	44,636
452,60	33,071
452,80	39,221
453,00	40,310
453,21	29,425
453,41	38,161
453,61	35,234
453,82	39,884
454,02	32,545
454,22	50,897
454,42	35,854
454,63	32,658
454,83	32,800
455,03	42,956
455,24	33,435
455,44	38,181
455,64	34,211
455,84	39,281
456,05	32,983
456,25	32,057
456,45	34,806
456,65	34,980
456,86	36,947
457,06	39,212
457,26	41,076
457,47	40,326
457,67	35,595
457,87	33,721
458,07	38,228
458,28	38,614
458,48	39,896
458,68	32,674
458,88	45,404
459,09	34,260
459,29	40,660
459,49	30,103
459,69	38,472
459,90	39,476
460,10	35,192
460,30	39,115
460,50	31,363
460,71	35,105
460,91	33,998
461,11	41,877
461,31	38,363
461,52	40,619
461,72	35,775
461,92	34,822
462,12	42,219
462,32	32,912
462,53	34,258
462,73	35,045
462,93	37,638
463,13	41,108
463,34	33,602
463,54	37,909
463,74	34,355
463,94	34,370
464,14	38,976
464,35	33,090
464,55	43,485
464,75	41,585
464,95	38,834
465,16	32,239
465,36	40,628
465,56	34,906
465,76	33,040
465,96	38,524
466,17	36,415
466,37	31,090
466,57	40,666
466,77	38,493
466,97	35,436
467,18	40,294
467,38	37,063
467,58	43,555
467,78	41,377
467,98	36,224
468,19	36,309
468,39	37,034
468,59	32,625
468,79	40,557
468,99	37,418
469,19	36,201
469,40	35,183
469,60	33,136
469,80	34,438
470,00	35,755
470,20	38,004
470,41	34,742
470,61	39,536
470,81	39,425
471,01	36,779
471,21	39,728
471,41	41,461
471,62	38,931
471,82	34,330
472,02	36,010
472,22	35,305
472,42	35,013
472,62	40,422
472,83	31,433
473,03	41,069
473,23	37,162
473,43	42,574
473,63	38,324
473,83	34,926
474,03	36,120
474,24	39,862
474,44	34,359
474,64	36,863
474,84	32,740
475,04	35,521
475,24	40,404
475,45	36,616
475,65	34,021
475,85	40,596
476,05	31,520
476,25	35,415
476,45	38,710
476,65	40,105
476,85	35,800
477,06	37,268
477,26	33,038
477,46	35,617
477,66	38,162
477,86	40,898
478,06	38,019
478,26	44,616
478,46	33,290
478,67	36,756
478,87	38,347
479,07	36,625
479,27	38,628
479,47	34,502
479,67	29,664
479,87	34,851
480,07	39,368
480,28	34,630
480,48	33,360
480,68	39,964
480,88	41,611
481,08	42,315
481,28	36,908
481,48	37,562
481,68	35,614
481,88	33,810
482,08	38,042
482,29	37,816
482,49	33,315
482,69	35,753
482,89	36,187
483,09	41,790
483,29	35,506
483,49	28,389
483,69	36,774
483,89	35,773
484,09	34,019
484,29	34,316
484,50	33,718
484,70	37,879
484,90	34,767
485,10	40,214
485,30	37,621
485,50	40,249
485,70	37,544
485,90	33,312
486,10	32,294
486,30	31,260
486,50	35,869
486,70	33,523
486,90	35,558
487,10	37,178
487,30	34,825
487,51	35,966
487,71	32,275
487,91	35,885
488,11	38,308
488,31	34,460
488,51	34,051
488,71	35,175
488,91	34,996
489,11	34,603
489,31	34,814
489,51	36,459
489,71	33,900
489,91	34,887
490,11	36,386
490,31	35,900
490,51	38,712
490,71	38,208
490,91	34,052
491,11	36,070
491,31	38,730
491,51	33,616
491,72	34,312
491,92	38,540
492,12	39,888
492,32	36,672
492,52	38,357
492,72	34,455
492,92	37,548
493,12	39,003
493,32	32,977
493,52	34,731
493,72	37,032
493,92	38,215
494,12	34,678
494,32	35,541
494,52	36,727
494,72	34,689
494,92	34,311
495,12	38,707
495,32	40,691
495,52	36,942
495,72	36,067
495,92	36,831
496,12	38,585
496,32	36,795
496,52	36,169
496,72	37,835
496,92	36,271
497,12	40,081
497,32	39,326
497,52	37,185
497,72	37,851
497,92	38,576
498,12	35,947
498,32	37,589
498,52	36,518
498,72	35,942
498,92	35,094
499,12	35,917
499,32	33,631
499,52	39,191
499,72	37,188
499,92	40,059
500,12	38,202
500,32	36,088
500,52	36,628
500,72	40,544
500,91	40,730
501,11	37,370
501,31	34,647
501,51	39,299
501,71	37,991
501,91	38,011
502,11	33,963
502,31	35,992
502,51	38,278
502,71	38,837
502,91	33,467
503,11	39,114
503,31	39,690
503,51	34,192
503,71	35,217
503,91	37,958
504,11	36,595
504,31	36,054
504,51	34,981
504,71	40,558
504,91	35,314
505,10	40,816
505,30	37,238
505,50	37,538
505,70	36,128
505,90	38,135
506,10	34,235
506,30	36,755
506,50	38,449
506,70	38,419
506,90	37,447
507,10	34,237
507,30	35,722
507,50	38,766
507,70	39,614
507,89	38,430
508,09	36,479
508,29	35,660
508,49	35,576
508,69	36,892
508,89	35,473
509,09	38,389
509,29	36,418
509,49	39,493
509,69	39,180
509,89	40,198
510,09	37,568
510,28	38,785
510,48	36,433
510,68	34,493
510,88	37,665
511,08	38,580
511,28	36,852
511,48	35,681
511,68	32,918
511,88	41,992
512,07	34,640
512,27	35,171
512,47	35,532
512,67	36,014
512,87	32,637
513,07	37,487
513,27	34,018
513,47	35,373
513,67	31,398
513,86	37,261
514,06	37,367
514,26	37,029
514,46	39,458
514,66	35,293
514,86	38,249
515,06	41,017
515,26	37,774
515,45	36,994
515,65	34,924
515,85	37,894
516,05	35,541
516,25	35,241
516,45	40,493
516,65	35,023
516,84	34,841
517,04	38,850
517,24	35,377
517,44	36,717
517,64	37,065
517,84	41,136
518,04	37,794
518,23	39,104
518,43	42,220
518,63	36,525
518,83	34,866
519,03	37,756
519,23	36,128
519,42	37,977
519,62	35,670
519,82	35,585
520,02	36,700
520,22	39,558
520,42	35,385
520,61	38,672
520,81	37,767
521,01	39,028
521,21	34,605
521,41	36,151
521,61	41,051
521,80	36,799
522,00	35,702
522,20	41,408
522,40	35,792
522,60	34,605
522,79	36,935
522,99	40,065
523,19	32,420
523,39	36,346
523,59	37,990
523,78	37,930
523,98	35,946
524,18	37,014
524,38	32,520
524,58	36,143
524,77	38,828
524,97	36,776
525,17	35,754
525,37	38,010
525,57	41,927
525,76	39,244
525,96	38,480
526,16	35,518
526,36	37,100
526,56	35,896
526,75	37,048
526,95	38,971
527,15	34,539
527,35	37,812
527,55	34,525
527,74	34,311
527,94	38,267
528,14	34,090
528,34	37,114
528,53	35,970
528,73	40,740
528,93	38,327
529,13	34,456
529,32	36,986
529,52	36,807
529,72	36,274
529,92	35,860
530,12	35,568
530,31	39,065
530,51	38,685
530,71	35,086
530,91	41,446
531,10	33,926
531,30	37,444
531,50	35,164
531,70	37,394
531,89	39,481
532,09	34,892
532,29	35,438
532,49	37,180
532,68	37,710
532,88	35,896
533,08	35,677
533,28	37,083
533,47	36,621
533,67	37,839
533,87	36,323
534,06	42,871
534,26	33,909
534,46	34,917
534,66	36,975
534,85	35,005
535,05	31,437
535,25	34,366
535,45	33,750
535,64	39,452
535,84	38,599
536,04	33,848
536,23	38,699
536,43	37,375
536,63	35,453
536,83	35,418
537,02	37,243
537,22	32,984
537,42	38,086
537,61	36,552
537,81	35,726
538,01	37,412
538,20	38,573
538,40	33,498
538,60	35,187
538,80	34,712
538,99	37,139
539,19	34,618
539,39	33,579
539,58	34,457
539,78	33,296
539,98	31,802
540,17	32,489
540,37	36,563
540,57	31,849
540,76	31,950
540,96	28,750
541,16	33,800
541,36	32,482
541,55	29,918
541,75	29,252
541,95	31,731
542,14	27,805
542,34	29,171
542,54	26,723
542,73	31,713
542,93	29,399
543,13	30,234
543,32	27,203
543,52	31,538
543,72	27,357
543,91	31,034
544,11	26,658
544,31	25,051
544,50	28,710
544,70	30,849
544,89	28,959
545,09	30,339
545,29	30,951
545,48	31,705
545,68	26,675
545,88	32,549
546,07	29,962
546,27	29,430
546,47	31,167
546,66	32,120
546,86	32,028
547,06	32,138
547,25	29,765
547,45	31,960
547,64	33,141
547,84	36,747
548,04	35,796
548,23	37,972
548,43	34,324
548,63	36,212
548,82	34,585
549,02	36,799
549,21	33,875
549,41	34,194
549,61	36,452
549,80	33,945
550,00	37,080
550,20	32,798
550,39	35,066
550,59	35,591
550,78	36,488
550,98	34,861
551,18	36,450
551,37	35,420
551,57	35,034
551,76	36,029
551,96	35,331
552,16	34,347
552,35	36,822
552,55	33,634
552,74	34,034
552,94	38,102
553,14	32,148
553,33	36,965
553,53	33,466
553,72	35,266
553,92	38,155
554,12	33,213
554,31	35,844
554,51	35,462
554,70	31,284
554,90	34,818
555,09	39,214
555,29	34,967
555,49	36,829
555,68	38,489
555,88	34,714
556,07	36,290
556,27	39,688
556,46	36,079
556,66	34,614
556,86	41,733
557,05	36,702
557,25	35,591
557,44	35,411
557,64	34,347
557,83	36,465
558,03	36,653
558,22	34,494
558,42	35,273
558,62	36,745
558,81	39,288
559,01	36,492
559,20	38,369
559,40	34,843
559,59	34,986
559,79	35,754
559,98	35,286
560,18	37,668
560,37	36,280
560,57	36,140
560,76	32,568
560,96	33,259
561,16	36,234
561,35	34,299
561,55	35,774
561,74	36,677
561,94	37,738
562,13	36,245
562,33	37,464
562,52	36,522
562,72	34,142
562,91	36,214
563,11	33,682
563,30	38,395
563,50	36,200
563,69	33,985
563,89	33,475
564,08	35,366
564,28	35,743
564,47	37,888
564,67	34,201
564,86	36,101
565,06	34,640
565,25	33,568
565,45	34,509
565,64	38,095
565,84	35,104
566,03	33,198
566,23	37,498
566,42	37,126
566,62	35,822
566,81	33,788
567,01	35,318
567,20	36,142
567,40	35,589
567,59	34,570
567,79	39,578
567,98	37,995
568,18	34,872
568,37	37,171
568,57	34,626
568,76	36,903
568,96	37,094
569,15	33,309
569,35	36,286
569,54	39,310
569,73	36,586
569,93	35,789
570,12	34,297
570,32	38,058
570,51	35,460
570,71	38,002
570,90	37,134
571,10	36,453
571,29	35,618
571,49	33,963
571,68	38,219
571,87	37,865
572,07	36,924
572,26	31,350
572,46	36,195
572,65	35,848
572,85	34,024
573,04	35,900
573,24	35,328
573,43	37,858
573,62	36,581
573,82	37,340
574,01	35,598
574,21	33,778
574,40	36,063
574,60	31,694
574,79	38,155
574,98	34,729
575,18	36,698
575,37	32,642
575,57	35,376
575,76	36,792
575,96	35,971
576,15	36,318
576,34	34,982
576,54	35,834
576,73	35,831
576,93	34,749
577,12	34,979
577,31	35,800
577,51	33,905
577,70	34,903
577,90	35,585
578,09	36,189
578,28	34,317
578,48	35,448
578,67	35,521
578,87	36,637
579,06	35,134
579,25	35,358
579,45	36,793
579,64	34,189
579,84	34,751
580,03	34,920
580,22	37,130
580,42	34,521
580,61	36,194
580,81	35,856
581,00	35,658
581,19	36,381
581,39	35,055
581,58	35,023
581,77	34,661
581,97	38,447
582,16	35,468
582,35	33,223
582,55	35,128
582,74	36,171
582,94	36,037
583,13	35,835
583,32	35,496
583,52	35,848
583,71	35,603
583,90	34,720
584,10	36,775
584,29	37,613
584,48	33,458
584,68	33,811
584,87	36,671
585,06	34,675
585,26	33,794
585,45	35,013
585,65	36,476
585,84	34,761
586,03	35,398
586,23	33,790
586,42	35,028
586,61	38,783
586,81	36,446
587,00	34,631
587,19	35,614
587,39	36,800
587,58	35,700
587,77	35,163
587,97	33,374
588,16	34,343
588,35	33,580
588,54	35,153
588,74	34,453
588,93	37,463
589,12	34,676
589,32	34,285
589,51	34,853
589,70	34,115
589,90	32,779
590,09	33,190
590,28	38,081
590,48	32,583
590,67	35,983
590,86	36,133
591,06	34,605
591,25	37,322
591,44	36,188
591,63	35,255
591,83	35,731
592,02	34,907
592,21	34,973
592,41	35,678
592,60	36,405
592,79	35,841
592,98	35,656
593,18	34,047
593,37	35,194
593,56	36,043
593,76	34,889
593,95	34,635
594,14	35,523
594,33	37,684
594,53	36,493
594,72	33,598
594,91	36,013
595,10	35,244
595,30	34,807
595,49	35,562
595,68	36,921
595,88	38,078
596,07	36,405
596,26	37,417
596,45	35,513
596,65	35,144
596,84	33,710
597,03	36,916
597,22	35,352
597,42	37,423
597,61	34,422
597,80	36,130
597,99	35,563
598,19	37,621
598,38	35,316
598,57	34,893
598,76	38,097
598,95	37,052
599,15	36,438
599,34	35,054
599,53	34,348
599,72	34,146
599,92	38,151
600,11	36,046
600,30	36,206
600,49	39,655
600,69	35,089
600,88	36,348
601,07	34,669
601,26	34,072
601,45	34,221
601,65	32,814
601,84	35,362
602,03	35,199
602,22	35,795
602,42	37,901
602,61	33,856
602,80	36,885
602,99	34,040
603,18	34,313
603,38	38,600
603,57	36,226
603,76	34,002
603,95	34,655
604,14	37,225
604,34	34,137
604,53	33,984
604,72	36,334
604,91	36,140
605,10	36,216
605,29	36,417
605,49	33,968
605,68	36,988
605,87	39,241
606,06	35,265
606,25	35,449
606,45	36,966
606,64	35,139
606,83	37,941
607,02	34,229
607,21	35,958
607,40	36,190
607,60	33,685
607,79	34,671
607,98	35,697
608,17	34,202
608,36	33,262
608,55	34,560
608,75	35,903
608,94	34,961
609,13	31,564
609,32	31,243
609,51	33,466
609,70	34,465
609,89	32,087
610,09	30,769
610,28	31,492
610,47	32,504
610,66	32,420
610,85	30,041
611,04	33,776
611,23	29,861
611,43	29,902
611,62	31,974
611,81	30,014
612,00	32,501
612,19	31,962
612,38	32,377
612,57	33,070
612,77	33,963
612,96	31,625
613,15	33,418
613,34	33,781
613,53	33,534
613,72	33,966
613,91	31,798
614,10	32,982
614,29	35,656
614,49	33,156
614,68	32,588
614,87	34,276
615,06	35,600
615,25	34,161
615,44	36,603
615,63	35,252
615,82	32,416
616,01	35,634
616,21	33,777
616,40	35,317
616,59	36,493
616,78	33,575
616,97	34,852
617,16	33,899
617,35	35,409
617,54	34,675
617,73	34,832
617,92	35,253
618,11	35,509
618,31	34,386
618,50	36,001
618,69	34,523
618,88	34,538
619,07	30,672
619,26	33,516
619,45	33,283
619,64	31,602
619,83	33,938
620,02	34,833
620,21	35,912
620,40	35,295
620,59	35,819
620,78	33,207
620,97	34,132
621,17	36,465
621,36	34,084
621,55	32,659
621,74	35,295
621,93	35,933
622,12	36,325
622,31	32,747
622,50	34,456
622,69	36,400
622,88	35,140
623,07	36,098
623,26	35,371
623,45	37,254
623,64	35,531
623,83	34,754
624,02	35,101
624,21	36,173
624,40	34,446
624,59	32,120
624,78	34,715
624,97	38,414
625,16	32,224
625,35	32,952
625,54	32,324
625,73	33,910
625,92	36,760
626,12	36,136
626,31	35,239
626,50	35,594
626,69	34,330
626,88	36,028
627,07	35,122
627,26	34,420
627,45	35,957
627,64	33,135
627,83	34,142
628,02	32,748
628,21	35,280
628,40	33,219
628,59	35,610
628,78	33,265
628,97	34,447
629,16	34,139
629,35	34,755
629,54	34,697
629,73	35,523
629,92	33,095
630,10	35,377
630,29	35,679
630,48	32,774
630,67	33,708
630,86	35,783
631,05	31,512
631,24	34,873
631,43	32,800
631,62	34,025
631,81	33,709
632,00	34,233
632,19	31,787
632,38	35,186
632,57	34,862
632,76	31,786
632,95	33,277
633,14	35,681
633,33	36,741
633,52	35,026
633,71	34,443
633,90	31,911
634,09	33,888
634,28	34,149
634,47	33,527
634,66	34,977
634,85	33,536
635,04	36,773
635,22	33,670
635,41	33,375
635,60	36,410
635,79	36,772
635,98	33,536
636,17	35,196
636,36	32,636
636,55	32,509
636,74	34,176
636,93	34,599
637,12	33,347
637,31	34,299
637,50	33,633
637,69	34,446
637,87	36,515
638,06	33,469
638,25	32,909
638,44	33,019
638,63	32,925
638,82	33,731
639,01	32,869
639,20	34,408
639,39	35,992
639,58	33,884
639,77	33,767
639,95	32,817
640,14	35,707
640,33	34,298
640,52	34,340
640,71	36,341
640,90	33,446
641,09	36,564
641,28	33,128
641,47	35,277
641,66	34,961
641,84	36,471
642,03	31,575
642,22	34,554
642,41	38,284
642,60	35,152
642,79	35,421
642,98	35,047
643,17	35,253
643,35	33,189
643,54	34,322
643,73	34,246
643,92	33,682
644,11	33,887
644,30	33,815
644,49	35,129
644,67	34,059
644,86	32,824
645,05	33,856
645,24	32,644
645,43	32,005
645,62	34,308
645,81	32,063
645,99	33,382
646,18	35,362
646,37	35,545
646,56	34,363
646,75	34,689
646,94	36,452
647,13	33,024
647,31	34,186
647,50	33,013
647,69	36,204
647,88	35,186
648,07	35,245
648,26	37,820
648,44	34,238
648,63	35,650
648,82	33,906
649,01	36,378
649,20	32,334
649,38	34,494
649,57	34,564
649,76	33,077
649,95	36,015
650,14	32,835
650,33	34,291
650,51	34,296
650,70	34,380
650,89	35,154
651,08	34,991
651,27	34,253
651,45	33,435
651,64	32,961
651,83	33,791
652,02	32,999
652,21	33,264
652,39	34,870
652,58	36,091
652,77	36,318
652,96	33,791
653,15	34,859
653,33	34,280
653,52	35,728
653,71	36,124
653,90	35,572
654,09	34,632
654,27	34,052
654,46	35,754
654,65	35,734
654,84	34,745
655,02	36,132
655,21	34,675
655,40	36,502
655,59	34,998
655,77	35,980
655,96	35,786
656,15	36,083
656,34	35,773
656,53	35,742
656,71	35,607
656,90	36,861
657,09	35,562
657,28	36,338
657,46	34,836
657,65	34,185
657,84	34,594
658,03	35,097
658,21	35,150
658,40	34,031
658,59	33,664
658,78	33,373
658,96	33,846
659,15	36,256
659,34	33,367
659,52	34,298
659,71	36,240
659,90	34,362
660,09	33,567
660,27	34,540
660,46	36,893
660,65	34,673
660,84	34,505
661,02	36,155
661,21	36,660
661,40	36,944
661,58	34,866
661,77	34,170
661,96	32,675
662,15	34,655
662,33	34,403
662,52	34,710
662,71	33,347
662,89	33,984
663,08	33,964
663,27	35,079
663,45	35,192
663,64	34,521
663,83	33,414
664,02	32,407
664,20	36,790
664,39	33,783
664,58	33,686
664,76	34,375
664,95	33,987
665,14	35,650
665,32	32,828
665,51	34,777
665,70	34,627
665,88	35,365
666,07	34,669
666,26	36,708
666,44	35,859
666,63	32,388
666,82	32,698
667,00	32,674
667,19	32,803
667,38	34,565
667,56	34,184
667,75	35,032
667,94	33,525
668,12	33,522
668,31	35,353
668,50	34,519
668,68	35,108
668,87	32,641
669,06	34,498
669,24	35,783
669,43	33,811
669,62	34,234
669,80	32,569
669,99	34,699
670,18	34,043
670,36	32,226
670,55	37,196
670,74	32,648
670,92	31,500
671,11	35,556
671,29	31,541
671,48	34,393
671,67	33,397
671,85	34,022
672,04	33,333
672,23	32,098
672,41	34,374
672,60	34,184
672,78	34,250
672,97	34,013
673,16	35,076
673,34	33,730
673,53	32,615
673,71	34,151
673,90	35,554
674,09	34,942
674,27	34,520
674,46	33,192
674,64	33,158
674,83	34,319
675,02	32,382
675,20	34,220
675,39	33,670
675,57	34,206
675,76	33,459
675,95	37,113
676,13	33,337
676,32	33,238
676,50	34,878
676,69	31,983
676,88	34,268
677,06	31,733
677,25	34,135
677,43	36,265
677,62	35,496
677,80	34,908
677,99	34,737
678,18	36,870
678,36	36,463
678,55	31,906
678,73	32,046
678,92	33,698
679,10	33,623
679,29	33,647
679,48	32,703
679,66	34,305
679,85	34,719
680,03	34,406
680,22	33,015
680,40	31,831
680,59	34,834
680,77	33,619
680,96	34,772
681,15	33,497
681,33	35,871
681,52	34,451
681,70	33,255
681,89	36,417
682,07	33,053
682,26	33,717
682,44	34,556
682,63	34,786
682,81	35,327
683,00	33,509
683,18	31,847
683,37	34,275
683,55	32,292
683,74	34,871
683,92	39,237
684,11	34,359
684,29	32,911
684,48	32,889
684,67	33,499
684,85	32,692
685,04	34,569
685,22	33,850
685,41	34,642
685,59	34,550
685,78	32,682
685,96	33,644
686,15	33,626
686,33	33,714
686,52	32,187
686,70	33,771
686,89	33,535
687,07	33,531
687,26	33,301
687,44	33,469
687,62	35,053
687,81	34,094
687,99	35,034
688,18	34,130
688,36	34,027
688,55	36,198
688,73	34,486
688,92	33,584
689,10	33,311
689,29	35,363
689,47	34,942
689,66	33,093
689,84	33,062
690,03	37,090
690,21	32,643
690,40	31,668
690,58	32,283
690,76	33,222
690,95	35,076
691,13	33,308
691,32	33,454
691,50	33,157
691,69	35,336
691,87	33,953
692,06	33,942
692,24	33,991
692,43	34,745
692,61	33,890
692,79	32,547
692,98	32,303
693,16	34,181
693,35	31,666
693,53	34,985
693,72	33,388
693,90	36,835
694,08	32,683
694,27	33,575
694,45	33,634
694,64	37,039
694,82	32,555
695,01	33,301
695,19	32,400
695,37	34,928
695,56	33,314
695,74	33,648
695,93	35,062
696,11	32,675
696,29	34,850
696,48	35,367
696,66	34,844
696,85	32,524
697,03	33,096
697,21	33,193
697,40	35,576
697,58	34,796
697,77	35,305
697,95	34,488
698,13	33,044
698,32	32,992
698,50	31,315
698,69	32,230
698,87	33,989
699,05	35,429
699,24	32,364
699,42	32,944
699,60	32,140
699,79	32,557
699,97	31,448
700,16	32,059
700,34	37,765
700,52	32,656
700,71	33,740
700,89	32,084
701,07	31,437
701,26	33,001
701,44	32,514
701,63	33,204
701,81	32,365
701,99	35,508
702,18	33,399
702,36	32,300
702,54	36,084
702,73	32,572
702,91	33,158
703,09	31,335
703,28	32,079
703,46	33,828
703,64	33,910
703,83	34,131
704,01	33,933
704,19	32,704
704,38	32,519
704,56	32,151
704,74	34,561
704,93	32,479
705,11	34,149
705,29	32,896
705,48	35,738
705,66	32,592
705,84	33,672
706,03	31,010
706,21	32,600
706,39	33,267
706,58	33,182
706,76	33,406
706,94	33,423
707,12	32,618
707,31	32,593
707,49	33,222
707,67	33,444
707,86	35,940
708,04	34,136
708,22	33,529
708,41	35,828
708,59	32,210
708,77	34,850
708,95	34,947
709,14	35,958
709,32	33,592
709,50	31,575
709,69	33,983
709,87	32,892
710,05	31,475
710,23	32,119
710,42	32,914
710,60	33,246
710,78	37,493
710,97	33,047
711,15	31,634
711,33	33,786
711,51	32,775
711,70	33,233
711,88	35,156
712,06	34,539
712,24	34,386
712,43	35,072
712,61	32,616
712,79	32,820
712,97	31,465
713,16	34,231
713,34	31,227
713,52	35,181
713,70	33,122
713,89	34,171
714,07	33,809
714,25	32,649
714,43	35,101
714,62	32,974
714,80	32,907
714,98	30,834
715,16	32,443
715,35	31,876
715,53	32,567
715,71	36,131
715,89	36,529
716,07	35,034
716,26	33,473
716,44	35,347
716,62	34,347
716,80	34,585
716,99	33,388
717,17	35,895
717,35	32,751
717,53	31,555
717,71	33,319
717,90	33,674
718,08	36,144
718,26	32,401
718,44	34,968
718,62	35,891
718,81	33,619
718,99	33,710
719,17	33,453
719,35	33,817
719,53	33,330
719,72	31,043
719,90	33,808
720,08	33,088
720,26	36,210
720,44	31,506
720,62	32,270
720,81	36,348
720,99	33,476
721,17	33,064
721,35	34,930
721,53	31,286
721,72	35,800
721,90	33,684
722,08	33,200
722,26	33,954
722,44	33,756
722,62	31,304
722,81	32,387
722,99	32,174
723,17	33,992
723,35	34,256
723,53	34,364
723,71	34,666
723,89	37,712
724,08	35,169
724,26	32,447
724,44	34,800
724,62	34,334
724,80	31,157
724,98	32,327
725,16	35,756
725,35	33,894
725,53	33,710
725,71	33,555
725,89	32,076
726,07	37,491
726,25	35,430
726,43	32,418
726,61	33,474
726,80	35,163
726,98	33,497
727,16	32,727
727,34	34,534
727,52	31,930
727,70	33,043
727,88	33,906
728,06	29,676
728,25	31,067
728,43	32,051
728,61	33,582
728,79	33,387
728,97	36,519
729,15	33,697
729,33	35,498
729,51	36,301
729,69	32,726
729,87	33,913
730,06	34,668
730,24	34,771
730,42	36,734
730,60	32,984
730,78	33,631
730,96	34,328
731,14	34,403
731,32	33,503
731,50	32,547
731,68	30,549
731,86	36,641
732,04	34,147
732,22	33,299
732,41	41,103
732,59	33,266
732,77	34,130
732,95	33,501
733,13	34,356
733,31	35,002
733,49	31,919
733,67	34,936
733,85	33,784
734,03	33,665
734,21	31,923
734,39	34,564
734,57	32,501
734,75	35,750
734,93	30,516
735,11	34,439
735,29	31,653
735,47	34,739
735,65	31,594
735,84	31,656
736,02	31,484
736,20	36,649
736,38	32,640
736,56	34,649
736,74	32,882
736,92	32,375
737,10	32,906
737,28	33,843
737,46	34,561
737,64	33,997
737,82	33,157
738,00	34,188
738,18	33,816
738,36	35,179
738,54	33,085
738,72	32,851
738,90	33,994
739,08	33,833
739,26	32,741
739,44	33,452
739,62	37,211
739,80	33,291
739,98	32,654
740,16	33,724
740,34	33,501
740,52	38,264
740,70	32,879
740,88	32,892
741,06	33,354
741,24	32,991
741,42	32,976
741,60	32,874
741,78	34,544
741,96	34,626
742,14	33,850
742,32	33,958
742,50	31,923
742,68	34,092
742,86	32,452
743,04	31,453
743,21	35,784
743,39	34,789
743,57	34,152
743,75	34,160
743,93	31,199
744,11	29,516
744,29	34,222
744,47	33,193
744,65	33,959
744,83	33,627
745,01	31,740
745,19	32,821
745,37	38,176
745,55	34,432
745,73	35,626
745,91	32,100
746,09	32,007
746,27	32,353
746,45	32,379
746,62	33,194
746,80	31,270
746,98	33,703
747,16	31,354
747,34	32,201
747,52	32,722
747,70	35,119
747,88	35,093
748,06	34,796
748,24	34,911
748,42	35,553
748,60	32,975
748,78	31,411
748,95	37,375
749,13	37,869
749,31	32,189
749,49	33,317
749,67	34,854
749,85	34,309
750,03	33,613
750,21	33,333
750,39	34,465
750,57	32,200
750,74	35,356
750,92	33,135
751,10	35,552
751,28	30,854
751,46	34,070
751,64	34,252
751,82	35,561
752,00	35,764
752,17	34,425
752,35	35,821
752,53	34,806
752,71	35,012
752,89	32,758
753,07	32,760
753,25	32,843
753,43	32,741
753,60	35,896
753,78	34,894
753,96	33,907
754,14	36,229
754,32	36,110
754,50	33,449
754,68	35,618
754,85	31,747
755,03	33,704
755,21	36,338
755,39	36,398
755,57	34,124
755,75	35,329
755,92	35,077
756,10	32,960
756,28	33,076
756,46	33,122
756,64	33,061
756,82	34,902
756,99	32,772
757,17	33,055
757,35	32,322
757,53	38,206
757,71	37,415
757,89	33,088
758,06	33,541
758,24	34,640
758,42	35,165
758,60	32,679
758,78	33,754
758,95	35,258
759,13	34,616
759,31	34,820
759,49	31,559
759,67	34,253
759,84	31,127
760,02	35,162
760,20	32,429
760,38	35,808
760,56	30,948
760,73	31,738
760,91	32,033
761,09	36,438
761,27	32,960
761,45	33,755
761,62	31,535
761,80	33,119
761,98	33,631
762,16	35,573
762,33	31,969
762,51	34,453
762,69	32,712
762,87	32,136
763,05	37,019
763,22	33,714
763,40	33,586
763,58	34,062
763,76	32,790
763,93	35,517
764,11	36,140
764,29	33,842
764,47	36,393
764,64	36,679
764,82	36,295
765,00	33,157
765,18	31,669
765,35	32,919
765,53	31,187
765,71	34,752
765,89	32,836
766,06	32,797
766,24	33,813
766,42	33,859
766,60	32,504
766,77	32,808
766,95	33,810
767,13	34,356
767,30	34,171
767,48	32,683
767,66	33,548
767,84	31,055
768,01	33,631
768,19	34,516
768,37	31,310
768,54	33,951
768,72	33,994
768,90	32,533
769,08	34,097
769,25	33,159
769,43	33,262
769,61	31,985
769,78	35,514
769,96	32,659
770,14	34,802
770,31	36,203
770,49	37,806
770,67	32,888
770,85	33,013
771,02	35,204
771,20	32,993
771,38	33,426
771,55	34,003
771,73	31,166
771,91	34,919
772,08	36,394
772,26	33,084
772,44	34,260
772,61	33,393
772,79	32,388
772,97	33,553
773,14	33,693
773,32	34,501
773,50	32,224
773,67	35,681
773,85	36,522
774,03	35,712
774,20	34,706
774,38	34,795
774,56	34,352
774,73	31,616
774,91	30,995
775,09	32,838
775,26	35,447
775,44	36,118
775,61	34,361
775,79	32,793
775,97	36,310
776,14	32,986
776,32	35,114
776,50	33,620
776,67	35,004
776,85	37,138
777,03	31,769
777,20	35,192
777,38	36,089
777,55	35,283
777,73	32,592
777,91	32,866
778,08	32,610
778,26	32,629
778,43	34,711
778,61	31,499
778,79	31,011
778,96	34,530
779,14	32,754
779,32	33,536
779,49	34,074
779,67	38,642
779,84	35,506
780,02	34,150
780,20	31,795
780,37	35,913
780,55	30,110
780,72	32,577
780,90	32,781
781,07	33,845
781,25	37,651
781,43	35,550
781,60	31,946
781,78	35,903
781,95	34,556
782,13	32,602
782,30	34,815
782,48	34,999
782,66	32,374
782,83	33,589
783,01	42,038
783,18	36,409
783,36	37,822
783,53	36,119
783,71	32,641
783,89	35,488
784,06	33,983
784,24	32,572
784,41	34,785
784,59	31,403
784,76	37,133
784,94	31,736
785,11	35,185
785,29	35,181
785,46	33,123
785,64	32,678
785,82	35,914
785,99	37,054
786,17	36,281
786,34	31,891
786,52	38,621
786,69	36,111
786,87	32,637
787,04	32,769
787,22	34,000
787,39	34,483
787,57	37,197
787,74	31,521
787,92	37,471
788,09	36,598
788,27	35,255
788,44	34,292
788,62	37,511
788,79	30,898
788,97	34,119
789,14	35,207
789,32	33,655
789,49	35,283
789,67	35,740
789,84	33,088
790,02	38,310
790,19	31,533
790,37	36,469
790,54	33,662
790,72	37,372
790,89	35,126
791,07	37,861
791,24	30,525
791,42	35,472
791,59	37,743
791,77	33,203
791,94	36,103
792,12	35,920
792,29	36,577
792,47	35,647
792,64	38,391
792,81	35,533
792,99	32,045
793,16	33,992
793,34	33,110
793,51	36,071
793,69	36,455
793,86	33,573
794,04	37,283
794,21	38,849
794,39	30,401
794,56	32,354
794,73	38,889
794,91	38,888
795,08	35,025
795,26	33,427
795,43	31,295
795,61	38,623
795,78	33,133
795,95	36,650
796,13	36,253
796,30	37,335
796,48	34,450
796,65	30,463
796,83	36,780
797,00	36,576
797,17	33,432
797,35	33,872
797,52	35,097
797,70	36,858
797,87	37,671
798,04	38,983
798,22	31,742
798,39	35,786
798,57	35,373
798,74	33,591
798,91	31,344
799,09	34,385
799,26	38,605
799,44	37,748
799,61	29,989
799,78	32,654
799,96	38,524
800,13	31,980
800,31	39,750
800,48	38,514
800,65	39,834
800,83	36,832
801,00	34,097
801,17	35,040
801,35	39,781
801,52	38,516
801,70	36,924
801,87	36,679
802,04	39,498
802,22	31,115
802,39	35,681
802,56	39,954
802,74	39,681
802,91	36,143
803,08	34,881
803,26	36,796
803,43	42,111
803,61	28,299
803,78	37,170
803,95	35,512
804,13	36,699
804,30	31,185
804,47	36,971
804,65	35,426
804,82	36,015
804,99	37,096
805,17	33,161
805,34	42,333
805,51	38,420
805,69	35,874
805,86	39,183
806,03	43,752
806,21	39,501
806,38	39,516
806,55	36,418
806,72	38,037
806,90	44,041
807,07	37,500
807,24	35,491
807,42	32,991
807,59	37,421
807,76	31,287
807,94	38,817
808,11	40,025
808,28	40,612
808,45	36,860
808,63	34,099
808,80	40,863
808,97	34,140
809,15	38,115
809,32	37,659
809,49	36,479
809,67	38,805
809,84	40,823
810,01	41,016
810,18	45,414
810,36	41,080
810,53	36,900
810,70	35,926
810,87	35,206
811,05	39,280
811,22	37,008
811,39	36,952
811,57	38,935
811,74	32,345
811,91	38,735
812,08	34,309
812,26	33,968
812,43	30,243
812,60	41,727
812,77	35,937
812,95	36,666
813,12	36,057
813,29	35,510
813,46	37,105
813,64	39,911
813,81	38,752
813,98	36,848
814,15	39,495
814,32	40,314
814,50	37,691
814,67	36,320
814,84	42,127
815,01	36,809
815,19	34,406
815,36	36,605
815,53	37,387
815,70	36,689
815,87	44,903
816,05	36,032
816,22	40,423
816,39	41,837
816,56	41,460
816,74	42,197
816,91	40,406
817,08	44,517
817,25	43,373
817,42	41,426
817,60	40,696
817,77	43,152
817,94	35,138
818,11	36,993
818,28	32,664
818,45	38,450
818,63	36,613
818,80	39,674
818,97	36,419
819,14	43,792
819,31	42,067
819,49	40,127
819,66	34,864
819,83	40,375
820,00	42,490
820,17	38,594
820,34	38,015
820,52	39,171
820,69	41,088
820,86	37,626
821,03	40,251
821,20	40,715
821,37	45,130
821,55	40,733
821,72	32,319
821,89	41,496
822,06	42,914
822,23	33,041
822,40	35,927
822,57	44,466
822,75	41,958
822,92	28,804
823,09	39,622
823,26	42,729
823,43	41,624
823,60	40,540
823,77	36,455
823,94	47,298
824,12	44,145
824,29	33,216
824,46	44,279
824,63	50,466
824,80	45,649
824,97	40,432
825,14	37,813
825,31	39,483
825,49	37,011
825,66	26,783
825,83	38,862
826,00	39,346
826,17	51,066
826,34	38,577
826,51	38,222
826,68	34,945
826,85	39,724
827,02	33,409
827,20	34,934
827,37	39,466
827,54	41,836
827,71	44,861
827,88	41,312
828,05	44,124
828,22	46,683
828,39	37,236
828,56	40,858
828,73	38,849
828,90	42,151
829,07	38,455
829,25	33,960
829,42	35,260
829,59	34,042
829,76	37,102
829,93	39,875
830,10	41,849
830,27	42,366
830,44	37,962
830,61	31,868
830,78	38,536
830,95	42,892
831,12	38,350
831,29	39,409
831,46	32,859
831,63	31,174
831,80	42,986
831,97	36,761
832,14	46,660
832,31	46,143
832,48	36,131
832,65	40,963
832,83	36,819
833,00	44,570
833,17	39,427
833,34	41,899
833,51	45,119
833,68	49,010
833,85	40,776
834,02	36,511
834,19	42,657
834,36	47,895
834,53	34,292
834,70	37,385
834,87	59,515
835,04	40,664
835,21	43,266
835,38	43,284
835,55	35,430
835,72	57,286
835,89	38,178
836,06	35,414
836,23	53,176
836,40	37,320
836,57	37,562
836,74	42,459
836,91	42,110
837,08	54,031
837,25	41,098
837,42	38,012
837,59	36,839
837,76	49,561
837,93	42,949
838,09	39,072
838,26	43,022
838,43	57,458
838,60	47,077
838,77	42,640
838,94	43,586
839,11	60,029
839,28	47,852
839,45	42,848
839,62	42,404
839,79	43,459
839,96	39,660
840,13	43,705
840,30	37,994
840,47	38,551
840,64	48,681
840,81	38,382
840,98	42,682
841,15	51,580
841,32	39,559
841,48	48,677
841,65	47,871
841,82	42,212
841,99	38,162
842,16	53,464
842,33	42,269
842,50	47,923
842,67	29,995
842,84	36,674
843,01	48,157
843,18	34,679
843,35	43,375
843,52	37,402
843,68	46,553
843,85	34,312
844,02	33,446
844,19	40,571
844,36	47,915
844,53	47,005
844,70	29,915
844,87	62,755
845,04	53,679
845,21	27,156
845,37	51,105
845,54	42,531
845,71	42,509
845,88	65,627
846,05	39,431
846,22	31,907
846,39	43,715
846,56	48,090
846,72	28,718
846,89	45,944
847,06	54,696
847,23	53,642
847,40	30,515
847,57	38,744
847,74	36,410
847,90	61,024
848,07	47,611
848,24	49,592
848,41	51,098
848,58	56,587
848,75	44,209
848,92	31,794
849,08	36,444
849,25	37,472
849,42	35,714
849,59	39,957
849,76	36,427
849,93	52,997
850,09	45,318
850,26	26,132
850,43	58,090
850,60	33,965
850,77	38,307
850,94	40,530
851,10	39,817
851,27	43,044
851,44	44,717
851,61	43,012
851,78	61,007
851,95	55,513
852,11	40,547
852,28	34,365
852,45	58,099
852,62	62,849
852,79	52,490
852,95	37,981
853,12	54,679
853,29	41,684
853,46	38,983
853,63	44,434
853,79	41,766
853,96	49,112
854,13	51,053
854,30	41,523
854,46	58,692
854,63	40,471
854,80	52,459
854,97	40,190
855,14	66,239
855,30	65,236
855,47	53,843
855,64	55,895
855,81	44,590
855,97	65,541
856,14	45,020
856,31	30,350
856,48	60,220
856,65	63,843
856,81	54,883
856,98	36,516
857,15	34,316
857,32	59,897
857,48	47,990
857,65	71,287
857,82	63,316
857,99	63,229
858,15	63,906
858,32	38,004
858,49	34,411
858,65	65,005
858,82	41,808
858,99	60,295
859,16	65,635
859,32	52,667
859,49	53,227
859,66	57,087
859,83	51,323
859,99	44,619
860,16	45,589
860,33	45,225
860,49	61,959
860,66	53,054
860,83	41,746
861,00	39,325
861,16	77,228
861,33	72,982
861,50	33,579
861,66	60,119
861,83	62,345
862,00	51,492
862,16	35,533
862,33	52,046
862,50	81,129
862,67	52,153
862,83	53,477
863,00	61,648
863,17	64,828
863,33	49,883
863,50	31,265
863,67	48,839
863,83	57,601
864,00	66,900
864,17	45,296
864,33	32,508
864,50	35,051
864,67	62,102
864,83	30,078
865,00	51,815
865,17	41,582
865,33	79,410
865,50	34,289
865,67	69,697
865,83	52,810
866,00	70,259
866,17	50,942
866,33	60,205
866,50	59,433
866,66	38,440
866,83	57,931
867,00	63,787
867,16	92,352
867,33	94,120
867,50	51,361
867,66	51,113
867,83	56,751
868,00	46,644
868,16	60,233
868,33	58,054
868,49	38,059
868,66	57,159
868,83	52,547
868,99	67,721
869,16	93,118
869,32	72,993
869,49	55,071
869,66	42,813
869,82	82,428
869,99	94,654
870,15	48,340
870,32	55,614
870,49	108,095
870,65	105,416
870,82	61,656
870,98	62,061
871,15	97,010
871,32	84,736
871,48	66,249
871,65	58,836
871,81	65,115
871,98	50,434
872,15	33,830
872,31	45,761
872,48	82,024
872,64	61,417
872,81	84,824
872,97	44,154
873,14	99,774
873,31	79,316
873,47	69,402
873,64	87,410
873,80	114,884
873,97	96,040
874,13	84,175
874,30	73,408
874,46	59,594
874,63	67,609
874,80	64,410
874,96	54,927
875,13	106,835
875,29	18,924
875,46	84,092
875,62	55,603
875,79	112,926
875,95	70,860
876,12	23,328
876,28	31,865
876,45	113,905
876,61	47,915
876,78	49,600
876,94	33,485
877,11	64,961
877,27	173,694
877,44	83,411
877,60	75,841
877,77	71,309
877,94	150,840
878,10	50,990
878,27	108,706
878,43	128,116
878,60	61,080
878,76	126,397
878,93	126,154
879,09	77,467
879,26	109,847
879,42	81,526
879,58	69,641
879,75	156,474
879,91	127,781
880,08	35,492
880,24	82,965
880,41	34,104
880,57	85,066
880,74	127,498
880,90	44,363
881,07	97,957
881,23	157,169
881,40	103,177
881,56	52,477
881,73	174,642
881,89	110,657
882,06	26,372
882,22	148,500
882,38	124,084
882,55	166,612
882,71	81,611
882,88	92,562
883,04	115,365
883,21	145,810
883,37	154,751
883,54	117,179
883,70	250,643
883,86	120,072
884,03	148,920
884,19	113,638
884,36	147,202
884,52	135,918
884,69	110,121
884,85	81,274
885,01	77,290
885,18	166,797
885,34	86,189
885,51	33,186
885,67	100,780
>>>>> Data<<<<< Espectral Procesado Extremo
