Fichero De Datos De SpectraSuite
++++++++++++++++++++++++++++++++++++
Fecha: Wed Apr 22 09:07:33 CEST 2009
Usuario: evoflor
Presente Oscuro Del Espectro: Sí
La Referencia de Presente Del Espectro De: Sí
Muestreados de los componentes de Número de espectros: 1
Espectrómetros: USB4F02353
Tiempo de integración (usec): 500000 (USB4F02353)
Promedio de Espectros Hechos un: 5 (USB4F02353)
El Alisar Del Furgón: 0 (USB4F02353)
Párrafo de de Corregir del la del del de Eléctrica del obscuridad: Sí (USB4F02353)
Estrobo/Lámpara Permitido: No (USB4F02353)
Correct for Detector Non-linearity: No (USB4F02353)
Párrafo de de Corregir del la del del de Externa del luz: No (USB4F02353)
Procesado del espectro de Número de pixeles en: 3648
>>>>> Comienza Data<<<<< Espectral Procesado Del EL
177,79	909,602
178,00	909,602
178,22	909,602
178,44	-8191,455
178,66	682,468
178,88	120,604
179,09	2736,761
179,31	210,496
179,53	-6533,410
179,75	389,574
179,96	-320,969
180,18	387,190
180,40	-314,711
180,62	-140,151
180,83	383,460
181,05	-861,230
181,27	-407,833
181,49	283,813
181,70	-239,426
181,92	648,044
182,14	171,792
182,36	-1354,075
182,58	216,454
182,79	-1172,411
183,01	-15468,885
183,23	394,459
183,45	-78,028
183,66	81,271
183,88	871,938
184,10	714,271
184,32	1163,002
184,53	-388,570
184,75	742,443
184,97	-109,295
185,18	1682,171
185,40	361,045
185,62	-793,428
185,84	2190,387
186,05	4855,365
186,27	-4446,154
186,49	-993,024
186,71	181,738
186,92	570,965
187,14	1814,555
187,36	299,727
187,58	661,214
187,79	-853,778
188,01	-817,158
188,23	143,347
188,45	184,220
188,66	148,785
188,88	323,560
189,10	-468,900
189,31	-191,978
189,53	-61,485
189,75	1464,557
189,97	169,090
190,18	516,406
190,40	1035,600
190,62	114,807
190,83	476,358
191,05	-290,204
191,27	6141,652
191,49	581,328
191,70	489,828
191,92	556,145
192,14	374,283
192,35	-1556,060
192,57	-876,991
192,79	-1383,738
193,01	475,205
193,22	-227,907
193,44	-610,585
193,66	336,145
193,87	815,723
194,09	136,178
194,31	292,643
194,53	-362,075
194,74	434,322
194,96	-29,970
195,18	722,637
195,39	-1426,847
195,61	-400,627
195,83	3089,585
196,04	342,895
196,26	181,935
196,48	2217,465
196,70	517,682
196,91	198,959
197,13	-208,702
197,35	227,408
197,56	-367,929
197,78	5713,421
198,00	923,285
198,21	268,151
198,43	929,522
198,65	246,034
198,86	150,557
199,08	632,039
199,30	159,157
199,51	1059,228
199,73	-2400,190
199,95	294,216
200,16	677,658
200,38	195,108
200,60	3856,168
200,81	-761,503
201,03	8969,378
201,25	726,739
201,46	-615,682
201,68	711,758
201,90	236,221
202,11	473,882
202,33	156,782
202,55	86,722
202,76	763,183
202,98	591,389
203,20	391,297
203,41	-1239,550
203,63	589,445
203,85	195,024
204,06	-571,102
204,28	210,447
204,50	-251,567
204,71	496,911
204,93	138,615
205,15	342,131
205,36	-105,075
205,58	-1577,153
205,80	-2531,763
206,01	-1977,691
206,23	222,877
206,45	496,412
206,66	341,118
206,88	-555,666
207,10	2490,358
207,31	-49129,801
207,53	451,489
207,75	20,557
207,96	479,973
208,18	293,816
208,39	248,390
208,61	825,923
208,83	9884,392
209,04	380,275
209,26	645,498
209,48	88,345
209,69	-116,989
209,91	1149,372
210,13	37,160
210,34	225,562
210,56	357,443
210,77	1839,755
210,99	310,260
211,21	-225,697
211,42	153,717
211,64	616,616
211,86	448,028
212,07	285,392
212,29	709,837
212,50	1359,845
212,72	208,056
212,94	485,250
213,15	168,123
213,37	820,097
213,58	163,147
213,80	428,100
214,02	2451,622
214,23	374,754
214,45	240,962
214,67	54,018
214,88	-200,851
215,10	1654,660
215,31	-1392,250
215,53	103,183
215,75	440,047
215,96	569,907
216,18	185,952
216,39	329,376
216,61	467,746
216,83	1101,157
217,04	420,101
217,26	72,842
217,47	626,673
217,69	325,982
217,91	124,776
218,12	953,799
218,34	100,549
218,55	213,450
218,77	4,956
218,99	183,143
219,20	201,362
219,42	491,138
219,63	106,775
219,85	274,586
220,06	167,410
220,28	154,457
220,50	85,370
220,71	110,715
220,93	519,447
221,14	477,878
221,36	94,370
221,58	135,107
221,79	77,435
222,01	141,751
222,22	259,942
222,44	94,731
222,65	196,606
222,87	6,778
223,09	81,790
223,30	19,102
223,52	386,305
223,73	53,649
223,95	114,464
224,16	17,597
224,38	178,088
224,60	63,154
224,81	60,720
225,03	77,848
225,24	127,205
225,46	-20,387
225,67	33,751
225,89	36,268
226,10	137,106
226,32	154,726
226,54	-8,929
226,75	23,350
226,97	146,072
227,18	120,077
227,40	36,654
227,61	60,457
227,83	78,092
228,04	75,975
228,26	80,118
228,47	19,927
228,69	106,271
228,91	62,884
229,12	131,945
229,34	27,764
229,55	61,191
229,77	48,679
229,98	31,159
230,20	42,845
230,41	-3,718
230,63	59,695
230,84	39,900
231,06	66,970
231,27	4,896
231,49	49,763
231,71	20,385
231,92	15,189
232,14	-1,018
232,35	51,823
232,57	19,119
232,78	14,379
233,00	34,695
233,21	28,472
233,43	26,610
233,64	-9,353
233,86	44,747
234,07	35,611
234,29	1,798
234,50	10,991
234,72	33,438
234,93	14,772
235,15	-0,358
235,36	17,990
235,58	50,958
235,79	32,928
236,01	18,718
236,22	14,615
236,44	37,519
236,65	22,905
236,87	18,667
237,08	7,761
237,30	-4,287
237,51	24,463
237,73	14,317
237,94	8,671
238,16	13,008
238,37	8,825
238,59	0,948
238,80	11,407
239,02	6,667
239,23	24,868
239,45	7,970
239,66	18,639
239,88	26,869
240,09	18,924
240,31	13,269
240,52	5,567
240,74	15,653
240,95	14,352
241,17	13,964
241,38	9,074
241,60	2,716
241,81	22,194
242,03	1,312
242,24	14,617
242,46	10,985
242,67	-1,332
242,89	16,143
243,10	12,337
243,32	13,303
243,53	14,989
243,75	5,269
243,96	5,482
244,18	11,236
244,39	17,858
244,60	0,364
244,82	5,518
245,03	15,803
245,25	8,448
245,46	19,733
245,68	6,296
245,89	29,793
246,11	18,595
246,32	9,294
246,54	9,017
246,75	4,193
246,97	16,409
247,18	21,600
247,39	8,207
247,61	16,170
247,82	14,623
248,04	2,816
248,25	2,440
248,47	5,524
248,68	12,014
248,90	8,353
249,11	10,367
249,33	16,888
249,54	10,491
249,75	11,500
249,97	3,667
250,18	21,373
250,40	12,479
250,61	4,805
250,83	3,839
251,04	9,092
251,25	14,081
251,47	10,896
251,68	3,747
251,90	8,385
252,11	9,352
252,33	9,564
252,54	7,955
252,76	1,674
252,97	-0,311
253,18	6,958
253,40	10,266
253,61	3,446
253,83	4,600
254,04	8,067
254,25	4,229
254,47	1,386
254,68	7,826
254,90	4,520
255,11	1,643
255,33	6,131
255,54	5,423
255,75	2,739
255,97	6,982
256,18	3,753
256,40	8,391
256,61	10,086
256,82	5,828
257,04	10,887
257,25	4,934
257,47	5,396
257,68	9,387
257,89	6,147
258,11	4,074
258,32	12,550
258,54	3,018
258,75	15,888
258,96	8,477
259,18	6,672
259,39	2,496
259,61	10,695
259,82	3,409
260,03	4,120
260,25	6,739
260,46	5,474
260,68	4,070
260,89	4,823
261,10	6,590
261,32	4,035
261,53	-1,645
261,75	10,826
261,96	4,434
262,17	18,455
262,39	11,362
262,60	2,738
262,81	4,064
263,03	11,505
263,24	7,752
263,46	3,482
263,67	4,000
263,88	8,671
264,10	7,564
264,31	6,127
264,52	5,638
264,74	7,566
264,95	2,656
265,17	6,468
265,38	9,721
265,59	12,809
265,81	9,028
266,02	1,459
266,23	-1,734
266,45	13,860
266,66	8,546
266,87	8,427
267,09	2,558
267,30	11,306
267,52	12,858
267,73	5,840
267,94	0,444
268,16	7,595
268,37	1,690
268,58	6,498
268,80	1,253
269,01	7,533
269,22	9,448
269,44	5,985
269,65	5,553
269,86	3,777
270,08	6,738
270,29	7,046
270,50	4,397
270,72	9,061
270,93	0,964
271,14	4,133
271,36	1,088
271,57	7,326
271,78	6,105
272,00	3,919
272,21	8,478
272,42	4,792
272,64	11,173
272,85	1,683
273,06	2,186
273,28	5,737
273,49	4,519
273,70	9,347
273,92	7,013
274,13	3,556
274,34	-1,708
274,56	8,445
274,77	5,086
274,98	11,990
275,20	9,646
275,41	8,049
275,62	2,335
275,84	7,391
276,05	15,546
276,26	3,544
276,47	7,271
276,69	9,705
276,90	11,503
277,11	2,724
277,33	1,282
277,54	11,750
277,75	7,161
277,97	1,771
278,18	1,902
278,39	9,508
278,61	1,517
278,82	12,209
279,03	6,642
279,24	3,246
279,46	6,750
279,67	9,934
279,88	4,759
280,10	10,251
280,31	3,132
280,52	0,928
280,73	4,236
280,95	8,703
281,16	4,203
281,37	5,379
281,59	6,658
281,80	10,183
282,01	3,900
282,22	0,230
282,44	3,544
282,65	14,080
282,86	7,307
283,08	1,861
283,29	5,400
283,50	-0,540
283,71	7,143
283,93	6,245
284,14	3,167
284,35	5,570
284,56	6,029
284,78	0,382
284,99	8,049
285,20	12,051
285,42	3,864
285,63	5,306
285,84	1,639
286,05	5,351
286,27	2,406
286,48	6,182
286,69	7,773
286,90	4,395
287,12	3,126
287,33	3,411
287,54	3,869
287,75	9,335
287,97	3,207
288,18	4,754
288,39	5,176
288,60	4,967
288,82	3,769
289,03	2,930
289,24	7,218
289,45	9,749
289,67	6,033
289,88	2,814
290,09	9,010
290,30	3,508
290,52	1,583
290,73	0,894
290,94	3,655
291,15	3,239
291,37	6,472
291,58	3,275
291,79	4,723
292,00	5,033
292,21	4,125
292,43	7,126
292,64	0,415
292,85	7,175
293,06	7,321
293,28	2,400
293,49	2,094
293,70	8,311
293,91	0,797
294,12	4,319
294,34	4,508
294,55	5,584
294,76	5,095
294,97	7,161
295,19	4,151
295,40	5,605
295,61	6,177
295,82	6,119
296,03	4,032
296,25	5,064
296,46	1,095
296,67	5,122
296,88	7,014
297,09	2,610
297,31	1,443
297,52	6,393
297,73	2,944
297,94	4,465
298,15	6,603
298,37	3,856
298,58	1,842
298,79	4,238
299,00	-0,189
299,21	2,083
299,43	2,215
299,64	8,344
299,85	2,395
300,06	2,868
300,27	3,080
300,49	6,874
300,70	6,392
300,91	2,467
301,12	4,415
301,33	7,816
301,54	1,953
301,76	5,793
301,97	3,780
302,18	5,471
302,39	7,615
302,60	2,674
302,82	2,308
303,03	9,837
303,24	2,797
303,45	5,069
303,66	6,478
303,87	1,614
304,09	6,627
304,30	1,373
304,51	3,765
304,72	1,833
304,93	6,171
305,14	5,227
305,36	3,871
305,57	1,875
305,78	7,184
305,99	4,148
306,20	5,258
306,41	0,531
306,62	0,783
306,84	2,382
307,05	4,789
307,26	4,264
307,47	9,068
307,68	2,497
307,89	3,574
308,11	5,951
308,32	3,764
308,53	1,539
308,74	2,304
308,95	1,603
309,16	6,188
309,37	4,300
309,59	2,214
309,80	3,032
310,01	4,266
310,22	4,251
310,43	5,558
310,64	6,435
310,85	4,949
311,06	2,144
311,28	3,494
311,49	4,943
311,70	8,166
311,91	4,468
312,12	2,785
312,33	2,462
312,54	4,477
312,75	8,749
312,97	3,610
313,18	5,549
313,39	0,838
313,60	3,946
313,81	3,608
314,02	4,901
314,23	6,898
314,44	2,819
314,65	3,232
314,87	0,639
315,08	1,580
315,29	4,532
315,50	5,371
315,71	8,963
315,92	7,114
316,13	1,312
316,34	4,075
316,55	6,051
316,77	0,204
316,98	1,563
317,19	2,550
317,40	5,852
317,61	8,082
317,82	4,753
318,03	0,542
318,24	5,435
318,45	7,948
318,66	4,397
318,87	1,844
319,09	5,175
319,30	7,234
319,51	6,604
319,72	4,520
319,93	4,741
320,14	7,216
320,35	7,666
320,56	0,392
320,77	4,674
320,98	9,328
321,19	6,887
321,40	4,154
321,62	5,053
321,83	0,355
322,04	5,651
322,25	4,548
322,46	8,860
322,67	7,469
322,88	8,768
323,09	3,492
323,30	9,650
323,51	10,376
323,72	4,301
323,93	1,761
324,14	3,847
324,35	-2,347
324,56	3,234
324,77	3,520
324,99	5,248
325,20	3,025
325,41	5,036
325,62	3,543
325,83	-0,199
326,04	2,909
326,25	3,158
326,46	0,019
326,67	3,798
326,88	5,475
327,09	2,913
327,30	4,192
327,51	4,803
327,72	3,131
327,93	3,484
328,14	3,143
328,35	5,007
328,56	3,698
328,77	5,541
328,98	6,159
329,19	4,944
329,40	5,407
329,61	1,672
329,82	1,699
330,04	6,950
330,25	5,942
330,46	3,802
330,67	2,621
330,88	5,984
331,09	2,925
331,30	3,411
331,51	4,730
331,72	6,194
331,93	5,213
332,14	2,361
332,35	4,237
332,56	3,434
332,77	7,760
332,98	3,102
333,19	4,675
333,40	5,132
333,61	3,495
333,82	4,784
334,03	6,041
334,24	10,314
334,45	6,219
334,66	5,300
334,87	4,273
335,08	2,202
335,29	1,874
335,50	3,432
335,71	1,523
335,92	9,364
336,13	4,711
336,34	3,246
336,55	4,193
336,76	6,603
336,97	2,546
337,18	5,106
337,39	6,046
337,60	5,539
337,81	4,426
338,02	5,927
338,23	3,592
338,44	3,546
338,65	0,247
338,86	4,470
339,07	4,639
339,28	2,689
339,49	3,753
339,70	1,784
339,91	4,948
340,11	10,157
340,32	5,285
340,53	3,697
340,74	-0,272
340,95	1,649
341,16	3,139
341,37	5,551
341,58	3,963
341,79	2,771
342,00	2,451
342,21	-1,553
342,42	4,506
342,63	6,051
342,84	7,145
343,05	3,723
343,26	8,828
343,47	6,426
343,68	2,173
343,89	0,910
344,10	0,745
344,31	3,712
344,52	5,263
344,73	1,181
344,94	1,009
345,14	4,365
345,35	5,927
345,56	1,119
345,77	0,485
345,98	2,698
346,19	7,009
346,40	6,389
346,61	-0,695
346,82	7,556
347,03	7,658
347,24	2,869
347,45	4,874
347,66	7,718
347,87	3,973
348,08	7,722
348,28	3,193
348,49	4,400
348,70	3,908
348,91	4,817
349,12	5,140
349,33	-0,598
349,54	6,322
349,75	6,318
349,96	4,626
350,17	6,440
350,38	2,578
350,59	2,618
350,80	5,774
351,00	2,961
351,21	10,838
351,42	2,942
351,63	1,725
351,84	3,609
352,05	9,606
352,26	4,021
352,47	6,594
352,68	7,527
352,89	4,084
353,09	1,668
353,30	2,416
353,51	1,663
353,72	10,824
353,93	7,708
354,14	2,854
354,35	2,318
354,56	7,325
354,77	3,787
354,98	2,512
355,18	4,236
355,39	10,368
355,60	1,895
355,81	6,537
356,02	4,961
356,23	2,931
356,44	5,828
356,65	3,317
356,85	8,307
357,06	9,133
357,27	6,241
357,48	2,537
357,69	10,503
357,90	4,530
358,11	0,194
358,32	2,508
358,52	6,038
358,73	3,131
358,94	3,340
359,15	3,854
359,36	8,434
359,57	4,218
359,78	7,175
359,98	5,389
360,19	1,292
360,40	4,518
360,61	6,685
360,82	2,575
361,03	11,946
361,24	16,499
361,44	2,650
361,65	3,403
361,86	0,678
362,07	4,589
362,28	9,590
362,49	4,364
362,70	5,491
362,90	3,718
363,11	3,560
363,32	2,797
363,53	3,243
363,74	10,250
363,95	8,707
364,15	3,162
364,36	9,576
364,57	3,753
364,78	2,065
364,99	1,783
365,20	4,904
365,40	9,471
365,61	6,237
365,82	4,812
366,03	8,995
366,24	2,561
366,45	-0,570
366,65	-1,224
366,86	6,376
367,07	5,123
367,28	1,282
367,49	1,940
367,69	7,416
367,90	3,002
368,11	6,535
368,32	3,204
368,53	9,065
368,73	1,767
368,94	4,971
369,15	7,264
369,36	7,966
369,57	6,505
369,78	5,610
369,98	5,721
370,19	7,805
370,40	3,349
370,61	5,889
370,82	4,833
371,02	10,078
371,23	4,900
371,44	3,386
371,65	3,738
371,85	8,986
372,06	2,636
372,27	9,074
372,48	3,357
372,69	8,675
372,89	6,275
373,10	4,159
373,31	5,752
373,52	4,485
373,73	9,246
373,93	7,376
374,14	4,945
374,35	6,765
374,56	5,041
374,76	4,123
374,97	4,807
375,18	8,404
375,39	6,347
375,60	7,075
375,80	5,106
376,01	2,087
376,22	8,318
376,43	4,018
376,63	5,091
376,84	7,317
377,05	5,059
377,26	4,618
377,46	4,853
377,67	3,031
377,88	-0,602
378,09	6,409
378,29	6,265
378,50	6,272
378,71	6,827
378,92	1,793
379,12	1,340
379,33	5,032
379,54	5,899
379,75	9,449
379,95	6,471
380,16	6,421
380,37	5,277
380,58	3,469
380,78	8,217
380,99	3,006
381,20	4,805
381,41	7,678
381,61	4,638
381,82	6,651
382,03	6,483
382,24	8,781
382,44	5,954
382,65	7,049
382,86	10,655
383,06	9,341
383,27	6,410
383,48	4,213
383,69	7,953
383,89	5,601
384,10	3,284
384,31	7,742
384,51	10,393
384,72	9,623
384,93	5,106
385,14	3,276
385,34	5,048
385,55	6,897
385,76	2,468
385,96	12,368
386,17	5,731
386,38	4,801
386,59	10,471
386,79	8,267
387,00	12,934
387,21	9,292
387,41	6,840
387,62	6,962
387,83	11,337
388,03	5,081
388,24	7,675
388,45	7,541
388,66	7,159
388,86	8,528
389,07	5,922
389,28	14,664
389,48	7,818
389,69	7,622
389,90	2,302
390,10	4,677
390,31	14,282
390,52	7,165
390,72	9,989
390,93	9,599
391,14	10,122
391,34	9,991
391,55	9,960
391,76	13,324
391,96	14,997
392,17	8,932
392,38	8,111
392,58	9,190
392,79	8,211
393,00	6,475
393,20	12,265
393,41	9,222
393,62	15,138
393,82	6,859
394,03	11,733
394,24	8,682
394,44	14,245
394,65	16,203
394,86	8,474
395,06	17,104
395,27	14,272
395,48	11,675
395,68	8,715
395,89	13,218
396,10	15,837
396,30	8,480
396,51	8,790
396,72	11,468
396,92	8,112
397,13	16,090
397,34	9,272
397,54	13,643
397,75	11,253
397,95	11,833
398,16	10,487
398,37	15,407
398,57	4,807
398,78	10,103
398,99	13,618
399,19	15,459
399,40	20,591
399,60	11,054
399,81	14,607
400,02	19,417
400,22	15,768
400,43	16,583
400,64	13,135
400,84	11,415
401,05	17,383
401,25	17,700
401,46	12,586
401,67	19,353
401,87	14,859
402,08	14,100
402,29	15,474
402,49	23,446
402,70	17,947
402,90	12,253
403,11	15,949
403,32	13,894
403,52	13,473
403,73	15,341
403,93	20,786
404,14	25,822
404,35	15,694
404,55	14,620
404,76	15,198
404,96	18,363
405,17	24,319
405,38	23,984
405,58	16,481
405,79	24,119
405,99	23,795
406,20	18,959
406,40	18,178
406,61	20,702
406,82	20,845
407,02	20,154
407,23	15,463
407,43	19,488
407,64	16,891
407,85	20,256
408,05	14,705
408,26	31,436
408,46	26,430
408,67	22,690
408,87	21,030
409,08	18,109
409,29	30,885
409,49	26,649
409,70	21,280
409,90	22,211
410,11	24,185
410,31	25,616
410,52	25,146
410,72	21,692
410,93	26,409
411,14	24,387
411,34	18,321
411,55	23,853
411,75	27,141
411,96	25,644
412,16	26,288
412,37	21,599
412,57	26,755
412,78	28,916
412,99	20,185
413,19	27,545
413,40	23,732
413,60	23,646
413,81	24,892
414,01	25,277
414,22	26,153
414,42	25,163
414,63	23,478
414,83	23,881
415,04	31,945
415,24	26,808
415,45	23,851
415,65	25,685
415,86	30,774
416,07	24,787
416,27	28,729
416,48	30,450
416,68	33,561
416,89	22,557
417,09	28,062
417,30	31,753
417,50	22,681
417,71	30,053
417,91	28,877
418,12	26,726
418,32	28,023
418,53	26,787
418,73	31,176
418,94	28,243
419,14	33,512
419,35	25,992
419,55	29,407
419,76	31,642
419,96	30,014
420,17	26,079
420,37	25,995
420,58	34,404
420,78	32,277
420,99	25,917
421,19	32,065
421,40	34,208
421,60	32,660
421,81	24,428
422,01	31,392
422,22	32,575
422,42	31,825
422,63	32,580
422,83	30,941
423,04	38,765
423,24	38,207
423,45	28,228
423,65	31,094
423,86	34,972
424,06	31,605
424,27	29,309
424,47	31,408
424,67	26,105
424,88	32,789
425,08	29,902
425,29	33,845
425,49	26,952
425,70	25,695
425,90	28,899
426,11	29,916
426,31	31,328
426,52	33,185
426,72	30,518
426,93	28,988
427,13	36,627
427,33	28,759
427,54	33,725
427,74	32,197
427,95	37,839
428,15	30,671
428,36	31,169
428,56	28,030
428,77	32,544
428,97	32,357
429,18	31,836
429,38	30,027
429,58	31,419
429,79	34,829
429,99	29,006
430,20	31,746
430,40	37,029
430,61	29,040
430,81	30,162
431,01	36,712
431,22	37,291
431,42	33,222
431,63	26,746
431,83	35,343
432,04	39,304
432,24	34,101
432,44	32,346
432,65	32,474
432,85	30,974
433,06	34,972
433,26	31,080
433,47	33,319
433,67	30,530
433,87	31,967
434,08	31,772
434,28	28,968
434,49	33,420
434,69	40,995
434,89	33,905
435,10	32,649
435,30	37,064
435,51	29,766
435,71	30,414
435,91	32,103
436,12	29,601
436,32	31,241
436,53	32,507
436,73	32,954
436,93	32,707
437,14	33,145
437,34	33,941
437,55	30,148
437,75	35,577
437,95	37,394
438,16	30,418
438,36	32,595
438,57	34,670
438,77	31,165
438,97	36,322
439,18	36,100
439,38	32,561
439,58	29,491
439,79	32,069
439,99	26,421
440,20	39,367
440,40	37,440
440,60	34,647
440,81	31,278
441,01	32,973
441,21	35,945
441,42	33,462
441,62	33,656
441,83	33,165
442,03	34,032
442,23	36,924
442,44	35,002
442,64	36,267
442,84	29,082
443,05	36,568
443,25	33,233
443,45	36,638
443,66	35,941
443,86	31,079
444,06	34,840
444,27	30,158
444,47	40,304
444,67	36,135
444,88	33,782
445,08	32,584
445,28	30,255
445,49	34,104
445,69	32,755
445,90	36,128
446,10	39,665
446,30	32,812
446,51	33,397
446,71	36,707
446,91	37,077
447,12	42,144
447,32	29,976
447,52	35,380
447,72	37,969
447,93	31,603
448,13	29,769
448,33	39,161
448,54	38,507
448,74	28,872
448,94	32,896
449,15	41,345
449,35	32,360
449,55	37,601
449,76	33,318
449,96	31,867
450,16	31,542
450,37	31,876
450,57	33,571
450,77	36,126
450,98	34,113
451,18	36,315
451,38	35,167
451,58	40,019
451,79	33,132
451,99	33,447
452,19	37,077
452,40	41,834
452,60	30,555
452,80	37,350
453,00	37,799
453,21	29,840
453,41	34,951
453,61	32,160
453,82	34,905
454,02	30,535
454,22	46,953
454,42	37,102
454,63	33,882
454,83	34,316
455,03	38,138
455,24	33,939
455,44	35,331
455,64	29,632
455,84	31,698
456,05	33,525
456,25	29,189
456,45	33,719
456,65	34,926
456,86	34,697
457,06	34,939
457,26	37,290
457,47	39,305
457,67	31,397
457,87	30,097
458,07	33,986
458,28	36,871
458,48	38,729
458,68	30,945
458,88	40,395
459,09	27,923
459,29	38,686
459,49	27,683
459,69	34,955
459,90	38,588
460,10	34,339
460,30	35,152
460,50	30,801
460,71	35,551
460,91	30,669
461,11	38,114
461,31	37,058
461,52	37,855
461,72	34,257
461,92	30,691
462,12	40,085
462,32	31,021
462,53	31,136
462,73	32,879
462,93	35,713
463,13	37,516
463,34	33,526
463,54	35,060
463,74	35,583
463,94	34,064
464,14	36,808
464,35	31,142
464,55	40,823
464,75	41,998
464,95	34,355
465,16	32,845
465,36	40,928
465,56	32,868
465,76	32,060
465,96	36,265
466,17	32,441
466,37	30,603
466,57	36,556
466,77	37,794
466,97	32,404
467,18	39,444
467,38	37,244
467,58	42,184
467,78	37,023
467,98	35,618
468,19	32,231
468,39	36,312
468,59	31,513
468,79	35,480
468,99	36,689
469,19	32,356
469,40	33,720
469,60	34,132
469,80	33,327
470,00	36,519
470,20	38,268
470,41	31,627
470,61	36,982
470,81	35,539
471,01	32,782
471,21	36,738
471,41	36,795
471,62	35,565
471,82	30,192
472,02	32,646
472,22	34,477
472,42	29,976
472,62	41,048
472,83	30,509
473,03	37,249
473,23	34,963
473,43	38,182
473,63	36,197
473,83	37,148
474,03	37,450
474,24	37,368
474,44	36,212
474,64	34,599
474,84	27,605
475,04	30,201
475,24	36,053
475,45	33,862
475,65	33,365
475,85	38,796
476,05	28,779
476,25	32,416
476,45	36,994
476,65	36,298
476,85	32,967
477,06	34,600
477,26	29,849
477,46	31,565
477,66	36,319
477,86	34,697
478,06	34,582
478,26	41,443
478,46	33,422
478,67	36,676
478,87	31,528
479,07	33,832
479,27	38,991
479,47	31,970
479,67	26,958
479,87	32,467
480,07	36,251
480,28	32,565
480,48	30,253
480,68	34,993
480,88	40,589
481,08	37,093
481,28	34,650
481,48	34,689
481,68	34,422
481,88	30,454
482,08	33,298
482,29	35,289
482,49	31,132
482,69	31,620
482,89	30,734
483,09	38,215
483,29	30,513
483,49	27,199
483,69	33,495
483,89	34,068
484,09	30,673
484,29	30,773
484,50	33,804
484,70	34,649
484,90	31,447
485,10	35,990
485,30	34,662
485,50	36,027
485,70	33,941
485,90	30,613
486,10	29,633
486,30	29,831
486,50	33,285
486,70	29,163
486,90	31,724
487,10	34,622
487,30	34,075
487,51	32,210
487,71	30,430
487,91	32,695
488,11	36,608
488,31	32,712
488,51	32,788
488,71	31,765
488,91	30,965
489,11	31,619
489,31	31,181
489,51	33,439
489,71	32,441
489,91	31,964
490,11	33,220
490,31	34,939
490,51	33,996
490,71	34,100
490,91	31,705
491,11	33,631
491,31	34,975
491,51	33,584
491,72	32,579
491,92	32,843
492,12	37,218
492,32	34,528
492,52	35,500
492,72	31,710
492,92	33,296
493,12	37,775
493,32	32,352
493,52	32,004
493,72	33,390
493,92	32,301
494,12	32,348
494,32	34,787
494,52	32,960
494,72	32,730
494,92	32,629
495,12	37,586
495,32	39,568
495,52	33,679
495,72	35,202
495,92	35,647
496,12	37,370
496,32	35,210
496,52	34,036
496,72	36,327
496,92	36,026
497,12	35,503
497,32	35,991
497,52	34,420
497,72	35,762
497,92	34,100
498,12	34,888
498,32	34,403
498,52	32,996
498,72	32,216
498,92	31,476
499,12	35,854
499,32	32,059
499,52	39,928
499,72	34,959
499,92	37,262
500,12	35,413
500,32	34,113
500,52	35,124
500,72	38,812
500,91	38,573
501,11	35,691
501,31	33,706
501,51	38,043
501,71	37,582
501,91	36,126
502,11	32,916
502,31	34,949
502,51	36,804
502,71	37,139
502,91	33,131
503,11	34,641
503,31	37,088
503,51	31,187
503,71	33,933
503,91	37,436
504,11	34,912
504,31	36,875
504,51	34,309
504,71	42,534
504,91	32,803
505,10	37,574
505,30	35,726
505,50	37,070
505,70	36,129
505,90	38,021
506,10	32,203
506,30	38,202
506,50	35,722
506,70	38,227
506,90	36,518
507,10	33,079
507,30	33,638
507,50	34,955
507,70	40,258
507,89	36,830
508,09	35,191
508,29	32,114
508,49	32,996
508,69	37,757
508,89	34,882
509,09	34,517
509,29	35,138
509,49	37,597
509,69	37,231
509,89	38,445
510,09	37,060
510,28	36,407
510,48	36,185
510,68	35,105
510,88	35,190
511,08	37,581
511,28	35,064
511,48	35,197
511,68	30,979
511,88	41,222
512,07	32,332
512,27	33,107
512,47	34,108
512,67	35,485
512,87	33,136
513,07	35,735
513,27	33,868
513,47	35,646
513,67	32,111
513,86	37,177
514,06	37,085
514,26	35,208
514,46	37,556
514,66	34,705
514,86	35,853
515,06	38,879
515,26	38,726
515,45	35,918
515,65	35,168
515,85	35,907
516,05	34,046
516,25	34,408
516,45	37,558
516,65	33,702
516,84	36,182
517,04	40,472
517,24	35,480
517,44	36,093
517,64	38,882
517,84	39,440
518,04	35,666
518,23	36,187
518,43	40,752
518,63	36,032
518,83	33,744
519,03	36,482
519,23	36,112
519,42	37,841
519,62	35,533
519,82	36,623
520,02	36,597
520,22	37,418
520,42	36,681
520,61	37,294
520,81	35,701
521,01	42,392
521,21	34,082
521,41	36,169
521,61	41,384
521,80	36,128
522,00	36,899
522,20	40,770
522,40	36,733
522,60	36,349
522,79	35,069
522,99	41,080
523,19	32,738
523,39	36,313
523,59	36,893
523,78	38,035
523,98	35,359
524,18	38,618
524,38	33,689
524,58	37,461
524,77	38,033
524,97	36,760
525,17	35,212
525,37	37,564
525,57	41,384
525,76	37,794
525,96	39,620
526,16	35,691
526,36	36,399
526,56	37,039
526,75	36,657
526,95	39,663
527,15	37,732
527,35	37,464
527,55	34,475
527,74	36,931
527,94	35,690
528,14	34,924
528,34	36,271
528,53	36,295
528,73	41,567
528,93	39,679
529,13	35,994
529,32	36,474
529,52	36,201
529,72	36,714
529,92	34,798
530,12	36,603
530,31	36,739
530,51	39,346
530,71	35,358
530,91	42,509
531,10	33,945
531,30	38,790
531,50	33,788
531,70	39,295
531,89	40,415
532,09	34,406
532,29	36,398
532,49	36,564
532,68	36,870
532,88	34,311
533,08	34,856
533,28	36,806
533,47	37,067
533,67	37,388
533,87	37,342
534,06	44,369
534,26	33,861
534,46	36,118
534,66	37,466
534,85	37,580
535,05	34,017
535,25	34,896
535,45	35,910
535,64	39,995
535,84	38,865
536,04	32,870
536,23	36,048
536,43	41,868
536,63	36,931
536,83	37,867
537,02	37,524
537,22	33,329
537,42	37,596
537,61	35,934
537,81	36,072
538,01	37,053
538,20	38,090
538,40	34,742
538,60	35,539
538,80	34,729
538,99	36,632
539,19	35,384
539,39	32,267
539,58	36,070
539,78	34,574
539,98	32,193
540,17	30,983
540,37	35,387
540,57	30,371
540,76	31,293
540,96	28,495
541,16	32,529
541,36	30,154
541,55	28,349
541,75	26,351
541,95	30,315
542,14	27,485
542,34	25,422
542,54	25,365
542,73	30,439
542,93	27,502
543,13	28,225
543,32	25,564
543,52	31,477
543,72	26,539
543,91	28,800
544,11	26,676
544,31	24,459
544,50	27,440
544,70	30,744
544,89	28,571
545,09	29,954
545,29	30,530
545,48	31,411
545,68	26,676
545,88	31,230
546,07	29,196
546,27	29,612
546,47	31,324
546,66	32,334
546,86	30,155
547,06	32,844
547,25	31,108
547,45	32,613
547,64	33,992
547,84	35,587
548,04	35,025
548,23	39,931
548,43	34,907
548,63	35,035
548,82	34,774
549,02	33,926
549,21	31,476
549,41	35,273
549,61	36,668
549,80	34,305
550,00	36,061
550,20	33,632
550,39	35,603
550,59	36,007
550,78	38,184
550,98	35,712
551,18	36,814
551,37	35,540
551,57	36,325
551,76	37,605
551,96	35,574
552,16	35,382
552,35	35,802
552,55	33,485
552,74	35,116
552,94	37,555
553,14	34,188
553,33	36,469
553,53	36,628
553,72	34,773
553,92	38,525
554,12	33,981
554,31	37,582
554,51	34,049
554,70	31,358
554,90	36,155
555,09	39,201
555,29	36,532
555,49	37,251
555,68	40,640
555,88	33,752
556,07	35,449
556,27	41,051
556,46	36,625
556,66	35,745
556,86	42,460
557,05	38,963
557,25	36,330
557,44	35,684
557,64	34,985
557,83	37,866
558,03	37,028
558,22	35,732
558,42	37,529
558,62	37,795
558,81	38,213
559,01	38,033
559,20	38,943
559,40	36,283
559,59	35,911
559,79	34,786
559,98	38,232
560,18	38,692
560,37	36,649
560,57	36,586
560,76	35,587
560,96	33,524
561,16	36,747
561,35	35,445
561,55	38,956
561,74	37,564
561,94	37,397
562,13	35,253
562,33	38,194
562,52	38,035
562,72	35,859
562,91	35,872
563,11	37,740
563,30	37,996
563,50	36,515
563,69	34,736
563,89	34,056
564,08	37,923
564,28	35,730
564,47	38,877
564,67	37,300
564,86	36,918
565,06	35,534
565,25	34,160
565,45	34,524
565,64	39,353
565,84	36,588
566,03	34,027
566,23	38,000
566,42	38,775
566,62	35,593
566,81	35,841
567,01	33,415
567,20	38,504
567,40	36,322
567,59	33,087
567,79	40,145
567,98	39,906
568,18	34,948
568,37	38,758
568,57	36,602
568,76	37,779
568,96	37,046
569,15	34,106
569,35	35,752
569,54	41,166
569,73	36,105
569,93	36,257
570,12	35,597
570,32	37,273
570,51	37,434
570,71	39,490
570,90	37,736
571,10	36,142
571,29	36,188
571,49	35,325
571,68	38,716
571,87	37,888
572,07	37,320
572,26	32,281
572,46	36,185
572,65	36,565
572,85	35,933
573,04	36,091
573,24	35,723
573,43	39,314
573,62	38,067
573,82	37,698
574,01	37,018
574,21	33,963
574,40	35,921
574,60	33,264
574,79	40,094
574,98	36,167
575,18	36,878
575,37	34,647
575,57	36,685
575,76	37,860
575,96	36,068
576,15	36,850
576,34	35,071
576,54	35,953
576,73	37,666
576,93	37,129
577,12	35,870
577,31	36,768
577,51	35,650
577,70	36,546
577,90	36,220
578,09	37,143
578,28	36,055
578,48	36,141
578,67	36,429
578,87	36,797
579,06	36,611
579,25	36,210
579,45	37,941
579,64	34,809
579,84	34,313
580,03	36,358
580,22	38,359
580,42	34,329
580,61	35,991
580,81	36,741
581,00	35,139
581,19	38,129
581,39	36,312
581,58	34,313
581,77	35,707
581,97	37,402
582,16	35,526
582,35	35,658
582,55	36,162
582,74	36,503
582,94	37,608
583,13	35,292
583,32	36,034
583,52	37,494
583,71	36,063
583,90	36,151
584,10	36,420
584,29	37,769
584,48	34,475
584,68	33,957
584,87	37,281
585,06	34,811
585,26	33,362
585,45	36,227
585,65	37,531
585,84	37,121
586,03	35,044
586,23	34,002
586,42	36,175
586,61	39,514
586,81	36,744
587,00	34,692
587,19	36,102
587,39	35,946
587,58	35,367
587,77	35,902
587,97	33,211
588,16	36,330
588,35	34,545
588,54	35,525
588,74	36,394
588,93	38,591
589,12	36,742
589,32	34,660
589,51	35,683
589,70	33,460
589,90	33,327
590,09	33,590
590,28	38,934
590,48	34,204
590,67	37,297
590,86	35,358
591,06	35,213
591,25	36,573
591,44	36,220
591,63	36,006
591,83	35,235
592,02	37,568
592,21	36,103
592,41	36,172
592,60	38,712
592,79	36,156
592,98	36,675
593,18	35,906
593,37	35,966
593,56	37,169
593,76	36,358
593,95	36,169
594,14	35,329
594,33	38,115
594,53	37,322
594,72	34,648
594,91	37,361
595,10	35,834
595,30	35,987
595,49	36,265
595,68	37,570
595,88	39,656
596,07	37,067
596,26	39,014
596,45	36,720
596,65	34,526
596,84	35,213
597,03	37,404
597,22	35,265
597,42	38,413
597,61	35,638
597,80	37,564
597,99	36,005
598,19	37,725
598,38	36,663
598,57	34,670
598,76	38,493
598,95	37,272
599,15	37,963
599,34	35,306
599,53	34,358
599,72	35,470
599,92	37,636
600,11	38,011
600,30	37,166
600,49	40,885
600,69	36,029
600,88	37,023
601,07	35,669
601,26	35,038
601,45	35,734
601,65	34,660
601,84	37,098
602,03	36,428
602,22	36,345
602,42	37,367
602,61	35,718
602,80	36,926
602,99	36,189
603,18	35,504
603,38	39,952
603,57	35,358
603,76	34,647
603,95	36,959
604,14	37,197
604,34	34,739
604,53	35,100
604,72	37,968
604,91	36,527
605,10	37,225
605,29	37,720
605,49	34,769
605,68	36,738
605,87	41,092
606,06	34,467
606,25	36,159
606,45	38,548
606,64	37,457
606,83	37,856
607,02	35,610
607,21	37,057
607,40	37,540
607,60	34,000
607,79	36,785
607,98	35,018
608,17	34,744
608,36	35,403
608,55	34,720
608,75	35,003
608,94	35,163
609,13	31,233
609,32	31,792
609,51	33,202
609,70	34,131
609,89	32,515
610,09	30,730
610,28	31,769
610,47	32,464
610,66	32,905
610,85	29,531
611,04	32,572
611,23	31,290
611,43	29,261
611,62	31,647
611,81	30,650
612,00	32,283
612,19	29,592
612,38	32,636
612,57	33,841
612,77	32,911
612,96	31,972
613,15	34,328
613,34	33,762
613,53	33,029
613,72	34,734
613,91	32,707
614,10	34,037
614,29	35,784
614,49	33,660
614,68	33,209
614,87	34,703
615,06	37,563
615,25	34,459
615,44	36,939
615,63	37,421
615,82	33,998
616,01	36,758
616,21	33,697
616,40	35,197
616,59	38,481
616,78	34,363
616,97	34,584
617,16	34,628
617,35	37,999
617,54	35,027
617,73	36,659
617,92	35,233
618,11	37,259
618,31	35,584
618,50	37,979
618,69	35,545
618,88	34,903
619,07	32,214
619,26	33,887
619,45	34,444
619,64	33,052
619,83	34,862
620,02	34,590
620,21	37,512
620,40	36,538
620,59	36,290
620,78	34,716
620,97	35,166
621,17	37,804
621,36	34,106
621,55	33,397
621,74	36,489
621,93	36,959
622,12	35,461
622,31	33,612
622,50	36,337
622,69	37,802
622,88	36,542
623,07	37,895
623,26	35,685
623,45	38,686
623,64	36,130
623,83	35,960
624,02	35,993
624,21	36,946
624,40	35,321
624,59	32,787
624,78	35,559
624,97	37,998
625,16	34,596
625,35	34,224
625,54	35,322
625,73	34,301
625,92	37,845
626,12	37,299
626,31	37,714
626,50	36,765
626,69	36,166
626,88	36,197
627,07	36,211
627,26	36,086
627,45	38,600
627,64	34,786
627,83	37,435
628,02	35,374
628,21	35,793
628,40	35,481
628,59	38,287
628,78	33,101
628,97	36,165
629,16	34,901
629,35	35,960
629,54	36,833
629,73	36,418
629,92	33,542
630,10	36,494
630,29	37,656
630,48	35,144
630,67	34,529
630,86	37,339
631,05	34,730
631,24	36,532
631,43	34,806
631,62	35,233
631,81	34,679
632,00	36,565
632,19	33,954
632,38	36,114
632,57	36,954
632,76	33,846
632,95	35,674
633,14	37,536
633,33	39,197
633,52	36,458
633,71	36,426
633,90	33,652
634,09	37,556
634,28	36,241
634,47	34,838
634,66	36,735
634,85	36,480
635,04	38,992
635,22	35,467
635,41	35,475
635,60	39,411
635,79	36,825
635,98	34,771
636,17	36,134
636,36	34,740
636,55	34,487
636,74	34,980
636,93	36,820
637,12	36,895
637,31	35,911
637,50	35,076
637,69	36,241
637,87	38,324
638,06	35,437
638,25	34,556
638,44	35,249
638,63	34,130
638,82	35,730
639,01	35,783
639,20	35,975
639,39	38,078
639,58	35,104
639,77	36,065
639,95	35,977
640,14	36,567
640,33	34,046
640,52	36,169
640,71	39,318
640,90	35,638
641,09	39,131
641,28	34,363
641,47	36,818
641,66	37,517
641,84	38,379
642,03	33,324
642,22	36,778
642,41	38,762
642,60	37,418
642,79	36,576
642,98	36,447
643,17	36,757
643,35	34,606
643,54	36,047
643,73	36,164
643,92	36,394
644,11	36,491
644,30	35,016
644,49	37,969
644,67	36,521
644,86	34,950
645,05	35,630
645,24	35,420
645,43	35,194
645,62	36,239
645,81	33,694
645,99	34,765
646,18	38,530
646,37	36,135
646,56	35,862
646,75	36,222
646,94	39,415
647,13	35,251
647,31	36,030
647,50	35,182
647,69	38,054
647,88	37,474
648,07	38,563
648,26	40,805
648,44	35,802
648,63	37,824
648,82	35,049
649,01	38,873
649,20	34,497
649,38	36,790
649,57	36,422
649,76	35,384
649,95	36,962
650,14	34,013
650,33	35,752
650,51	35,236
650,70	35,228
650,89	36,368
651,08	35,362
651,27	37,273
651,45	36,206
651,64	34,948
651,83	36,055
652,02	35,586
652,21	35,650
652,39	37,997
652,58	38,082
652,77	38,591
652,96	36,767
653,15	37,659
653,33	36,935
653,52	37,800
653,71	37,051
653,90	37,229
654,09	36,005
654,27	35,787
654,46	38,200
654,65	37,216
654,84	36,760
655,02	37,766
655,21	36,365
655,40	37,487
655,59	36,834
655,77	37,770
655,96	35,899
656,15	37,945
656,34	37,843
656,53	36,277
656,71	37,589
656,90	38,516
657,09	37,683
657,28	38,646
657,46	36,730
657,65	36,029
657,84	37,442
658,03	35,624
658,21	37,264
658,40	35,239
658,59	36,182
658,78	37,082
658,96	36,228
659,15	37,113
659,34	35,036
659,52	37,182
659,71	36,773
659,90	36,414
660,09	35,652
660,27	36,942
660,46	39,476
660,65	36,972
660,84	34,953
661,02	36,431
661,21	38,267
661,40	37,654
661,58	37,059
661,77	37,348
661,96	34,793
662,15	36,529
662,33	35,598
662,52	37,008
662,71	35,096
662,89	35,503
663,08	36,768
663,27	37,254
663,45	35,294
663,64	36,826
663,83	35,516
664,02	33,823
664,20	37,226
664,39	35,494
664,58	37,146
664,76	36,220
664,95	37,021
665,14	37,751
665,32	36,525
665,51	37,293
665,70	38,218
665,88	37,527
666,07	35,745
666,26	37,721
666,44	37,003
666,63	34,607
666,82	35,873
667,00	35,394
667,19	36,178
667,38	36,297
667,56	36,816
667,75	36,822
667,94	36,418
668,12	36,008
668,31	37,728
668,50	36,997
668,68	37,801
668,87	35,680
669,06	37,875
669,24	38,521
669,43	36,994
669,62	36,965
669,80	35,376
669,99	36,206
670,18	36,870
670,36	35,132
670,55	38,396
670,74	34,603
670,92	32,876
671,11	38,689
671,29	34,455
671,48	36,763
671,67	35,055
671,85	36,953
672,04	36,866
672,23	35,987
672,41	36,782
672,60	36,716
672,78	36,340
672,97	36,887
673,16	38,002
673,34	37,923
673,53	35,996
673,71	36,489
673,90	36,479
674,09	36,607
674,27	37,390
674,46	35,135
674,64	35,969
674,83	36,597
675,02	35,372
675,20	35,948
675,39	36,004
675,57	36,040
675,76	35,071
675,95	38,938
676,13	35,947
676,32	34,917
676,50	36,238
676,69	35,302
676,88	36,044
677,06	34,240
677,25	36,171
677,43	38,662
677,62	38,862
677,80	35,690
677,99	36,065
678,18	38,797
678,36	38,868
678,55	35,178
678,73	34,708
678,92	36,006
679,10	36,254
679,29	36,579
679,48	34,055
679,66	36,473
679,85	36,870
680,03	37,038
680,22	35,342
680,40	36,271
680,59	36,472
680,77	35,550
680,96	37,169
681,15	35,946
681,33	39,698
681,52	35,697
681,70	37,496
681,89	40,030
682,07	35,686
682,26	35,478
682,44	36,648
682,63	36,938
682,81	38,001
683,00	35,711
683,18	35,003
683,37	37,178
683,55	35,182
683,74	38,024
683,92	40,726
684,11	37,428
684,29	36,247
684,48	35,200
684,67	36,052
684,85	35,348
685,04	36,740
685,22	36,478
685,41	34,912
685,59	37,799
685,78	34,194
685,96	36,047
686,15	35,341
686,33	36,428
686,52	36,357
686,70	35,367
686,89	35,477
687,07	36,208
687,26	37,311
687,44	36,603
687,62	35,961
687,81	36,908
687,99	38,729
688,18	36,618
688,36	38,433
688,55	39,185
688,73	36,345
688,92	35,888
689,10	36,146
689,29	37,845
689,47	38,178
689,66	34,801
689,84	35,744
690,03	39,791
690,21	34,695
690,40	35,409
690,58	34,922
690,76	35,627
690,95	36,958
691,13	34,844
691,32	37,563
691,50	35,344
691,69	37,054
691,87	36,598
692,06	36,097
692,24	35,862
692,43	37,398
692,61	35,879
692,79	35,745
692,98	34,994
693,16	38,097
693,35	35,099
693,53	36,708
693,72	38,079
693,90	38,778
694,08	35,199
694,27	36,555
694,45	37,106
694,64	38,552
694,82	36,028
695,01	36,903
695,19	33,296
695,37	37,418
695,56	36,831
695,74	36,133
695,93	37,890
696,11	35,203
696,29	37,059
696,48	37,806
696,66	36,853
696,85	35,705
697,03	35,615
697,21	38,170
697,40	38,298
697,58	36,866
697,77	37,317
697,95	36,075
698,13	36,138
698,32	34,846
698,50	34,858
698,69	35,455
698,87	36,873
699,05	38,716
699,24	35,143
699,42	36,017
699,60	33,288
699,79	35,843
699,97	34,835
700,16	35,073
700,34	40,251
700,52	36,771
700,71	37,014
700,89	34,319
701,07	33,423
701,26	35,759
701,44	35,302
701,63	35,929
701,81	37,008
701,99	37,161
702,18	37,110
702,36	36,085
702,54	37,870
702,73	35,977
702,91	35,555
703,09	35,220
703,28	34,435
703,46	36,589
703,64	36,612
703,83	36,301
704,01	36,919
704,19	36,066
704,38	33,507
704,56	36,364
704,74	36,923
704,93	35,308
705,11	36,374
705,29	34,535
705,48	39,464
705,66	36,948
705,84	35,317
706,03	33,381
706,21	35,050
706,39	34,978
706,58	32,681
706,76	36,810
706,94	36,979
707,12	35,831
707,31	36,263
707,49	34,987
707,67	35,230
707,86	38,328
708,04	35,955
708,22	35,580
708,41	37,334
708,59	35,340
708,77	36,815
708,95	36,022
709,14	38,217
709,32	37,674
709,50	35,859
709,69	36,376
709,87	35,405
710,05	35,371
710,23	35,455
710,42	35,482
710,60	35,815
710,78	39,188
710,97	36,075
711,15	36,340
711,33	36,635
711,51	34,728
711,70	34,943
711,88	37,008
712,06	38,788
712,24	37,063
712,43	37,214
712,61	35,635
712,79	35,986
712,97	35,044
713,16	37,520
713,34	34,444
713,52	37,798
713,70	35,726
713,89	35,302
714,07	34,472
714,25	36,817
714,43	37,801
714,62	35,547
714,80	35,326
714,98	33,299
715,16	35,072
715,35	34,595
715,53	36,323
715,71	38,660
715,89	40,239
716,07	38,321
716,26	36,252
716,44	39,138
716,62	35,642
716,80	37,445
716,99	36,601
717,17	38,453
717,35	36,665
717,53	35,554
717,71	35,107
717,90	38,454
718,08	37,446
718,26	35,822
718,44	38,389
718,62	37,815
718,81	37,186
718,99	34,145
719,17	35,837
719,35	35,831
719,53	35,981
719,72	33,751
719,90	35,015
720,08	36,567
720,26	38,385
720,44	34,509
720,62	35,962
720,81	40,583
720,99	38,565
721,17	34,987
721,35	37,498
721,53	33,510
721,72	38,523
721,90	35,585
722,08	36,479
722,26	36,732
722,44	36,741
722,62	34,956
722,81	35,864
722,99	35,631
723,17	36,003
723,35	36,757
723,53	38,240
723,71	38,573
723,89	40,688
724,08	36,866
724,26	33,988
724,44	37,067
724,62	37,059
724,80	32,497
724,98	36,050
725,16	39,015
725,35	37,588
725,53	37,035
725,71	36,225
725,89	34,596
726,07	40,571
726,25	39,239
726,43	34,511
726,61	36,256
726,80	37,363
726,98	35,373
727,16	34,212
727,34	37,746
727,52	35,384
727,70	35,941
727,88	36,243
728,06	33,759
728,25	35,129
728,43	34,713
728,61	37,332
728,79	35,881
728,97	38,217
729,15	35,732
729,33	38,872
729,51	37,641
729,69	36,784
729,87	36,705
730,06	38,125
730,24	38,358
730,42	39,245
730,60	36,418
730,78	36,261
730,96	36,889
731,14	36,563
731,32	36,902
731,50	35,272
731,68	34,942
731,86	38,845
732,04	36,637
732,22	36,781
732,41	43,793
732,59	35,922
732,77	36,593
732,95	37,022
733,13	38,368
733,31	36,814
733,49	35,037
733,67	37,335
733,85	39,799
734,03	35,941
734,21	35,979
734,39	36,980
734,57	36,427
734,75	38,835
734,93	35,280
735,11	36,667
735,29	34,916
735,47	37,513
735,65	34,649
735,84	34,594
736,02	35,787
736,20	38,967
736,38	34,795
736,56	37,241
736,74	37,297
736,92	35,092
737,10	36,936
737,28	38,170
737,46	35,988
737,64	36,680
737,82	34,990
738,00	38,339
738,18	37,082
738,36	38,099
738,54	36,495
738,72	36,693
738,90	36,386
739,08	36,550
739,26	35,906
739,44	37,495
739,62	39,586
739,80	38,745
739,98	35,675
740,16	36,294
740,34	36,042
740,52	40,884
740,70	35,756
740,88	35,946
741,06	37,113
741,24	36,489
741,42	34,554
741,60	35,894
741,78	37,866
741,96	36,966
742,14	37,523
742,32	37,616
742,50	35,373
742,68	38,507
742,86	37,564
743,04	34,013
743,21	38,195
743,39	37,129
743,57	36,597
743,75	37,950
743,93	33,867
744,11	34,198
744,29	36,828
744,47	35,434
744,65	36,831
744,83	36,301
745,01	35,219
745,19	35,873
745,37	39,414
745,55	39,520
745,73	39,530
745,91	35,503
746,09	36,171
746,27	34,908
746,45	35,392
746,62	37,687
746,80	34,549
746,98	35,943
747,16	34,146
747,34	35,997
747,52	36,524
747,70	37,589
747,88	36,516
748,06	37,532
748,24	35,912
748,42	39,236
748,60	36,693
748,78	34,014
748,95	40,311
749,13	41,186
749,31	36,188
749,49	37,003
749,67	37,827
749,85	38,898
750,03	38,053
750,21	36,228
750,39	39,763
750,57	33,709
750,74	38,543
750,92	36,104
751,10	38,118
751,28	35,310
751,46	37,880
751,64	36,534
751,82	36,924
752,00	38,289
752,17	39,115
752,35	38,020
752,53	37,963
752,71	36,811
752,89	36,577
753,07	34,967
753,25	36,197
753,43	35,719
753,60	38,140
753,78	37,449
753,96	39,272
754,14	38,611
754,32	39,475
754,50	37,122
754,68	38,777
754,85	36,227
755,03	37,885
755,21	38,930
755,39	41,363
755,57	36,371
755,75	36,707
755,92	36,079
756,10	37,830
756,28	36,286
756,46	35,640
756,64	37,257
756,82	36,253
756,99	35,264
757,17	35,919
757,35	35,527
757,53	41,381
757,71	39,832
757,89	34,426
758,06	37,340
758,24	37,880
758,42	37,792
758,60	34,121
758,78	37,093
758,95	38,586
759,13	37,743
759,31	37,961
759,49	35,602
759,67	37,120
759,84	34,625
760,02	37,562
760,20	35,778
760,38	37,078
760,56	35,630
760,73	36,145
760,91	35,451
761,09	38,799
761,27	35,924
761,45	37,564
761,62	33,049
761,80	36,770
761,98	37,160
762,16	40,274
762,33	34,235
762,51	37,022
762,69	35,138
762,87	36,499
763,05	37,934
763,22	36,695
763,40	36,952
763,58	37,856
763,76	36,342
763,93	38,722
764,11	39,341
764,29	38,448
764,47	37,451
764,64	39,003
764,82	39,647
765,00	37,304
765,18	35,031
765,35	34,743
765,53	34,731
765,71	37,406
765,89	36,830
766,06	35,011
766,24	37,443
766,42	36,344
766,60	34,549
766,77	35,976
766,95	37,474
767,13	37,300
767,30	37,547
767,48	35,450
767,66	36,115
767,84	35,206
768,01	37,634
768,19	35,738
768,37	35,358
768,54	36,637
768,72	37,853
768,90	35,758
769,08	38,564
769,25	36,935
769,43	36,364
769,61	35,584
769,78	38,240
769,96	35,861
770,14	38,096
770,31	39,357
770,49	40,219
770,67	35,991
770,85	36,656
771,02	38,811
771,20	36,152
771,38	36,827
771,55	35,687
771,73	33,064
771,91	37,374
772,08	38,484
772,26	36,815
772,44	38,007
772,61	38,541
772,79	37,487
772,97	35,124
773,14	36,806
773,32	39,717
773,50	35,443
773,67	39,029
773,85	37,969
774,03	39,961
774,20	37,854
774,38	37,059
774,56	37,310
774,73	36,261
774,91	34,949
775,09	35,387
775,26	38,575
775,44	37,584
775,61	37,679
775,79	35,654
775,97	39,696
776,14	35,630
776,32	38,527
776,50	38,166
776,67	38,427
776,85	38,579
777,03	34,779
777,20	36,999
777,38	38,978
777,55	38,089
777,73	37,533
777,91	33,315
778,08	36,055
778,26	36,413
778,43	38,148
778,61	35,897
778,79	34,137
778,96	38,562
779,14	37,172
779,32	36,976
779,49	35,067
779,67	40,579
779,84	37,751
780,02	38,871
780,20	35,655
780,37	39,088
780,55	32,937
780,72	37,086
780,90	36,977
781,07	39,190
781,25	39,726
781,43	37,682
781,60	35,519
781,78	43,446
781,95	40,032
782,13	36,435
782,30	39,849
782,48	37,484
782,66	35,411
782,83	36,743
783,01	44,881
783,18	39,724
783,36	40,444
783,53	38,189
783,71	35,557
783,89	37,724
784,06	36,284
784,24	38,348
784,41	37,045
784,59	34,872
784,76	40,722
784,94	35,087
785,11	39,971
785,29	38,426
785,46	36,481
785,64	34,679
785,82	39,991
785,99	39,379
786,17	39,946
786,34	35,162
786,52	41,669
786,69	39,804
786,87	37,681
787,04	36,824
787,22	36,132
787,39	37,648
787,57	40,254
787,74	36,132
787,92	41,301
788,09	40,642
788,27	40,354
788,44	38,077
788,62	41,115
788,79	34,884
788,97	36,934
789,14	37,281
789,32	38,539
789,49	37,791
789,67	38,722
789,84	36,596
790,02	41,825
790,19	34,744
790,37	37,750
790,54	34,859
790,72	43,037
790,89	39,245
791,07	41,689
791,24	36,137
791,42	40,334
791,59	39,901
791,77	36,906
791,94	37,025
792,12	37,980
792,29	39,193
792,47	40,055
792,64	38,869
792,81	40,227
792,99	37,426
793,16	37,909
793,34	36,495
793,51	37,719
793,69	40,527
793,86	35,843
794,04	39,714
794,21	42,341
794,39	35,622
794,56	38,613
794,73	40,464
794,91	43,252
795,08	38,410
795,26	38,794
795,43	33,652
795,61	41,743
795,78	37,473
795,95	40,678
796,13	39,632
796,30	39,934
796,48	36,285
796,65	35,507
796,83	40,064
797,00	41,923
797,17	39,744
797,35	37,754
797,52	38,084
797,70	40,853
797,87	40,210
798,04	42,842
798,22	36,664
798,39	38,477
798,57	36,309
798,74	39,672
798,91	37,313
799,09	38,731
799,26	41,200
799,44	38,506
799,61	35,276
799,78	35,899
799,96	43,654
800,13	36,358
800,31	41,634
800,48	40,287
800,65	43,737
800,83	41,273
801,00	39,728
801,17	36,062
801,35	40,878
801,52	42,239
801,70	39,646
801,87	36,637
802,04	43,159
802,22	32,908
802,39	38,492
802,56	40,897
802,74	42,459
802,91	37,193
803,08	37,350
803,26	38,435
803,43	43,960
803,61	32,845
803,78	39,379
803,95	41,715
804,13	39,042
804,30	35,560
804,47	38,883
804,65	41,565
804,82	40,051
804,99	41,524
805,17	35,871
805,34	48,122
805,51	41,317
805,69	37,721
805,86	40,420
806,03	46,445
806,21	43,218
806,38	45,564
806,55	35,524
806,72	42,475
806,90	47,479
807,07	38,296
807,24	37,998
807,42	34,956
807,59	40,420
807,76	34,483
807,94	39,484
808,11	44,410
808,28	45,400
808,45	38,919
808,63	39,039
808,80	46,262
808,97	39,266
809,15	40,881
809,32	37,511
809,49	40,390
809,67	42,010
809,84	39,168
810,01	43,922
810,18	52,645
810,36	43,575
810,53	38,853
810,70	41,768
810,87	40,588
811,05	43,559
811,22	39,042
811,39	38,701
811,57	41,457
811,74	38,790
811,91	43,151
812,08	38,043
812,26	40,258
812,43	34,508
812,60	44,140
812,77	39,232
812,95	44,731
813,12	38,345
813,29	40,273
813,46	36,867
813,64	41,464
813,81	43,343
813,98	41,821
814,15	44,540
814,32	45,715
814,50	42,727
814,67	40,199
814,84	45,914
815,01	40,560
815,19	38,595
815,36	38,577
815,53	38,838
815,70	39,892
815,87	47,044
816,05	38,941
816,22	45,370
816,39	45,070
816,56	47,175
816,74	45,863
816,91	42,716
817,08	47,314
817,25	48,979
817,42	42,047
817,60	41,947
817,77	49,406
817,94	41,849
818,11	38,917
818,28	38,348
818,45	44,078
818,63	41,314
818,80	38,865
818,97	40,132
819,14	44,042
819,31	46,089
819,49	41,495
819,66	38,241
819,83	45,697
820,00	48,385
820,17	39,737
820,34	41,294
820,52	43,929
820,69	44,560
820,86	39,489
821,03	43,740
821,20	45,554
821,37	49,938
821,55	45,280
821,72	37,818
821,89	44,585
822,06	47,940
822,23	38,545
822,40	38,022
822,57	48,345
822,75	47,494
822,92	33,452
823,09	46,835
823,26	46,230
823,43	46,161
823,60	37,875
823,77	38,346
823,94	48,725
824,12	48,302
824,29	37,094
824,46	47,082
824,63	54,708
824,80	48,529
824,97	42,038
825,14	44,268
825,31	44,835
825,49	41,239
825,66	31,926
825,83	38,385
826,00	42,547
826,17	49,341
826,34	43,896
826,51	38,725
826,68	42,839
826,85	40,658
827,02	36,810
827,20	42,870
827,37	38,915
827,54	44,351
827,71	42,323
827,88	43,331
828,05	46,032
828,22	42,678
828,39	41,607
828,56	42,021
828,73	43,372
828,90	42,425
829,07	37,929
829,25	38,389
829,42	40,476
829,59	39,444
829,76	43,395
829,93	45,995
830,10	46,323
830,27	39,941
830,44	37,349
830,61	38,423
830,78	41,858
830,95	47,384
831,12	38,354
831,29	40,514
831,46	35,753
831,63	34,923
831,80	45,059
831,97	38,209
832,14	51,130
832,31	52,022
832,48	40,949
832,65	46,411
832,83	39,089
833,00	45,458
833,17	42,457
833,34	42,592
833,51	49,193
833,68	55,783
833,85	45,228
834,02	38,549
834,19	45,755
834,36	47,183
834,53	37,880
834,70	43,252
834,87	57,911
835,04	41,381
835,21	51,531
835,38	48,071
835,55	40,856
835,72	60,888
835,89	43,702
836,06	37,655
836,23	58,227
836,40	42,922
836,57	39,372
836,74	41,835
836,91	45,449
837,08	55,272
837,25	39,304
837,42	43,454
837,59	34,363
837,76	50,081
837,93	43,807
838,09	43,380
838,26	37,416
838,43	56,821
838,60	49,673
838,77	52,251
838,94	49,262
839,11	61,993
839,28	50,133
839,45	40,452
839,62	45,865
839,79	42,145
839,96	49,232
840,13	48,937
840,30	42,552
840,47	41,736
840,64	55,197
840,81	50,275
840,98	44,330
841,15	53,224
841,32	44,502
841,48	52,187
841,65	45,961
841,82	44,052
841,99	44,098
842,16	54,094
842,33	39,822
842,50	48,845
842,67	31,605
842,84	45,599
843,01	54,791
843,18	39,553
843,35	45,837
843,52	43,272
843,68	53,275
843,85	50,435
844,02	35,816
844,19	43,376
844,36	47,247
844,53	35,544
844,70	32,851
844,87	59,328
845,04	55,292
845,21	34,140
845,37	60,274
845,54	45,364
845,71	49,913
845,88	71,908
846,05	41,330
846,22	26,412
846,39	42,458
846,56	54,637
846,72	34,317
846,89	46,705
847,06	59,617
847,23	50,499
847,40	36,280
847,57	46,739
847,74	41,618
847,90	64,641
848,07	56,143
848,24	49,348
848,41	54,372
848,58	68,126
848,75	52,372
848,92	34,477
849,08	39,815
849,25	36,977
849,42	36,375
849,59	48,959
849,76	36,647
849,93	56,497
850,09	54,685
850,26	27,621
850,43	63,468
850,60	36,217
850,77	43,390
850,94	46,346
851,10	39,446
851,27	45,979
851,44	53,639
851,61	44,518
851,78	62,975
851,95	57,394
852,11	43,149
852,28	41,752
852,45	64,893
852,62	67,432
852,79	50,811
852,95	47,617
853,12	58,131
853,29	46,239
853,46	46,906
853,63	48,473
853,79	46,682
853,96	48,268
854,13	58,096
854,30	49,316
854,46	65,583
854,63	44,550
854,80	53,810
854,97	51,134
855,14	75,697
855,30	60,610
855,47	55,278
855,64	54,700
855,81	50,803
855,97	76,294
856,14	53,338
856,31	41,780
856,48	60,142
856,65	68,239
856,81	58,741
856,98	41,828
857,15	34,545
857,32	62,390
857,48	46,852
857,65	70,535
857,82	68,202
857,99	63,689
858,15	55,388
858,32	53,487
858,49	38,341
858,65	83,047
858,82	49,056
858,99	58,993
859,16	66,260
859,32	62,803
859,49	65,192
859,66	69,811
859,83	54,740
859,99	46,218
860,16	43,657
860,33	58,299
860,49	69,974
860,66	55,627
860,83	51,171
861,00	45,512
861,16	69,109
861,33	73,566
861,50	32,850
861,66	71,945
861,83	69,100
862,00	49,045
862,16	41,306
862,33	57,865
862,50	98,219
862,67	63,865
862,83	53,487
863,00	59,822
863,17	73,382
863,33	50,687
863,50	41,859
863,67	52,171
863,83	73,605
864,00	66,500
864,17	44,942
864,33	42,419
864,50	41,634
864,67	51,352
864,83	45,957
865,00	54,361
865,17	42,363
865,33	78,414
865,50	39,786
865,67	64,339
865,83	66,591
866,00	74,717
866,17	60,536
866,33	67,682
866,50	59,152
866,66	62,621
866,83	59,133
867,00	55,983
867,16	77,885
867,33	100,277
867,50	56,954
867,66	56,991
867,83	58,866
868,00	59,337
868,16	62,830
868,33	62,028
868,49	50,082
868,66	90,280
868,83	58,076
868,99	61,493
869,16	118,286
869,32	70,115
869,49	63,711
869,66	51,098
869,82	100,593
869,99	86,392
870,15	55,638
870,32	74,931
870,49	131,168
870,65	98,911
870,82	58,736
870,98	69,956
871,15	93,896
871,32	85,462
871,48	53,681
871,65	30,139
871,81	69,948
871,98	34,813
872,15	32,022
872,31	49,201
872,48	99,100
872,64	73,131
872,81	90,526
872,97	57,054
873,14	99,590
873,31	81,840
873,47	78,888
873,64	95,756
873,80	118,877
873,97	98,578
874,13	81,351
874,30	55,418
874,46	67,901
874,63	87,729
874,80	53,907
874,96	62,027
875,13	102,491
875,29	46,775
875,46	80,817
875,62	49,103
875,79	112,705
875,95	46,152
876,12	43,443
876,28	46,391
876,45	124,650
876,61	50,627
876,78	54,539
876,94	32,819
877,11	81,170
877,27	195,577
877,44	53,143
877,60	77,017
877,77	107,919
877,94	162,540
878,10	49,415
878,27	90,611
878,43	103,155
878,60	50,779
878,76	79,944
878,93	88,096
879,09	59,960
879,26	130,214
879,42	83,544
879,58	73,885
879,75	103,033
879,91	125,329
880,08	69,454
880,24	87,076
880,41	30,826
880,57	86,958
880,74	116,125
880,90	71,271
881,07	88,001
881,23	138,881
881,40	79,416
881,56	56,645
881,73	157,526
881,89	136,683
882,06	61,659
882,22	180,593
882,38	136,896
882,55	171,684
882,71	83,718
882,88	62,051
883,04	89,508
883,21	132,130
883,37	154,782
883,54	113,282
883,70	262,391
883,86	157,791
884,03	134,910
884,19	65,978
884,36	145,569
884,52	158,709
884,69	127,849
884,85	41,252
885,01	75,357
885,18	153,749
885,34	74,047
885,51	34,973
885,67	133,442
>>>>> Data<<<<< Espectral Procesado Extremo
