Fichero De Datos De SpectraSuite
++++++++++++++++++++++++++++++++++++
Fecha: Wed Apr 22 10:24:21 CEST 2009
Usuario: evoflor
Presente Oscuro Del Espectro: Sí
La Referencia de Presente Del Espectro De: Sí
Muestreados de los componentes de Número de espectros: 1
Espectrómetros: USB4F02353
Tiempo de integración (usec): 500000 (USB4F02353)
Promedio de Espectros Hechos un: 5 (USB4F02353)
El Alisar Del Furgón: 0 (USB4F02353)
Párrafo de de Corregir del la del del de Eléctrica del obscuridad: Sí (USB4F02353)
Estrobo/Lámpara Permitido: No (USB4F02353)
Correct for Detector Non-linearity: No (USB4F02353)
Párrafo de de Corregir del la del del de Externa del luz: No (USB4F02353)
Procesado del espectro de Número de pixeles en: 3648
>>>>> Comienza Data<<<<< Espectral Procesado Del EL
177,79	105,616
178,00	105,616
178,22	105,616
178,44	-190,659
178,66	69,894
178,88	312,866
179,09	-253,830
179,31	174,174
179,53	204,180
179,75	-161,898
179,96	343,534
180,18	-20,154
180,40	172,771
180,62	463,793
180,83	-196,074
181,05	754,268
181,27	-29050,000
181,49	99,239
181,70	-102,885
181,92	279,949
182,14	315,211
182,36	80,402
182,58	1383,500
182,79	310,491
183,01	59,423
183,23	107,196
183,45	82,308
183,66	94,469
183,88	-67,353
184,10	-2475,455
184,32	292,450
184,53	73,194
184,75	38,193
184,97	38,943
185,18	160,244
185,40	-9,856
185,62	72,806
185,84	-38,755
186,05	123,450
186,27	27,435
186,49	563,462
186,71	-96,900
186,92	25,333
187,14	26,873
187,36	91,571
187,58	84,011
187,79	73,480
188,01	42,117
188,23	-46,733
188,45	135,611
188,66	-99,330
188,88	879,091
189,10	-704,500
189,31	-46,502
189,53	85,858
189,75	84,432
189,97	305,577
190,18	-203,648
190,40	287,353
190,62	-98,111
190,83	-103,794
191,05	-28,219
191,27	111,286
191,49	308,045
191,70	-96,394
191,92	-841,102
192,14	-25,000
192,35	382,626
192,57	444,286
192,79	21,734
193,01	119,345
193,22	107,431
193,44	10,324
193,66	104,206
193,87	69,914
194,09	-21,817
194,31	70,592
194,53	605,944
194,74	-24,274
194,96	64,770
195,18	61,913
195,39	-12,533
195,61	17,110
195,83	-155,109
196,04	104,427
196,26	-141,457
196,48	156,796
196,70	184,791
196,91	-26,698
197,13	192,025
197,35	185,582
197,56	441,022
197,78	680,224
198,00	687,762
198,21	289,563
198,43	-74,709
198,65	-11,944
198,86	13,849
199,08	24,426
199,30	100,709
199,51	63,681
199,73	180,100
199,95	292,450
200,16	565,192
200,38	104,586
200,60	14,479
200,81	31,370
201,03	-36,005
201,25	-596,500
201,46	143,366
201,68	35,862
201,90	1273,864
202,11	5,916
202,33	116,786
202,55	-514,375
202,76	66,648
202,98	232,927
203,20	-35,817
203,41	-247,632
203,63	89,687
203,85	6050,000
204,06	77,842
204,28	-35,301
204,50	67,854
204,71	-47,261
204,93	-286,000
205,15	-64,307
205,36	-136,424
205,58	174,952
205,80	-156,619
206,01	34,593
206,23	102,714
206,45	66,683
206,66	75,824
206,88	54,034
207,10	-142,614
207,31	150,530
207,53	54,714
207,75	55,203
207,96	230,224
208,18	-40,358
208,39	80,791
208,61	341,429
208,83	-179,527
209,04	-26,445
209,26	-133,871
209,48	43,439
209,69	46,855
209,91	253,209
210,13	42,216
210,34	168,402
210,56	114,927
210,77	-618,504
210,99	122,691
211,21	4514,706
211,42	33,796
211,64	25,413
211,86	128,560
212,07	95,303
212,29	150,781
212,50	48,628
212,72	-134,038
212,94	80,604
213,15	138,349
213,37	16,108
213,58	51,330
213,80	-2387,500
214,02	3138,235
214,23	149,909
214,45	83,443
214,67	896,951
214,88	165,268
215,10	-78,081
215,31	-107,533
215,53	-152,841
215,75	92,783
215,96	694,720
216,18	-123,239
216,39	64,186
216,61	73,253
216,83	161,830
217,04	832,022
217,26	274,758
217,47	112,520
217,69	83,370
217,91	-37,758
218,12	18650,000
218,34	36,411
218,55	-135,411
218,77	50,780
218,99	76,002
219,20	-65,307
219,42	137,576
219,63	68,550
219,85	19,626
220,06	59,808
220,28	63,855
220,50	-5,373
220,71	10,544
220,93	140,566
221,14	276,500
221,36	173,327
221,58	137,000
221,79	-45,157
222,01	343,534
222,22	493,092
222,44	-401,685
222,65	54,698
222,87	152,797
223,09	129,454
223,30	100,304
223,52	26,585
223,73	-114,450
223,95	6,690
224,16	76,598
224,38	177,607
224,60	9,292
224,81	-41,183
225,03	42,896
225,24	141,362
225,46	-10,050
225,67	31,687
225,89	61,584
226,10	415,512
226,32	-48,400
226,54	7,563
226,75	-11,067
226,97	89,412
227,18	4,303
227,40	-3,259
227,61	26,136
227,83	-11,407
228,04	56,224
228,26	-2,623
228,47	57,802
228,69	42,745
228,91	61,023
229,12	-32,747
229,34	34,853
229,55	33,843
229,77	-3,712
229,98	0,135
230,20	50,192
230,41	26,373
230,63	51,755
230,84	70,997
231,06	15,781
231,27	38,353
231,49	17,883
231,71	13,085
231,92	24,627
232,14	26,196
232,35	1,911
232,57	56,173
232,78	0,382
233,00	23,575
233,21	36,146
233,43	-4,601
233,64	0,069
233,86	25,607
234,07	2,244
234,29	21,631
234,50	20,397
234,72	31,684
234,93	16,077
235,15	29,042
235,36	25,051
235,58	6,514
235,79	1,712
236,01	16,368
236,22	7,554
236,44	17,338
236,65	11,523
236,87	7,185
237,08	-8,676
237,30	-0,482
237,51	16,263
237,73	-9,800
237,94	-5,438
238,16	9,552
238,37	14,660
238,59	2,054
238,80	9,731
239,02	4,801
239,23	-0,210
239,45	-6,560
239,66	13,905
239,88	17,776
240,09	6,731
240,31	-0,718
240,52	7,786
240,74	3,490
240,95	-9,282
241,17	2,651
241,38	0,895
241,60	1,639
241,81	15,700
242,03	-2,291
242,24	4,290
242,46	8,646
242,67	-1,862
242,89	11,355
243,10	6,842
243,32	9,142
243,53	-1,282
243,75	3,107
243,96	4,627
244,18	-0,416
244,39	7,798
244,60	4,642
244,82	0,019
245,03	5,030
245,25	4,202
245,46	16,653
245,68	4,248
245,89	3,831
246,11	2,772
246,32	4,856
246,54	0,718
246,75	6,767
246,97	1,303
247,18	9,092
247,39	-5,163
247,61	7,264
247,82	0,834
248,04	2,160
248,25	2,214
248,47	9,694
248,68	7,593
248,90	1,264
249,11	8,991
249,33	7,250
249,54	1,801
249,75	4,347
249,97	2,989
250,18	2,708
250,40	8,866
250,61	-0,784
250,83	7,078
251,04	-5,460
251,25	0,288
251,47	1,171
251,68	-0,460
251,90	7,185
252,11	4,802
252,33	4,590
252,54	4,178
252,76	4,068
252,97	2,775
253,18	-3,339
253,40	0,550
253,61	-0,034
253,83	5,489
254,04	-0,710
254,25	10,054
254,47	-0,397
254,68	2,175
254,90	0,367
255,11	6,081
255,33	4,351
255,54	-1,207
255,75	8,603
255,97	2,758
256,18	-1,001
256,40	1,946
256,61	6,665
256,82	-2,141
257,04	7,536
257,25	-1,020
257,47	2,234
257,68	0,811
257,89	2,748
258,11	6,107
258,32	-4,044
258,54	5,458
258,75	5,909
258,96	6,555
259,18	5,558
259,39	4,007
259,61	1,974
259,82	0,971
260,03	2,746
260,25	-0,677
260,46	1,557
260,68	0,595
260,89	3,331
261,10	3,210
261,32	0,172
261,53	5,358
261,75	5,764
261,96	-5,103
262,17	6,924
262,39	4,419
262,60	0,866
262,81	-1,940
263,03	4,034
263,24	2,115
263,46	-1,506
263,67	0,852
263,88	-0,356
264,10	3,917
264,31	-2,643
264,52	3,417
264,74	3,944
264,95	1,794
265,17	4,634
265,38	2,476
265,59	3,884
265,81	6,156
266,02	3,715
266,23	0,855
266,45	5,406
266,66	6,117
266,87	2,302
267,09	1,761
267,30	-0,773
267,52	0,609
267,73	0,880
267,94	3,282
268,16	4,078
268,37	0,596
268,58	1,680
268,80	-1,259
269,01	0,508
269,22	2,900
269,44	4,265
269,65	2,884
269,86	-6,530
270,08	2,239
270,29	-1,125
270,50	2,622
270,72	5,746
270,93	1,069
271,14	1,142
271,36	0,157
271,57	1,179
271,78	2,802
272,00	4,230
272,21	1,573
272,42	2,443
272,64	2,180
272,85	-0,503
273,06	-0,027
273,28	4,588
273,49	3,096
273,70	3,053
273,92	2,400
274,13	2,412
274,34	4,471
274,56	3,636
274,77	0,152
274,98	0,841
275,20	1,686
275,41	1,351
275,62	2,860
275,84	0,150
276,05	2,625
276,26	5,158
276,47	2,273
276,69	0,406
276,90	0,081
277,11	-1,138
277,33	2,681
277,54	2,968
277,75	3,445
277,97	1,759
278,18	4,666
278,39	2,223
278,61	3,013
278,82	2,192
279,03	3,440
279,24	1,997
279,46	-0,489
279,67	4,570
279,88	3,778
280,10	4,535
280,31	-0,250
280,52	1,083
280,73	-1,177
280,95	4,366
281,16	5,632
281,37	3,266
281,59	4,243
281,80	5,615
282,01	1,248
282,22	-1,019
282,44	-0,023
282,65	5,454
282,86	4,138
283,08	3,811
283,29	0,939
283,50	2,077
283,71	5,418
283,93	4,528
284,14	4,794
284,35	0,135
284,56	1,222
284,78	2,272
284,99	2,453
285,20	4,806
285,42	2,075
285,63	1,865
285,84	-0,607
286,05	-1,117
286,27	0,666
286,48	-0,408
286,69	0,417
286,90	1,257
287,12	-1,053
287,33	2,838
287,54	2,437
287,75	1,455
287,97	3,937
288,18	2,458
288,39	-0,339
288,60	1,010
288,82	2,292
289,03	-2,018
289,24	1,793
289,45	4,126
289,67	2,584
289,88	1,172
290,09	3,183
290,30	1,064
290,52	2,499
290,73	1,569
290,94	1,079
291,15	2,351
291,37	2,107
291,58	2,662
291,79	1,342
292,00	2,033
292,21	0,976
292,43	1,764
292,64	0,640
292,85	1,293
293,06	1,832
293,28	0,218
293,49	-1,761
293,70	3,822
293,91	1,687
294,12	2,719
294,34	2,463
294,55	3,643
294,76	2,297
294,97	2,585
295,19	-0,932
295,40	2,656
295,61	2,424
295,82	-0,225
296,03	1,002
296,25	1,028
296,46	0,851
296,67	-0,573
296,88	-0,044
297,09	3,103
297,31	2,496
297,52	4,223
297,73	1,455
297,94	3,172
298,15	2,964
298,37	2,094
298,58	6,567
298,79	2,276
299,00	0,612
299,21	2,807
299,43	1,855
299,64	4,916
299,85	3,019
300,06	1,752
300,27	3,072
300,49	3,422
300,70	1,069
300,91	0,816
301,12	1,001
301,33	1,472
301,54	2,688
301,76	3,131
301,97	4,161
302,18	3,863
302,39	4,079
302,60	5,153
302,82	1,849
303,03	5,620
303,24	1,166
303,45	2,290
303,66	4,173
303,87	2,078
304,09	3,092
304,30	1,586
304,51	2,408
304,72	0,672
304,93	3,291
305,14	1,580
305,36	0,739
305,57	0,565
305,78	1,814
305,99	0,947
306,20	0,275
306,41	-0,311
306,62	0,654
306,84	1,248
307,05	0,643
307,26	0,480
307,47	3,935
307,68	1,732
307,89	1,448
308,11	2,110
308,32	1,215
308,53	1,172
308,74	0,598
308,95	0,591
309,16	2,746
309,37	5,024
309,59	0,776
309,80	0,526
310,01	2,684
310,22	4,080
310,43	2,151
310,64	1,869
310,85	1,515
311,06	-0,414
311,28	0,921
311,49	3,832
311,70	5,495
311,91	-0,979
312,12	1,855
312,33	4,572
312,54	3,109
312,75	1,455
312,97	0,106
313,18	1,048
313,39	1,102
313,60	2,429
313,81	3,424
314,02	2,560
314,23	2,916
314,44	1,621
314,65	1,965
314,87	1,562
315,08	2,800
315,29	4,262
315,50	2,059
315,71	2,885
315,92	6,432
316,13	2,725
316,34	0,562
316,55	1,742
316,77	-0,548
316,98	2,268
317,19	0,490
317,40	2,356
317,61	2,867
317,82	4,176
318,03	0,177
318,24	2,061
318,45	4,969
318,66	1,878
318,87	-0,091
319,09	3,774
319,30	2,537
319,51	2,096
319,72	3,301
319,93	2,202
320,14	4,983
320,35	2,750
320,56	3,110
320,77	0,819
320,98	5,120
321,19	2,683
321,40	3,241
321,62	2,107
321,83	2,546
322,04	2,562
322,25	2,531
322,46	5,068
322,67	1,993
322,88	2,456
323,09	2,295
323,30	1,214
323,51	1,456
323,72	2,301
323,93	1,920
324,14	-0,769
324,35	3,762
324,56	0,968
324,77	2,184
324,99	0,448
325,20	-0,170
325,41	3,305
325,62	2,354
325,83	3,024
326,04	1,148
326,25	4,984
326,46	-0,369
326,67	3,617
326,88	2,838
327,09	0,869
327,30	3,237
327,51	2,545
327,72	2,067
327,93	2,198
328,14	1,216
328,35	2,426
328,56	0,382
328,77	0,806
328,98	3,479
329,19	3,995
329,40	3,598
329,61	3,461
329,82	-1,697
330,04	-0,599
330,25	-1,018
330,46	3,518
330,67	1,042
330,88	0,190
331,09	2,523
331,30	3,429
331,51	2,469
331,72	-0,074
331,93	2,699
332,14	0,599
332,35	3,771
332,56	2,430
332,77	4,136
332,98	0,953
333,19	0,559
333,40	3,974
333,61	2,875
333,82	4,104
334,03	2,009
334,24	3,201
334,45	1,080
334,66	3,967
334,87	2,393
335,08	1,544
335,29	1,068
335,50	0,677
335,71	0,925
335,92	2,521
336,13	4,171
336,34	-2,194
336,55	3,931
336,76	3,695
336,97	1,414
337,18	-0,335
337,39	0,242
337,60	4,813
337,81	0,587
338,02	3,978
338,23	2,092
338,44	3,920
338,65	2,246
338,86	1,776
339,07	-0,765
339,28	3,072
339,49	2,133
339,70	-1,335
339,91	-0,283
340,11	3,258
340,32	-0,508
340,53	0,758
340,74	0,061
340,95	0,581
341,16	2,999
341,37	2,398
341,58	2,748
341,79	0,310
342,00	1,338
342,21	2,866
342,42	0,606
342,63	0,226
342,84	-1,747
343,05	2,095
343,26	3,796
343,47	-2,872
343,68	0,797
343,89	3,818
344,10	4,727
344,31	4,905
344,52	1,150
344,73	0,119
344,94	2,393
345,14	2,296
345,35	2,346
345,56	3,185
345,77	4,581
345,98	1,818
346,19	0,492
346,40	3,617
346,61	3,268
346,82	-0,189
347,03	-0,780
347,24	5,140
347,45	1,268
347,66	4,614
347,87	1,751
348,08	3,518
348,28	0,635
348,49	2,100
348,70	3,850
348,91	1,582
349,12	0,664
349,33	12,261
349,54	0,994
349,75	2,041
349,96	3,093
350,17	4,639
350,38	0,710
350,59	3,166
350,80	-2,266
351,00	4,933
351,21	4,596
351,42	1,173
351,63	1,895
351,84	2,067
352,05	3,550
352,26	1,941
352,47	1,468
352,68	-1,017
352,89	3,500
353,09	4,259
353,30	0,129
353,51	2,884
353,72	4,462
353,93	3,720
354,14	1,056
354,35	3,374
354,56	4,006
354,77	1,103
354,98	-0,680
355,18	1,301
355,39	3,323
355,60	3,501
355,81	3,382
356,02	0,550
356,23	0,703
356,44	1,028
356,65	5,002
356,85	4,248
357,06	3,165
357,27	2,919
357,48	4,416
357,69	4,252
357,90	3,922
358,11	1,662
358,32	0,784
358,52	3,677
358,73	3,878
358,94	0,487
359,15	5,183
359,36	1,639
359,57	3,467
359,78	2,656
359,98	1,930
360,19	-0,745
360,40	0,566
360,61	3,716
360,82	2,089
361,03	3,644
361,24	1,872
361,44	0,765
361,65	1,916
361,86	1,022
362,07	2,191
362,28	2,420
362,49	0,252
362,70	3,504
362,90	3,556
363,11	0,424
363,32	2,875
363,53	1,357
363,74	2,611
363,95	2,355
364,15	1,511
364,36	3,047
364,57	2,113
364,78	2,386
364,99	1,913
365,20	4,038
365,40	4,930
365,61	0,644
365,82	4,608
366,03	0,730
366,24	4,462
366,45	2,387
366,65	3,832
366,86	1,684
367,07	3,049
367,28	3,240
367,49	2,888
367,69	5,570
367,90	1,078
368,11	3,617
368,32	1,739
368,53	-0,169
368,73	3,995
368,94	3,189
369,15	-2,431
369,36	1,206
369,57	0,864
369,78	-0,054
369,98	4,831
370,19	2,675
370,40	2,460
370,61	3,831
370,82	2,015
371,02	3,769
371,23	7,741
371,44	1,871
371,65	1,976
371,85	5,582
372,06	-0,741
372,27	3,026
372,48	3,388
372,69	2,886
372,89	-0,219
373,10	-0,410
373,31	0,527
373,52	2,847
373,73	4,685
373,93	0,161
374,14	0,165
374,35	5,473
374,56	4,968
374,76	3,041
374,97	2,419
375,18	2,303
375,39	2,639
375,60	4,076
375,80	3,398
376,01	0,871
376,22	-1,168
376,43	1,200
376,63	2,655
376,84	3,041
377,05	3,612
377,26	4,742
377,46	0,796
377,67	-0,119
377,88	4,886
378,09	2,493
378,29	0,107
378,50	5,791
378,71	1,798
378,92	0,340
379,12	1,459
379,33	3,011
379,54	1,783
379,75	3,428
379,95	0,350
380,16	4,203
380,37	5,613
380,58	3,318
380,78	4,369
380,99	3,881
381,20	2,973
381,41	2,203
381,61	2,510
381,82	3,796
382,03	2,167
382,24	2,220
382,44	2,765
382,65	-0,451
382,86	1,037
383,06	0,473
383,27	0,731
383,48	3,345
383,69	2,560
383,89	4,416
384,10	5,494
384,31	2,476
384,51	6,235
384,72	4,918
384,93	1,226
385,14	4,069
385,34	3,602
385,55	0,860
385,76	1,746
385,96	4,546
386,17	1,824
386,38	4,249
386,59	2,647
386,79	2,666
387,00	1,642
387,21	3,080
387,41	7,119
387,62	-0,839
387,83	1,117
388,03	4,682
388,24	-0,657
388,45	3,622
388,66	2,262
388,86	3,600
389,07	0,720
389,28	5,491
389,48	7,880
389,69	3,212
389,90	4,827
390,10	5,197
390,31	2,776
390,52	-1,484
390,72	2,326
390,93	3,291
391,14	2,540
391,34	4,237
391,55	4,502
391,76	6,167
391,96	3,443
392,17	0,808
392,38	7,390
392,58	4,842
392,79	5,547
393,00	3,247
393,20	4,048
393,41	0,338
393,62	4,922
393,82	2,864
394,03	6,485
394,24	4,226
394,44	4,676
394,65	5,203
394,86	3,200
395,06	1,753
395,27	4,690
395,48	4,158
395,68	7,432
395,89	6,706
396,10	3,357
396,30	5,772
396,51	2,430
396,72	4,872
396,92	7,871
397,13	7,802
397,34	1,808
397,54	4,920
397,75	6,092
397,95	5,485
398,16	6,407
398,37	7,123
398,57	7,148
398,78	11,279
398,99	9,399
399,19	9,023
399,40	8,038
399,60	3,511
399,81	8,243
400,02	9,107
400,22	10,150
400,43	4,226
400,64	11,861
400,84	7,994
401,05	8,941
401,25	12,463
401,46	7,673
401,67	7,750
401,87	10,663
402,08	6,402
402,29	9,581
402,49	9,294
402,70	11,377
402,90	5,774
403,11	10,404
403,32	15,274
403,52	11,307
403,73	12,765
403,93	13,255
404,14	12,659
404,35	11,267
404,55	11,848
404,76	11,148
404,96	13,193
405,17	16,097
405,38	13,833
405,58	13,069
405,79	16,887
405,99	13,649
406,20	12,258
406,40	14,779
406,61	16,262
406,82	11,231
407,02	15,207
407,23	14,572
407,43	17,691
407,64	13,650
407,85	14,296
408,05	13,709
408,26	16,493
408,46	14,435
408,67	15,254
408,87	12,341
409,08	17,376
409,29	14,387
409,49	18,688
409,70	16,389
409,90	17,530
410,11	14,763
410,31	16,490
410,52	17,590
410,72	16,157
410,93	21,976
411,14	18,998
411,34	19,624
411,55	22,263
411,75	21,662
411,96	19,497
412,16	20,777
412,37	23,187
412,57	20,965
412,78	21,165
412,99	21,574
413,19	20,583
413,40	22,889
413,60	19,572
413,81	18,049
414,01	25,398
414,22	21,500
414,42	24,260
414,63	20,774
414,83	27,223
415,04	28,719
415,24	22,636
415,45	22,675
415,65	21,104
415,86	26,504
416,07	22,150
416,27	24,340
416,48	23,980
416,68	24,707
416,89	20,319
417,09	24,854
417,30	26,471
417,50	25,460
417,71	27,055
417,91	25,396
418,12	23,245
418,32	27,574
418,53	28,844
418,73	24,217
418,94	26,889
419,14	26,511
419,35	24,558
419,55	28,925
419,76	30,709
419,96	24,902
420,17	27,098
420,37	25,215
420,58	27,646
420,78	26,384
420,99	29,523
421,19	26,477
421,40	24,869
421,60	32,062
421,81	27,033
422,01	29,158
422,22	26,893
422,42	26,992
422,63	29,051
422,83	29,055
423,04	32,080
423,24	30,262
423,45	27,040
423,65	32,091
423,86	30,959
424,06	31,737
424,27	29,132
424,47	26,372
424,67	31,575
424,88	31,146
425,08	33,227
425,29	39,512
425,49	30,807
425,70	25,060
425,90	32,763
426,11	31,698
426,31	31,291
426,52	29,957
426,72	30,832
426,93	33,466
427,13	31,626
427,33	29,375
427,54	36,632
427,74	35,914
427,95	32,894
428,15	25,475
428,36	33,590
428,56	30,476
428,77	34,636
428,97	33,333
429,18	37,672
429,38	28,845
429,58	35,184
429,79	32,389
429,99	33,333
430,20	30,363
430,40	36,315
430,61	31,116
430,81	35,169
431,01	33,356
431,22	31,774
431,42	34,733
431,63	28,246
431,83	35,049
432,04	30,682
432,24	33,895
432,44	35,041
432,65	32,096
432,85	32,436
433,06	36,245
433,26	32,596
433,47	28,839
433,67	35,554
433,87	34,498
434,08	31,336
434,28	31,749
434,49	29,867
434,69	31,793
434,89	28,372
435,10	31,866
435,30	33,365
435,51	30,463
435,71	33,847
435,91	34,141
436,12	34,883
436,32	30,584
436,53	31,711
436,73	33,510
436,93	32,383
437,14	29,469
437,34	37,534
437,55	35,613
437,75	37,395
437,95	31,345
438,16	31,208
438,36	36,972
438,57	31,753
438,77	34,194
438,97	38,065
439,18	37,163
439,38	36,356
439,58	31,796
439,79	35,671
439,99	34,752
440,20	36,738
440,40	36,097
440,60	34,812
440,81	39,336
441,01	35,006
441,21	36,330
441,42	38,834
441,62	36,096
441,83	35,147
442,03	33,639
442,23	37,503
442,44	36,906
442,64	37,273
442,84	38,966
443,05	34,501
443,25	32,338
443,45	35,278
443,66	36,197
443,86	32,536
444,06	38,147
444,27	38,167
444,47	35,397
444,67	37,403
444,88	36,254
445,08	34,802
445,28	35,951
445,49	33,844
445,69	34,287
445,90	37,089
446,10	35,687
446,30	38,991
446,51	36,013
446,71	43,850
446,91	38,963
447,12	39,584
447,32	33,104
447,52	38,102
447,72	34,556
447,93	37,669
448,13	31,472
448,33	41,565
448,54	35,577
448,74	34,118
448,94	37,391
449,15	40,127
449,35	36,299
449,55	37,540
449,76	43,679
449,96	37,050
450,16	35,090
450,37	35,933
450,57	37,846
450,77	33,028
450,98	39,559
451,18	38,959
451,38	34,907
451,58	38,039
451,79	38,781
451,99	37,498
452,19	35,672
452,40	35,982
452,60	36,803
452,80	35,375
453,00	37,463
453,21	39,134
453,41	42,175
453,61	36,880
453,82	36,597
454,02	33,144
454,22	41,430
454,42	36,022
454,63	35,840
454,83	37,469
455,03	40,637
455,24	36,369
455,44	35,819
455,64	35,799
455,84	36,373
456,05	38,186
456,25	34,135
456,45	35,843
456,65	32,867
456,86	40,027
457,06	35,652
457,26	44,964
457,47	39,593
457,67	37,839
457,87	34,494
458,07	32,685
458,28	38,127
458,48	40,209
458,68	38,319
458,88	35,163
459,09	36,737
459,29	40,699
459,49	37,139
459,69	38,967
459,90	38,225
460,10	36,468
460,30	38,583
460,50	33,958
460,71	39,078
460,91	38,158
461,11	36,158
461,31	36,273
461,52	41,817
461,72	37,990
461,92	36,168
462,12	39,801
462,32	36,470
462,53	35,080
462,73	35,427
462,93	40,633
463,13	33,372
463,34	36,152
463,54	34,621
463,74	40,998
463,94	36,506
464,14	39,163
464,35	30,235
464,55	41,603
464,75	41,848
464,95	39,000
465,16	33,657
465,36	36,583
465,56	38,670
465,76	34,337
465,96	37,503
466,17	40,019
466,37	36,141
466,57	40,143
466,77	36,656
466,97	37,182
467,18	39,040
467,38	34,515
467,58	36,281
467,78	39,265
467,98	37,100
468,19	40,850
468,39	37,233
468,59	40,384
468,79	39,426
468,99	36,094
469,19	37,668
469,40	40,004
469,60	34,854
469,80	37,601
470,00	36,637
470,20	37,918
470,41	37,699
470,61	40,753
470,81	37,748
471,01	37,622
471,21	38,670
471,41	38,485
471,62	40,874
471,82	35,500
472,02	38,736
472,22	38,988
472,42	38,317
472,62	37,674
472,83	39,094
473,03	38,552
473,23	38,944
473,43	42,207
473,63	36,672
473,83	35,220
474,03	38,659
474,24	38,821
474,44	36,091
474,64	42,133
474,84	34,467
475,04	39,248
475,24	36,450
475,45	39,268
475,65	36,895
475,85	40,595
476,05	36,385
476,25	38,592
476,45	38,684
476,65	41,536
476,85	38,372
477,06	38,092
477,26	37,864
477,46	36,836
477,66	37,049
477,86	38,395
478,06	40,202
478,26	39,724
478,46	36,235
478,67	40,379
478,87	38,457
479,07	36,022
479,27	38,860
479,47	37,943
479,67	33,573
479,87	36,908
480,07	36,201
480,28	37,333
480,48	37,228
480,68	38,136
480,88	38,799
481,08	31,087
481,28	35,748
481,48	36,040
481,68	37,830
481,88	37,134
482,08	36,749
482,29	39,917
482,49	34,988
482,69	37,987
482,89	36,232
483,09	38,071
483,29	36,740
483,49	34,498
483,69	35,873
483,89	38,222
484,09	33,843
484,29	35,638
484,50	34,908
484,70	35,401
484,90	37,278
485,10	36,536
485,30	36,930
485,50	36,327
485,70	35,879
485,90	33,080
486,10	31,507
486,30	35,386
486,50	35,646
486,70	34,984
486,90	38,090
487,10	37,423
487,30	36,691
487,51	36,829
487,71	32,706
487,91	35,279
488,11	36,704
488,31	35,147
488,51	37,927
488,71	34,636
488,91	35,753
489,11	34,926
489,31	36,872
489,51	34,398
489,71	36,614
489,91	34,960
490,11	35,662
490,31	36,331
490,51	38,780
490,71	36,120
490,91	34,959
491,11	37,575
491,31	38,093
491,51	36,639
491,72	34,948
491,92	37,611
492,12	40,174
492,32	36,197
492,52	37,817
492,72	36,592
492,92	37,878
493,12	37,288
493,32	36,013
493,52	34,743
493,72	35,032
493,92	39,851
494,12	37,438
494,32	37,296
494,52	36,257
494,72	36,883
494,92	36,228
495,12	37,046
495,32	38,168
495,52	37,634
495,72	40,600
495,92	41,193
496,12	39,563
496,32	35,587
496,52	36,050
496,72	36,193
496,92	38,372
497,12	36,227
497,32	41,367
497,52	38,250
497,72	38,451
497,92	38,420
498,12	36,517
498,32	37,127
498,52	36,840
498,72	38,240
498,92	36,534
499,12	40,514
499,32	39,428
499,52	38,245
499,72	41,170
499,92	39,554
500,12	37,865
500,32	41,576
500,52	39,440
500,72	43,889
500,91	41,742
501,11	37,901
501,31	40,177
501,51	38,716
501,71	39,166
501,91	40,594
502,11	37,995
502,31	40,594
502,51	40,540
502,71	40,550
502,91	40,597
503,11	39,867
503,31	41,120
503,51	37,552
503,71	37,593
503,91	41,036
504,11	41,007
504,31	38,714
504,51	41,819
504,71	40,546
504,91	42,720
505,10	40,425
505,30	41,340
505,50	39,090
505,70	41,524
505,90	40,102
506,10	39,876
506,30	38,841
506,50	40,741
506,70	42,786
506,90	36,455
507,10	42,807
507,30	40,017
507,50	41,180
507,70	40,550
507,89	40,844
508,09	40,953
508,29	39,383
508,49	41,215
508,69	38,320
508,89	40,294
509,09	39,099
509,29	41,000
509,49	41,542
509,69	42,456
509,89	38,532
510,09	38,118
510,28	42,250
510,48	41,159
510,68	39,687
510,88	37,934
511,08	36,973
511,28	41,142
511,48	38,704
511,68	41,399
511,88	40,048
512,07	40,728
512,27	42,336
512,47	39,186
512,67	42,410
512,87	38,866
513,07	39,772
513,27	36,721
513,47	38,912
513,67	40,499
513,86	41,934
514,06	41,531
514,26	38,625
514,46	42,625
514,66	41,190
514,86	42,778
515,06	41,425
515,26	41,632
515,45	39,884
515,65	39,796
515,85	41,322
516,05	41,631
516,25	42,622
516,45	42,390
516,65	42,764
516,84	41,755
517,04	42,567
517,24	41,180
517,44	41,642
517,64	39,150
517,84	42,321
518,04	39,842
518,23	42,510
518,43	44,001
518,63	38,849
518,83	39,978
519,03	38,624
519,23	42,240
519,42	40,104
519,62	39,613
519,82	41,708
520,02	39,746
520,22	42,356
520,42	39,114
520,61	39,326
520,81	40,681
521,01	45,412
521,21	40,647
521,41	40,512
521,61	40,546
521,80	39,638
522,00	42,708
522,20	42,901
522,40	42,569
522,60	41,238
522,79	41,366
522,99	40,169
523,19	39,936
523,39	43,373
523,59	41,252
523,78	41,791
523,98	38,675
524,18	43,019
524,38	42,326
524,58	41,588
524,77	44,999
524,97	42,833
525,17	39,480
525,37	38,458
525,57	41,696
525,76	39,157
525,96	41,608
526,16	38,039
526,36	39,613
526,56	42,480
526,75	38,586
526,95	43,079
527,15	39,198
527,35	41,160
527,55	42,266
527,74	45,157
527,94	38,424
528,14	40,976
528,34	41,956
528,53	41,027
528,73	41,382
528,93	38,696
529,13	38,361
529,32	40,118
529,52	38,898
529,72	38,522
529,92	42,736
530,12	42,929
530,31	36,840
530,51	39,611
530,71	40,667
530,91	42,494
531,10	38,571
531,30	38,932
531,50	41,266
531,70	40,944
531,89	39,313
532,09	39,201
532,29	39,350
532,49	40,589
532,68	37,891
532,88	37,683
533,08	40,233
533,28	40,226
533,47	40,439
533,67	40,730
533,87	39,561
534,06	42,033
534,26	41,372
534,46	39,416
534,66	39,796
534,85	40,279
535,05	37,148
535,25	39,656
535,45	38,944
535,64	39,649
535,84	39,236
536,04	40,080
536,23	39,601
536,43	40,043
536,63	37,527
536,83	40,583
537,02	38,711
537,22	37,342
537,42	36,902
537,61	38,519
537,81	39,146
538,01	36,251
538,20	38,601
538,40	39,548
538,60	39,848
538,80	36,523
538,99	35,933
539,19	33,248
539,39	35,751
539,58	36,965
539,78	33,659
539,98	34,840
540,17	33,414
540,37	34,411
540,57	30,854
540,76	32,328
540,96	32,024
541,16	34,646
541,36	30,668
541,55	29,977
541,75	30,027
541,95	30,164
542,14	29,955
542,34	28,521
542,54	29,686
542,73	28,265
542,93	30,557
543,13	28,367
543,32	29,107
543,52	29,609
543,72	29,214
543,91	30,751
544,11	29,780
544,31	29,380
544,50	29,645
544,70	30,189
544,89	30,878
545,09	30,730
545,29	30,308
545,48	31,214
545,68	31,037
545,88	30,634
546,07	31,572
546,27	31,272
546,47	33,569
546,66	34,162
546,86	34,606
547,06	32,921
547,25	35,887
547,45	37,640
547,64	35,790
547,84	34,873
548,04	35,727
548,23	37,963
548,43	36,294
548,63	38,025
548,82	38,164
549,02	34,632
549,21	36,234
549,41	38,503
549,61	37,187
549,80	38,069
550,00	37,673
550,20	35,781
550,39	38,783
550,59	36,820
550,78	38,893
550,98	35,531
551,18	38,658
551,37	36,826
551,57	35,687
551,76	37,278
551,96	39,771
552,16	38,097
552,35	35,919
552,55	39,277
552,74	38,427
552,94	40,361
553,14	37,979
553,33	40,331
553,53	40,056
553,72	40,149
553,92	38,481
554,12	38,296
554,31	40,211
554,51	39,776
554,70	38,304
554,90	40,944
555,09	42,882
555,29	40,756
555,49	40,015
555,68	39,728
555,88	40,741
556,07	39,846
556,27	38,460
556,46	38,566
556,66	37,627
556,86	41,286
557,05	39,052
557,25	39,179
557,44	40,964
557,64	39,387
557,83	41,663
558,03	40,519
558,22	39,764
558,42	41,989
558,62	41,433
558,81	39,632
559,01	40,976
559,20	40,059
559,40	39,437
559,59	39,822
559,79	39,386
559,98	41,914
560,18	39,861
560,37	40,228
560,57	42,328
560,76	38,914
560,96	38,719
561,16	40,046
561,35	40,979
561,55	41,120
561,74	41,649
561,94	40,306
562,13	39,486
562,33	40,706
562,52	38,834
562,72	40,042
562,91	40,837
563,11	40,442
563,30	41,311
563,50	37,481
563,69	40,630
563,89	38,043
564,08	43,886
564,28	40,083
564,47	38,288
564,67	38,214
564,86	40,026
565,06	37,671
565,25	41,081
565,45	40,026
565,64	42,653
565,84	39,330
566,03	38,967
566,23	41,148
566,42	39,703
566,62	41,966
566,81	40,894
567,01	40,669
567,20	39,622
567,40	39,416
567,59	38,769
567,79	41,909
567,98	39,114
568,18	40,648
568,37	41,477
568,57	40,449
568,76	41,253
568,96	41,595
569,15	40,300
569,35	41,669
569,54	42,955
569,73	42,872
569,93	39,316
570,12	41,726
570,32	39,534
570,51	41,096
570,71	41,312
570,90	40,569
571,10	39,132
571,29	40,419
571,49	40,707
571,68	39,557
571,87	40,303
572,07	40,850
572,26	38,575
572,46	41,730
572,65	42,135
572,85	39,325
573,04	39,488
573,24	40,769
573,43	42,650
573,62	41,732
573,82	40,045
574,01	40,830
574,21	39,594
574,40	37,836
574,60	40,804
574,79	40,829
574,98	38,617
575,18	40,046
575,37	39,297
575,57	40,263
575,76	40,864
575,96	40,578
576,15	40,678
576,34	39,854
576,54	41,704
576,73	41,032
576,93	39,988
577,12	41,228
577,31	39,051
577,51	38,729
577,70	37,173
577,90	41,389
578,09	37,206
578,28	38,995
578,48	39,502
578,67	41,768
578,87	40,278
579,06	40,074
579,25	40,753
579,45	40,032
579,64	38,807
579,84	39,030
580,03	38,878
580,22	40,650
580,42	37,933
580,61	40,110
580,81	38,285
581,00	40,197
581,19	40,843
581,39	39,550
581,58	38,623
581,77	39,290
581,97	39,853
582,16	39,230
582,35	39,490
582,55	40,097
582,74	41,754
582,94	40,916
583,13	38,991
583,32	40,228
583,52	39,836
583,71	39,493
583,90	38,700
584,10	40,491
584,29	38,894
584,48	38,980
584,68	39,397
584,87	38,999
585,06	39,484
585,26	37,272
585,45	38,841
585,65	38,850
585,84	38,713
586,03	40,032
586,23	37,578
586,42	39,506
586,61	40,642
586,81	39,388
587,00	39,887
587,19	38,479
587,39	40,979
587,58	39,357
587,77	39,101
587,97	37,829
588,16	38,592
588,35	39,676
588,54	39,661
588,74	37,629
588,93	38,774
589,12	38,755
589,32	38,440
589,51	38,885
589,70	37,414
589,90	37,999
590,09	36,984
590,28	41,794
590,48	39,630
590,67	40,835
590,86	38,048
591,06	38,819
591,25	38,991
591,44	39,858
591,63	38,132
591,83	38,354
592,02	39,595
592,21	39,211
592,41	39,458
592,60	38,222
592,79	39,130
592,98	39,104
593,18	40,431
593,37	41,442
593,56	40,521
593,76	39,842
593,95	39,776
594,14	37,741
594,33	42,924
594,53	38,708
594,72	39,857
594,91	43,210
595,10	40,784
595,30	40,998
595,49	39,049
595,68	41,066
595,88	38,313
596,07	37,953
596,26	39,492
596,45	39,036
596,65	35,469
596,84	38,428
597,03	38,823
597,22	39,024
597,42	40,725
597,61	39,342
597,80	39,781
597,99	39,334
598,19	39,925
598,38	40,358
598,57	39,520
598,76	39,819
598,95	39,810
599,15	41,053
599,34	41,817
599,53	38,498
599,72	41,448
599,92	40,097
600,11	40,214
600,30	40,690
600,49	41,155
600,69	40,316
600,88	40,031
601,07	40,547
601,26	40,051
601,45	40,138
601,65	40,192
601,84	39,158
602,03	40,380
602,22	39,711
602,42	38,583
602,61	38,446
602,80	40,039
602,99	39,748
603,18	39,486
603,38	40,285
603,57	41,148
603,76	37,506
603,95	39,985
604,14	39,813
604,34	39,975
604,53	40,148
604,72	40,530
604,91	39,226
605,10	41,157
605,29	39,665
605,49	37,441
605,68	40,441
605,87	40,248
606,06	41,054
606,25	38,868
606,45	40,571
606,64	40,605
606,83	39,606
607,02	38,776
607,21	40,415
607,40	40,688
607,60	36,936
607,79	38,532
607,98	38,610
608,17	37,303
608,36	37,855
608,55	37,395
608,75	36,393
608,94	36,338
609,13	33,659
609,32	34,012
609,51	33,406
609,70	35,260
609,89	34,116
610,09	34,379
610,28	34,606
610,47	32,172
610,66	32,528
610,85	32,417
611,04	33,679
611,23	32,818
611,43	32,927
611,62	33,587
611,81	34,284
612,00	33,713
612,19	32,020
612,38	33,845
612,57	35,169
612,77	32,834
612,96	34,051
613,15	34,297
613,34	36,414
613,53	35,701
613,72	38,064
613,91	36,006
614,10	34,833
614,29	37,565
614,49	36,546
614,68	36,363
614,87	36,218
615,06	38,933
615,25	37,512
615,44	37,778
615,63	37,234
615,82	37,483
616,01	38,517
616,21	38,904
616,40	38,100
616,59	39,032
616,78	36,738
616,97	37,587
617,16	39,340
617,35	39,211
617,54	38,406
617,73	40,458
617,92	38,118
618,11	39,391
618,31	35,636
618,50	38,212
618,69	38,271
618,88	38,849
619,07	38,339
619,26	37,870
619,45	37,633
619,64	38,218
619,83	36,864
620,02	37,445
620,21	38,623
620,40	37,682
620,59	39,104
620,78	39,118
620,97	38,886
621,17	38,368
621,36	37,620
621,55	37,569
621,74	37,772
621,93	37,497
622,12	37,651
622,31	38,326
622,50	37,810
622,69	40,075
622,88	38,464
623,07	39,316
623,26	40,007
623,45	40,091
623,64	39,701
623,83	37,364
624,02	39,276
624,21	38,379
624,40	39,614
624,59	38,356
624,78	39,827
624,97	38,174
625,16	38,680
625,35	36,048
625,54	36,123
625,73	38,945
625,92	37,409
626,12	39,104
626,31	40,540
626,50	38,163
626,69	39,786
626,88	36,901
627,07	39,930
627,26	37,839
627,45	37,526
627,64	37,480
627,83	37,765
628,02	37,229
628,21	37,564
628,40	38,334
628,59	37,255
628,78	35,911
628,97	35,421
629,16	35,931
629,35	35,890
629,54	40,352
629,73	37,012
629,92	35,257
630,10	35,205
630,29	38,173
630,48	38,595
630,67	37,404
630,86	37,715
631,05	38,881
631,24	38,670
631,43	36,230
631,62	38,397
631,81	38,993
632,00	38,133
632,19	36,136
632,38	37,587
632,57	38,101
632,76	38,206
632,95	39,056
633,14	39,108
633,33	38,409
633,52	37,010
633,71	38,465
633,90	39,542
634,09	38,383
634,28	38,192
634,47	38,122
634,66	38,192
634,85	38,684
635,04	38,696
635,22	38,407
635,41	38,645
635,60	39,700
635,79	39,799
635,98	37,246
636,17	38,557
636,36	39,295
636,55	39,058
636,74	37,645
636,93	37,698
637,12	40,214
637,31	39,944
637,50	36,646
637,69	39,868
637,87	38,227
638,06	39,311
638,25	39,463
638,44	38,688
638,63	37,431
638,82	38,475
639,01	39,776
639,20	38,517
639,39	38,401
639,58	39,458
639,77	39,063
639,95	37,514
640,14	39,401
640,33	37,850
640,52	37,009
640,71	39,591
640,90	37,281
641,09	40,839
641,28	37,607
641,47	39,742
641,66	39,348
641,84	38,370
642,03	37,555
642,22	37,528
642,41	38,667
642,60	39,388
642,79	39,075
642,98	37,314
643,17	36,376
643,35	36,295
643,54	39,348
643,73	39,708
643,92	39,000
644,11	38,551
644,30	37,615
644,49	39,805
644,67	37,098
644,86	37,318
645,05	39,640
645,24	37,545
645,43	40,116
645,62	40,181
645,81	38,834
645,99	40,738
646,18	38,300
646,37	40,146
646,56	39,064
646,75	38,601
646,94	38,503
647,13	38,619
647,31	38,127
647,50	39,770
647,69	37,559
647,88	38,069
648,07	39,822
648,26	40,378
648,44	36,671
648,63	38,001
648,82	40,074
649,01	39,523
649,20	36,630
649,38	37,555
649,57	39,339
649,76	37,446
649,95	37,925
650,14	38,766
650,33	37,173
650,51	39,807
650,70	39,383
650,89	37,696
651,08	37,371
651,27	39,601
651,45	37,764
651,64	38,476
651,83	38,302
652,02	39,640
652,21	38,107
652,39	36,659
652,58	37,879
652,77	36,290
652,96	38,211
653,15	37,979
653,33	38,954
653,52	40,258
653,71	39,403
653,90	39,520
654,09	38,742
654,27	39,337
654,46	39,891
654,65	39,051
654,84	38,963
655,02	40,565
655,21	40,995
655,40	39,860
655,59	38,222
655,77	40,944
655,96	38,775
656,15	38,742
656,34	41,612
656,53	39,690
656,71	39,740
656,90	40,807
657,09	40,670
657,28	41,583
657,46	39,464
657,65	40,890
657,84	39,027
658,03	39,693
658,21	39,856
658,40	38,505
658,59	38,241
658,78	39,227
658,96	37,812
659,15	38,137
659,34	39,586
659,52	39,112
659,71	39,183
659,90	37,942
660,09	38,515
660,27	38,353
660,46	38,322
660,65	38,811
660,84	38,102
661,02	39,752
661,21	37,788
661,40	39,147
661,58	38,834
661,77	39,397
661,96	37,006
662,15	39,269
662,33	37,637
662,52	37,333
662,71	38,630
662,89	37,778
663,08	38,196
663,27	38,702
663,45	36,805
663,64	38,726
663,83	36,756
664,02	38,548
664,20	37,613
664,39	36,877
664,58	37,159
664,76	37,667
664,95	38,822
665,14	39,152
665,32	38,228
665,51	37,235
665,70	36,317
665,88	38,832
666,07	37,967
666,26	38,036
666,44	38,180
666,63	36,665
666,82	36,935
667,00	39,557
667,19	36,270
667,38	38,102
667,56	37,203
667,75	39,116
667,94	37,172
668,12	38,487
668,31	37,450
668,50	37,410
668,68	38,346
668,87	38,485
669,06	38,056
669,24	37,897
669,43	37,833
669,62	36,409
669,80	38,490
669,99	37,079
670,18	37,853
670,36	36,041
670,55	37,862
670,74	38,911
670,92	35,225
671,11	39,408
671,29	37,923
671,48	38,974
671,67	38,034
671,85	40,149
672,04	39,376
672,23	36,841
672,41	38,343
672,60	39,881
672,78	38,243
672,97	37,881
673,16	36,986
673,34	38,639
673,53	37,315
673,71	38,438
673,90	37,256
674,09	38,446
674,27	37,185
674,46	37,797
674,64	38,056
674,83	37,205
675,02	36,882
675,20	38,648
675,39	39,070
675,57	38,713
675,76	36,099
675,95	39,101
676,13	38,993
676,32	37,943
676,50	38,115
676,69	37,217
676,88	36,552
677,06	38,609
677,25	37,849
677,43	39,867
677,62	38,679
677,80	38,923
677,99	38,231
678,18	38,553
678,36	39,656
678,55	37,230
678,73	38,796
678,92	38,170
679,10	38,765
679,29	37,845
679,48	39,595
679,66	38,028
679,85	37,701
680,03	38,648
680,22	38,395
680,40	38,360
680,59	37,686
680,77	38,207
680,96	38,565
681,15	38,818
681,33	38,230
681,52	37,902
681,70	38,396
681,89	38,633
682,07	38,693
682,26	37,692
682,44	38,163
682,63	37,365
682,81	37,646
683,00	39,843
683,18	37,808
683,37	38,553
683,55	37,463
683,74	37,291
683,92	38,744
684,11	38,116
684,29	38,456
684,48	37,196
684,67	37,962
684,85	38,320
685,04	38,297
685,22	38,179
685,41	38,287
685,59	37,617
685,78	38,044
685,96	38,387
686,15	38,566
686,33	36,972
686,52	37,583
686,70	37,935
686,89	39,747
687,07	38,396
687,26	40,929
687,44	39,287
687,62	37,368
687,81	39,210
687,99	37,398
688,18	39,092
688,36	38,641
688,55	38,263
688,73	37,299
688,92	38,267
689,10	37,675
689,29	40,141
689,47	39,986
689,66	38,713
689,84	38,354
690,03	37,082
690,21	38,358
690,40	39,305
690,58	37,180
690,76	37,251
690,95	38,352
691,13	38,216
691,32	37,741
691,50	38,182
691,69	39,288
691,87	39,009
692,06	37,931
692,24	37,674
692,43	39,379
692,61	37,722
692,79	38,044
692,98	36,214
693,16	38,786
693,35	38,289
693,53	37,297
693,72	38,145
693,90	38,073
694,08	37,392
694,27	37,765
694,45	39,870
694,64	40,031
694,82	39,363
695,01	36,839
695,19	40,328
695,37	39,294
695,56	38,740
695,74	38,787
695,93	38,215
696,11	39,504
696,29	39,118
696,48	38,787
696,66	39,579
696,85	38,895
697,03	37,337
697,21	40,516
697,40	37,901
697,58	39,581
697,77	38,032
697,95	39,077
698,13	40,517
698,32	39,958
698,50	39,103
698,69	37,674
698,87	37,929
699,05	37,437
699,24	36,254
699,42	39,070
699,60	36,234
699,79	37,708
699,97	38,682
700,16	37,612
700,34	39,228
700,52	38,155
700,71	35,938
700,89	37,675
701,07	39,542
701,26	39,334
701,44	39,996
701,63	37,178
701,81	37,670
701,99	38,730
702,18	38,725
702,36	37,267
702,54	36,886
702,73	37,396
702,91	38,734
703,09	37,682
703,28	37,307
703,46	37,411
703,64	39,889
703,83	37,741
704,01	40,013
704,19	37,248
704,38	36,924
704,56	38,028
704,74	39,044
704,93	38,434
705,11	37,665
705,29	38,120
705,48	40,838
705,66	39,072
705,84	38,957
706,03	36,623
706,21	39,242
706,39	37,356
706,58	39,024
706,76	36,711
706,94	39,048
707,12	36,812
707,31	37,949
707,49	37,466
707,67	38,364
707,86	39,608
708,04	36,885
708,22	38,519
708,41	38,139
708,59	37,393
708,77	38,589
708,95	38,697
709,14	37,713
709,32	37,570
709,50	38,278
709,69	37,856
709,87	37,690
710,05	39,171
710,23	37,590
710,42	39,197
710,60	37,953
710,78	40,107
710,97	36,799
711,15	38,361
711,33	38,758
711,51	36,596
711,70	37,597
711,88	38,040
712,06	38,802
712,24	37,071
712,43	37,517
712,61	37,512
712,79	37,911
712,97	37,183
713,16	37,621
713,34	39,489
713,52	38,631
713,70	37,927
713,89	39,316
714,07	38,418
714,25	39,418
714,43	39,195
714,62	38,926
714,80	39,987
714,98	37,771
715,16	37,790
715,35	36,842
715,53	36,656
715,71	37,789
715,89	39,310
716,07	38,834
716,26	41,779
716,44	39,361
716,62	38,746
716,80	40,104
716,99	38,865
717,17	39,170
717,35	38,020
717,53	38,639
717,71	37,343
717,90	37,966
718,08	37,520
718,26	37,086
718,44	38,858
718,62	39,089
718,81	40,002
718,99	38,164
719,17	39,432
719,35	38,186
719,53	37,798
719,72	37,553
719,90	38,530
720,08	39,552
720,26	37,776
720,44	37,796
720,62	37,213
720,81	36,660
720,99	39,224
721,17	38,931
721,35	40,160
721,53	39,728
721,72	40,021
721,90	39,248
722,08	39,333
722,26	39,408
722,44	36,974
722,62	38,882
722,81	39,432
722,99	38,528
723,17	37,354
723,35	39,317
723,53	39,617
723,71	40,938
723,89	38,479
724,08	38,114
724,26	40,259
724,44	37,761
724,62	38,262
724,80	39,010
724,98	39,259
725,16	38,861
725,35	37,789
725,53	36,503
725,71	39,665
725,89	38,504
726,07	38,175
726,25	39,086
726,43	38,819
726,61	39,673
726,80	38,281
726,98	39,364
727,16	40,414
727,34	39,624
727,52	39,293
727,70	37,694
727,88	37,247
728,06	37,754
728,25	37,812
728,43	39,835
728,61	38,655
728,79	37,706
728,97	38,703
729,15	40,018
729,33	38,070
729,51	37,893
729,69	37,666
729,87	39,312
730,06	39,377
730,24	38,975
730,42	39,762
730,60	37,822
730,78	39,983
730,96	38,099
731,14	38,286
731,32	39,151
731,50	37,797
731,68	38,700
731,86	37,891
732,04	38,583
732,22	39,092
732,41	39,457
732,59	37,511
732,77	39,555
732,95	38,562
733,13	38,028
733,31	37,403
733,49	38,175
733,67	38,566
733,85	37,286
734,03	36,966
734,21	37,828
734,39	38,790
734,57	38,628
734,75	37,633
734,93	39,065
735,11	36,873
735,29	38,109
735,47	38,727
735,65	39,479
735,84	36,695
736,02	37,843
736,20	40,366
736,38	36,347
736,56	37,156
736,74	38,358
736,92	37,547
737,10	38,866
737,28	39,435
737,46	39,201
737,64	37,828
737,82	37,196
738,00	40,060
738,18	39,873
738,36	37,971
738,54	39,875
738,72	36,215
738,90	39,676
739,08	38,422
739,26	36,424
739,44	39,261
739,62	37,736
739,80	38,169
739,98	37,921
740,16	37,671
740,34	38,970
740,52	39,900
740,70	38,716
740,88	37,959
741,06	36,918
741,24	39,431
741,42	37,422
741,60	39,405
741,78	39,485
741,96	38,017
742,14	37,919
742,32	37,177
742,50	38,705
742,68	36,436
742,86	37,919
743,04	37,232
743,21	38,350
743,39	39,279
743,57	39,804
743,75	38,617
743,93	36,974
744,11	37,510
744,29	36,880
744,47	39,188
744,65	37,648
744,83	37,131
745,01	38,922
745,19	38,818
745,37	38,816
745,55	39,126
745,73	38,466
745,91	37,652
746,09	38,416
746,27	35,344
746,45	35,218
746,62	39,423
746,80	39,090
746,98	37,193
747,16	38,205
747,34	38,686
747,52	38,106
747,70	37,077
747,88	38,709
748,06	38,891
748,24	39,536
748,42	39,093
748,60	39,187
748,78	38,442
748,95	38,047
749,13	40,357
749,31	38,666
749,49	39,661
749,67	39,532
749,85	39,063
750,03	39,292
750,21	39,050
750,39	39,112
750,57	38,804
750,74	39,616
750,92	36,743
751,10	37,855
751,28	38,414
751,46	36,736
751,64	39,709
751,82	38,185
752,00	40,118
752,17	39,739
752,35	39,542
752,53	38,714
752,71	41,518
752,89	38,826
753,07	38,070
753,25	40,692
753,43	39,554
753,60	38,134
753,78	39,668
753,96	40,326
754,14	35,918
754,32	39,365
754,50	40,802
754,68	40,580
754,85	39,623
755,03	39,092
755,21	39,190
755,39	41,649
755,57	37,272
755,75	38,581
755,92	38,612
756,10	40,641
756,28	38,136
756,46	39,371
756,64	39,060
756,82	36,909
756,99	37,706
757,17	39,002
757,35	38,427
757,53	38,832
757,71	38,900
757,89	38,374
758,06	38,371
758,24	39,114
758,42	39,674
758,60	39,523
758,78	37,994
758,95	38,249
759,13	39,850
759,31	39,368
759,49	38,524
759,67	37,258
759,84	40,613
760,02	38,093
760,20	40,176
760,38	39,765
760,56	37,573
760,73	40,025
760,91	40,922
761,09	40,211
761,27	38,597
761,45	39,917
761,62	39,715
761,80	39,808
761,98	37,808
762,16	38,936
762,33	39,367
762,51	41,321
762,69	40,647
762,87	37,501
763,05	38,501
763,22	37,964
763,40	38,575
763,58	37,642
763,76	39,766
763,93	38,156
764,11	38,204
764,29	37,926
764,47	37,165
764,64	39,892
764,82	40,655
765,00	39,254
765,18	36,598
765,35	39,524
765,53	38,971
765,71	38,313
765,89	37,742
766,06	39,159
766,24	38,920
766,42	39,772
766,60	38,211
766,77	38,591
766,95	39,853
767,13	39,725
767,30	36,173
767,48	40,700
767,66	40,148
767,84	39,314
768,01	40,929
768,19	38,781
768,37	40,721
768,54	37,181
768,72	39,124
768,90	40,139
769,08	40,171
769,25	40,837
769,43	38,835
769,61	38,425
769,78	40,438
769,96	39,515
770,14	39,553
770,31	39,876
770,49	39,539
770,67	41,231
770,85	38,677
771,02	40,145
771,20	37,759
771,38	40,869
771,55	39,702
771,73	40,297
771,91	39,530
772,08	40,280
772,26	40,084
772,44	37,959
772,61	39,987
772,79	39,565
772,97	39,703
773,14	37,992
773,32	40,157
773,50	39,870
773,67	39,604
773,85	40,670
774,03	40,338
774,20	40,620
774,38	39,916
774,56	39,354
774,73	40,466
774,91	39,943
775,09	39,452
775,26	38,623
775,44	38,815
775,61	39,489
775,79	38,277
775,97	38,683
776,14	39,191
776,32	39,405
776,50	40,960
776,67	38,954
776,85	40,429
777,03	36,335
777,20	39,848
777,38	40,593
777,55	38,076
777,73	38,191
777,91	37,634
778,08	38,901
778,26	40,838
778,43	40,797
778,61	39,192
778,79	38,553
778,96	37,772
779,14	39,389
779,32	42,037
779,49	41,586
779,67	40,687
779,84	39,665
780,02	39,982
780,20	34,982
780,37	40,692
780,55	37,953
780,72	40,969
780,90	41,767
781,07	38,823
781,25	41,886
781,43	40,360
781,60	39,457
781,78	39,410
781,95	39,859
782,13	39,840
782,30	38,470
782,48	38,082
782,66	38,883
782,83	39,013
783,01	42,665
783,18	40,324
783,36	40,712
783,53	40,747
783,71	39,308
783,89	40,791
784,06	40,834
784,24	39,541
784,41	42,188
784,59	40,038
784,76	39,521
784,94	38,653
785,11	39,398
785,29	40,692
785,46	40,585
785,64	37,840
785,82	40,216
785,99	40,422
786,17	39,967
786,34	40,442
786,52	38,798
786,69	40,663
786,87	40,698
787,04	40,856
787,22	38,854
787,39	41,647
787,57	41,550
787,74	40,438
787,92	42,769
788,09	41,702
788,27	37,977
788,44	40,971
788,62	41,666
788,79	41,664
788,97	41,194
789,14	40,210
789,32	38,534
789,49	41,419
789,67	40,944
789,84	43,060
790,02	41,649
790,19	39,964
790,37	39,635
790,54	42,957
790,72	42,394
790,89	43,179
791,07	40,115
791,24	38,535
791,42	42,777
791,59	41,104
791,77	40,684
791,94	37,468
792,12	41,319
792,29	40,332
792,47	43,482
792,64	41,441
792,81	42,079
792,99	40,436
793,16	41,564
793,34	42,809
793,51	39,486
793,69	41,117
793,86	38,626
794,04	39,228
794,21	40,410
794,39	37,304
794,56	38,270
794,73	41,209
794,91	39,265
795,08	39,925
795,26	41,187
795,43	40,663
795,61	39,110
795,78	38,855
795,95	42,296
796,13	39,921
796,30	40,733
796,48	37,854
796,65	38,610
796,83	42,247
797,00	40,828
797,17	39,425
797,35	38,929
797,52	39,767
797,70	43,623
797,87	43,429
798,04	38,892
798,22	41,807
798,39	40,752
798,57	41,138
798,74	41,303
798,91	39,208
799,09	41,972
799,26	43,276
799,44	38,641
799,61	40,892
799,78	43,182
799,96	42,543
800,13	40,295
800,31	41,455
800,48	43,791
800,65	40,671
800,83	39,849
801,00	42,183
801,17	42,048
801,35	41,677
801,52	39,747
801,70	41,874
801,87	39,027
802,04	41,836
802,22	40,981
802,39	43,507
802,56	40,835
802,74	41,824
802,91	38,168
803,08	38,664
803,26	41,598
803,43	41,998
803,61	43,479
803,78	38,073
803,95	36,156
804,13	44,749
804,30	40,938
804,47	44,680
804,65	40,150
804,82	40,879
804,99	43,269
805,17	41,766
805,34	40,204
805,51	43,511
805,69	40,612
805,86	39,529
806,03	40,915
806,21	40,887
806,38	39,252
806,55	44,150
806,72	46,602
806,90	41,809
807,07	46,820
807,24	40,374
807,42	42,492
807,59	41,198
807,76	38,170
807,94	39,146
808,11	41,658
808,28	41,952
808,45	40,312
808,63	41,817
808,80	42,375
808,97	44,255
809,15	36,356
809,32	42,948
809,49	40,414
809,67	39,173
809,84	43,962
810,01	41,245
810,18	48,580
810,36	41,711
810,53	43,534
810,70	41,847
810,87	44,106
811,05	38,631
811,22	39,023
811,39	43,147
811,57	46,158
811,74	45,097
811,91	39,747
812,08	43,414
812,26	41,679
812,43	44,358
812,60	43,099
812,77	38,568
812,95	40,536
813,12	41,371
813,29	39,139
813,46	43,763
813,64	36,379
813,81	40,547
813,98	37,522
814,15	41,962
814,32	42,280
814,50	43,593
814,67	41,419
814,84	40,629
815,01	41,397
815,19	40,638
815,36	39,904
815,53	42,584
815,70	42,345
815,87	46,127
816,05	40,723
816,22	42,155
816,39	41,884
816,56	45,051
816,74	41,511
816,91	41,492
817,08	46,210
817,25	40,855
817,42	42,421
817,60	39,806
817,77	41,647
817,94	45,921
818,11	42,647
818,28	45,131
818,45	41,536
818,63	44,836
818,80	45,318
818,97	41,896
819,14	48,021
819,31	41,624
819,49	44,666
819,66	43,449
819,83	39,356
820,00	35,022
820,17	44,603
820,34	42,580
820,52	45,102
820,69	42,756
820,86	40,112
821,03	43,654
821,20	42,241
821,37	43,439
821,55	36,205
821,72	40,183
821,89	38,836
822,06	42,425
822,23	42,294
822,40	38,795
822,57	43,553
822,75	45,812
822,92	43,428
823,09	42,316
823,26	44,480
823,43	46,037
823,60	37,515
823,77	40,645
823,94	43,653
824,12	49,584
824,29	41,410
824,46	33,438
824,63	39,968
824,80	43,139
824,97	44,797
825,14	42,512
825,31	43,111
825,49	41,181
825,66	45,241
825,83	43,348
826,00	44,943
826,17	49,197
826,34	46,505
826,51	41,307
826,68	42,753
826,85	43,714
827,02	43,732
827,20	40,807
827,37	41,929
827,54	42,436
827,71	43,315
827,88	42,874
828,05	42,114
828,22	41,917
828,39	43,858
828,56	41,367
828,73	40,079
828,90	45,175
829,07	45,140
829,25	44,282
829,42	43,810
829,59	44,914
829,76	40,496
829,93	41,648
830,10	41,300
830,27	40,845
830,44	43,003
830,61	43,279
830,78	50,181
830,95	42,239
831,12	38,407
831,29	41,587
831,46	42,622
831,63	44,108
831,80	43,938
831,97	43,257
832,14	48,819
832,31	51,737
832,48	42,416
832,65	48,569
832,83	40,445
833,00	43,831
833,17	40,108
833,34	45,399
833,51	44,673
833,68	42,016
833,85	46,074
834,02	36,972
834,19	47,490
834,36	44,568
834,53	38,685
834,70	43,553
834,87	50,052
835,04	43,514
835,21	40,409
835,38	45,160
835,55	49,243
835,72	47,631
835,89	43,245
836,06	45,051
836,23	47,401
836,40	38,427
836,57	37,572
836,74	45,458
836,91	46,501
837,08	51,214
837,25	47,855
837,42	37,187
837,59	42,428
837,76	46,331
837,93	43,150
838,09	36,535
838,26	45,440
838,43	47,919
838,60	45,739
838,77	41,039
838,94	48,392
839,11	45,313
839,28	38,522
839,45	43,800
839,62	43,098
839,79	46,983
839,96	50,171
840,13	47,057
840,30	46,317
840,47	39,288
840,64	41,884
840,81	47,629
840,98	41,423
841,15	52,767
841,32	41,924
841,48	57,411
841,65	50,850
841,82	38,850
841,99	44,907
842,16	39,492
842,33	53,258
842,50	46,302
842,67	46,867
842,84	42,334
843,01	44,419
843,18	50,863
843,35	41,920
843,52	50,927
843,68	45,919
843,85	50,219
844,02	45,666
844,19	37,438
844,36	53,644
844,53	55,998
844,70	45,060
844,87	46,526
845,04	41,279
845,21	44,776
845,37	49,744
845,54	39,179
845,71	39,016
845,88	49,117
846,05	41,775
846,22	48,217
846,39	46,693
846,56	47,669
846,72	39,683
846,89	43,241
847,06	50,027
847,23	45,126
847,40	43,784
847,57	42,924
847,74	47,438
847,90	55,088
848,07	52,503
848,24	42,362
848,41	42,121
848,58	56,413
848,75	51,234
848,92	45,724
849,08	39,829
849,25	48,748
849,42	43,060
849,59	45,007
849,76	46,200
849,93	41,168
850,09	51,856
850,26	33,744
850,43	47,543
850,60	39,836
850,77	47,434
850,94	53,223
851,10	45,981
851,27	48,696
851,44	43,624
851,61	38,625
851,78	49,585
851,95	43,618
852,11	49,203
852,28	43,845
852,45	47,648
852,62	37,358
852,79	48,887
852,95	42,792
853,12	54,834
853,29	44,779
853,46	47,860
853,63	49,934
853,79	47,194
853,96	45,914
854,13	53,477
854,30	50,509
854,46	47,713
854,63	52,952
854,80	54,522
854,97	49,535
855,14	49,982
855,30	48,940
855,47	44,559
855,64	45,802
855,81	47,984
855,97	48,881
856,14	58,325
856,31	46,707
856,48	58,410
856,65	57,727
856,81	49,388
856,98	46,512
857,15	48,438
857,32	51,618
857,48	36,595
857,65	54,575
857,82	47,670
857,99	64,033
858,15	51,848
858,32	46,975
858,49	49,324
858,65	63,713
858,82	37,325
858,99	48,046
859,16	37,476
859,32	53,564
859,49	42,735
859,66	37,371
859,83	40,192
859,99	40,209
860,16	56,391
860,33	46,784
860,49	66,412
860,66	59,003
860,83	48,034
861,00	58,466
861,16	60,639
861,33	46,004
861,50	45,286
861,66	58,848
861,83	54,952
862,00	51,940
862,16	50,134
862,33	49,431
862,50	66,953
862,67	45,327
862,83	30,393
863,00	54,874
863,17	72,428
863,33	46,099
863,50	34,184
863,67	43,557
863,83	60,088
864,00	65,828
864,17	46,390
864,33	63,340
864,50	60,056
864,67	43,636
864,83	49,520
865,00	41,815
865,17	51,125
865,33	57,734
865,50	43,088
865,67	37,969
865,83	51,694
866,00	71,530
866,17	66,009
866,33	53,528
866,50	60,066
866,66	53,581
866,83	44,012
867,00	57,455
867,16	70,633
867,33	61,577
867,50	30,436
867,66	58,475
867,83	70,117
868,00	66,670
868,16	38,783
868,33	47,227
868,49	73,011
868,66	36,772
868,83	56,935
868,99	53,978
869,16	46,203
869,32	55,899
869,49	40,845
869,66	42,065
869,82	67,417
869,99	46,602
870,15	45,031
870,32	60,341
870,49	40,720
870,65	70,226
870,82	58,189
870,98	49,702
871,15	64,871
871,32	47,474
871,48	30,120
871,65	43,976
871,81	56,228
871,98	31,524
872,15	53,977
872,31	53,232
872,48	79,623
872,64	42,868
872,81	35,972
872,97	43,189
873,14	48,460
873,31	43,622
873,47	52,920
873,64	55,416
873,80	52,250
873,97	63,089
874,13	59,787
874,30	67,156
874,46	55,670
874,63	56,470
874,80	62,251
874,96	39,298
875,13	81,174
875,29	42,829
875,46	97,341
875,62	35,341
875,79	65,375
875,95	67,092
876,12	56,532
876,28	61,755
876,45	76,596
876,61	46,025
876,78	63,445
876,94	46,665
877,11	78,202
877,27	58,639
877,44	81,246
877,60	61,763
877,77	104,128
877,94	66,488
878,10	87,883
878,27	51,056
878,43	44,690
878,60	44,812
878,76	55,706
878,93	48,345
879,09	103,295
879,26	68,279
879,42	62,836
879,58	56,997
879,75	35,862
879,91	75,815
880,08	35,999
880,24	25,541
880,41	81,641
880,57	77,834
880,74	42,109
880,90	108,220
881,07	51,138
881,23	53,482
881,40	32,818
881,56	33,082
881,73	68,044
881,89	79,095
882,06	66,243
882,22	119,739
882,38	117,752
882,55	127,897
882,71	41,707
882,88	74,348
883,04	135,787
883,21	107,534
883,37	25,930
883,54	34,566
883,70	149,015
883,86	94,156
884,03	95,754
884,19	37,369
884,36	131,960
884,52	72,244
884,69	58,228
884,85	68,213
885,01	101,495
885,18	74,259
885,34	89,699
885,51	-0,339
885,67	53,021
>>>>> Data<<<<< Espectral Procesado Extremo
