Fichero De Datos De SpectraSuite
++++++++++++++++++++++++++++++++++++
Fecha: Wed Apr 22 10:30:58 CEST 2009
Usuario: evoflor
Presente Oscuro Del Espectro: Sí
La Referencia de Presente Del Espectro De: Sí
Muestreados de los componentes de Número de espectros: 1
Espectrómetros: USB4F02353
Tiempo de integración (usec): 500000 (USB4F02353)
Promedio de Espectros Hechos un: 5 (USB4F02353)
El Alisar Del Furgón: 0 (USB4F02353)
Párrafo de de Corregir del la del del de Eléctrica del obscuridad: Sí (USB4F02353)
Estrobo/Lámpara Permitido: No (USB4F02353)
Correct for Detector Non-linearity: No (USB4F02353)
Párrafo de de Corregir del la del del de Externa del luz: No (USB4F02353)
Procesado del espectro de Número de pixeles en: 3648
>>>>> Comienza Data<<<<< Espectral Procesado Del EL
177,79	269,032
178,00	269,032
178,22	269,032
178,44	750,714
178,66	62,294
178,88	-29,593
179,09	-134,404
179,31	139,452
179,53	306,765
179,75	162,907
179,96	1110,216
180,18	38,508
180,40	43,264
180,62	508,714
180,83	-88,905
181,05	-88,841
181,27	-85,000
181,49	27,207
181,70	76,481
181,92	192,310
182,14	366,220
182,36	251,080
182,58	-576,850
182,79	193,237
183,01	76,605
183,23	54,874
183,45	-105,492
183,66	-223,385
183,88	-131,853
184,10	-2456,091
184,32	196,250
184,53	149,689
184,75	120,599
184,97	144,596
185,18	-45,836
185,40	-255,697
185,62	-0,832
185,84	202,587
186,05	98,863
186,27	-36,726
186,49	2495,577
186,71	-25,620
186,92	144,843
187,14	-32,543
187,36	108,901
187,58	15,492
187,79	61,421
188,01	27,952
188,23	-30,923
188,45	164,815
188,66	205,290
188,88	-2243,364
189,10	-270,850
189,31	16,749
189,53	-52,400
189,75	84,057
189,97	183,788
190,18	375,043
190,40	397,559
190,62	-199,710
190,83	-96,469
191,05	81,693
191,27	452,814
191,49	294,270
191,70	202,957
191,92	-343,941
192,14	-17,660
192,35	258,050
192,57	1288,143
192,79	5,964
193,01	145,841
193,22	16,029
193,44	44,394
193,66	101,452
193,87	31,017
194,09	-8,906
194,31	70,396
194,53	680,315
194,74	-70,992
194,96	97,935
195,18	122,877
195,39	-54,842
195,61	19,739
195,83	-191,924
196,04	104,318
196,26	40,276
196,48	56,004
196,70	35,954
196,91	-40,594
197,13	387,557
197,35	-96,990
197,56	421,006
197,78	168,545
198,00	359,336
198,21	664,490
198,43	9,971
198,65	152,403
198,86	74,766
199,08	53,393
199,30	207,864
199,51	-161,515
199,73	91,277
199,95	196,250
200,16	10,712
200,38	159,827
200,60	101,548
200,81	258,426
201,03	88,274
201,25	-1287,850
201,46	204,668
201,68	88,299
201,90	942,841
202,11	20,286
202,33	101,948
202,55	-77,688
202,76	-17,603
202,98	191,585
203,20	-9,062
203,41	-71,500
203,63	29,249
203,85	-25285,000
204,06	2,285
204,28	4,133
204,50	69,449
204,71	135,309
204,93	-625,720
205,15	-137,997
205,36	-86,205
205,58	157,361
205,80	-62,943
206,01	82,585
206,23	109,773
206,45	198,547
206,66	116,462
206,88	-48,546
207,10	98,375
207,31	249,252
207,53	128,814
207,75	-13,894
207,96	282,724
208,18	-76,937
208,39	42,414
208,61	928,143
208,83	-227,708
209,04	115,814
209,26	-16,982
209,48	243,509
209,69	145,298
209,91	328,666
210,13	62,109
210,34	120,061
210,56	90,150
210,77	-291,220
210,99	67,115
211,21	1328,529
211,42	-81,584
211,64	-2,436
211,86	70,843
212,07	148,389
212,29	186,199
212,50	103,554
212,72	76,481
212,94	94,645
213,15	29,608
213,37	30,260
213,58	187,395
213,80	-2381,607
214,02	6993,235
214,23	6,724
214,45	183,230
214,67	-472,988
214,88	69,178
215,10	-65,114
215,31	-29,290
215,53	110,648
215,75	151,974
215,96	989,969
216,18	-379,085
216,39	224,179
216,61	245,819
216,83	24,487
217,04	-110,281
217,26	-23,089
217,47	97,268
217,69	104,210
217,91	83,286
218,12	-18085,000
218,34	111,565
218,55	-162,109
218,77	48,737
218,99	64,113
219,20	-45,836
219,42	225,130
219,63	-78,859
219,85	29,840
220,06	-23,904
220,28	148,525
220,50	142,332
220,71	64,252
220,93	2752,547
221,14	-900,850
221,36	48,021
221,58	42,391
221,79	128,777
222,01	-441,509
222,22	261,086
222,44	-808,034
222,65	72,986
222,87	-502,902
223,09	85,211
223,30	45,426
223,52	57,156
223,73	78,270
223,95	-163,401
224,16	98,526
224,38	143,092
224,60	39,957
224,81	35,696
225,03	-49,466
225,24	-15,688
225,46	13,596
225,67	2,166
225,89	15,425
226,10	54,473
226,32	173,480
226,54	-1,402
226,75	-103,114
226,97	85,471
227,18	32,281
227,40	41,476
227,61	31,563
227,83	-10,357
228,04	48,618
228,26	24,734
228,47	39,147
228,69	132,872
228,91	54,603
229,12	-18,016
229,34	46,996
229,55	42,691
229,77	2,327
229,98	-29,582
230,20	28,233
230,41	-8,283
230,63	-66,831
230,84	-57,733
231,06	35,395
231,27	-7,321
231,49	17,826
231,71	6,351
231,92	-4,111
232,14	-3,709
232,35	55,427
232,57	58,187
232,78	-12,215
233,00	17,731
233,21	17,497
233,43	13,295
233,64	2,019
233,86	18,451
234,07	31,471
234,29	16,658
234,50	3,528
234,72	15,925
234,93	5,976
235,15	19,043
235,36	22,371
235,58	8,239
235,79	19,579
236,01	10,545
236,22	3,850
236,44	39,006
236,65	4,115
236,87	10,730
237,08	-1,130
237,30	-10,074
237,51	17,983
237,73	-5,179
237,94	0,413
238,16	3,616
238,37	3,146
238,59	6,734
238,80	1,415
239,02	0,217
239,23	-1,692
239,45	-11,956
239,66	20,875
239,88	20,166
240,09	16,252
240,31	0,650
240,52	11,600
240,74	12,552
240,95	6,078
241,17	4,487
241,38	2,517
241,60	7,220
241,81	8,941
242,03	11,224
242,24	2,745
242,46	12,871
242,67	-3,761
242,89	11,034
243,10	15,248
243,32	10,304
243,53	-2,828
243,75	3,534
243,96	0,601
244,18	2,700
244,39	3,969
244,60	8,481
244,82	-3,956
245,03	15,665
245,25	3,612
245,46	17,530
245,68	-4,428
245,89	6,570
246,11	6,991
246,32	10,544
246,54	-0,758
246,75	-0,737
246,97	-0,228
247,18	8,839
247,39	-1,258
247,61	6,467
247,82	7,211
248,04	4,182
248,25	1,527
248,47	6,054
248,68	5,537
248,90	-5,521
249,11	9,932
249,33	8,171
249,54	1,010
249,75	8,566
249,97	1,227
250,18	4,916
250,40	10,448
250,61	-4,392
250,83	3,789
251,04	1,562
251,25	2,677
251,47	-0,297
251,68	5,280
251,90	4,298
252,11	6,048
252,33	1,402
252,54	0,472
252,76	-1,655
252,97	3,243
253,18	1,365
253,40	1,566
253,61	2,000
253,83	9,286
254,04	5,018
254,25	4,573
254,47	3,649
254,68	-0,393
254,90	-0,307
255,11	5,902
255,33	3,749
255,54	2,069
255,75	3,629
255,97	1,554
256,18	-1,449
256,40	3,272
256,61	2,279
256,82	1,517
257,04	5,163
257,25	-1,828
257,47	5,765
257,68	2,149
257,89	2,913
258,11	8,050
258,32	1,593
258,54	8,006
258,75	2,784
258,96	5,477
259,18	2,841
259,39	1,593
259,61	3,678
259,82	3,424
260,03	2,303
260,25	4,901
260,46	1,986
260,68	-1,331
260,89	1,244
261,10	2,878
261,32	2,181
261,53	4,297
261,75	5,158
261,96	2,748
262,17	6,295
262,39	9,971
262,60	-0,444
262,81	-2,031
263,03	5,659
263,24	4,518
263,46	-4,342
263,67	1,343
263,88	3,886
264,10	3,644
264,31	-2,360
264,52	6,060
264,74	6,228
264,95	3,797
265,17	0,043
265,38	0,640
265,59	5,027
265,81	3,859
266,02	-0,713
266,23	2,228
266,45	3,703
266,66	7,754
266,87	4,549
267,09	0,322
267,30	2,837
267,52	1,478
267,73	1,554
267,94	1,639
268,16	4,444
268,37	4,875
268,58	5,495
268,80	3,021
269,01	3,638
269,22	0,698
269,44	5,131
269,65	4,678
269,86	-0,491
270,08	4,139
270,29	1,518
270,50	7,185
270,72	-0,816
270,93	-2,227
271,14	1,939
271,36	1,984
271,57	3,209
271,78	0,569
272,00	2,096
272,21	1,785
272,42	2,654
272,64	4,633
272,85	-1,316
273,06	-1,282
273,28	-0,205
273,49	4,560
273,70	3,906
273,92	4,784
274,13	4,739
274,34	3,185
274,56	3,811
274,77	0,893
274,98	0,381
275,20	4,638
275,41	6,331
275,62	5,148
275,84	5,126
276,05	5,578
276,26	0,709
276,47	-0,244
276,69	4,289
276,90	0,716
277,11	0,873
277,33	0,177
277,54	1,256
277,75	2,408
277,97	0,724
278,18	3,259
278,39	1,795
278,61	1,575
278,82	1,879
279,03	3,332
279,24	3,393
279,46	2,197
279,67	7,779
279,88	3,604
280,10	2,811
280,31	1,104
280,52	2,089
280,73	-1,612
280,95	1,310
281,16	4,673
281,37	4,345
281,59	3,623
281,80	6,387
282,01	2,816
282,22	0,470
282,44	1,111
282,65	6,049
282,86	7,245
283,08	-1,184
283,29	3,755
283,50	2,456
283,71	3,640
283,93	2,898
284,14	6,238
284,35	-0,627
284,56	3,300
284,78	3,306
284,99	3,141
285,20	2,983
285,42	4,166
285,63	5,783
285,84	2,834
286,05	0,064
286,27	0,003
286,48	1,371
286,69	0,090
286,90	3,547
287,12	0,633
287,33	1,559
287,54	0,986
287,75	3,102
287,97	3,124
288,18	1,228
288,39	-2,284
288,60	0,604
288,82	0,623
289,03	0,613
289,24	2,766
289,45	4,643
289,67	2,442
289,88	3,155
290,09	3,631
290,30	2,847
290,52	1,790
290,73	0,514
290,94	-0,025
291,15	2,400
291,37	4,039
291,58	2,187
291,79	1,524
292,00	3,973
292,21	5,346
292,43	1,543
292,64	0,800
292,85	2,065
293,06	2,198
293,28	2,842
293,49	1,243
293,70	3,662
293,91	2,871
294,12	2,947
294,34	4,130
294,55	0,294
294,76	2,108
294,97	3,858
295,19	0,512
295,40	2,998
295,61	3,081
295,82	0,595
296,03	3,676
296,25	2,580
296,46	3,300
296,67	0,758
296,88	0,534
297,09	3,590
297,31	1,552
297,52	3,057
297,73	3,635
297,94	3,633
298,15	3,034
298,37	3,456
298,58	3,983
298,79	3,382
299,00	0,028
299,21	-0,477
299,43	1,412
299,64	4,377
299,85	3,407
300,06	-1,389
300,27	3,399
300,49	2,881
300,70	2,928
300,91	1,424
301,12	2,786
301,33	1,492
301,54	3,353
301,76	4,079
301,97	1,477
302,18	4,505
302,39	4,168
302,60	3,066
302,82	1,279
303,03	3,905
303,24	2,197
303,45	2,262
303,66	3,195
303,87	1,721
304,09	2,801
304,30	0,877
304,51	3,340
304,72	1,855
304,93	2,644
305,14	2,719
305,36	1,686
305,57	-0,726
305,78	4,349
305,99	0,966
306,20	1,197
306,41	0,832
306,62	2,689
306,84	1,337
307,05	2,988
307,26	4,145
307,47	5,478
307,68	1,047
307,89	3,226
308,11	2,737
308,32	1,580
308,53	2,024
308,74	-0,539
308,95	2,512
309,16	2,264
309,37	5,280
309,59	1,565
309,80	3,713
310,01	3,041
310,22	3,773
310,43	1,322
310,64	3,798
310,85	3,993
311,06	-1,036
311,28	1,597
311,49	3,440
311,70	6,144
311,91	-1,104
312,12	2,253
312,33	1,699
312,54	3,892
312,75	3,116
312,97	2,525
313,18	4,118
313,39	1,901
313,60	3,792
313,81	3,056
314,02	0,869
314,23	-0,147
314,44	2,725
314,65	2,951
314,87	2,084
315,08	0,153
315,29	4,185
315,50	4,724
315,71	4,392
315,92	2,533
316,13	4,270
316,34	2,634
316,55	3,497
316,77	-0,023
316,98	2,090
317,19	2,371
317,40	3,576
317,61	5,497
317,82	3,717
318,03	1,635
318,24	0,954
318,45	3,730
318,66	3,259
318,87	0,076
319,09	6,088
319,30	2,756
319,51	3,099
319,72	5,302
319,93	4,242
320,14	3,766
320,35	2,668
320,56	-0,097
320,77	0,273
320,98	5,955
321,19	2,679
321,40	1,917
321,62	5,964
321,83	4,446
322,04	5,032
322,25	2,741
322,46	6,282
322,67	1,689
322,88	4,848
323,09	0,588
323,30	2,338
323,51	3,190
323,72	5,296
323,93	1,635
324,14	-0,127
324,35	-0,560
324,56	-0,200
324,77	0,320
324,99	2,623
325,20	0,154
325,41	2,304
325,62	3,099
325,83	0,517
326,04	1,382
326,25	3,879
326,46	1,389
326,67	0,893
326,88	0,634
327,09	0,505
327,30	3,855
327,51	2,663
327,72	3,356
327,93	4,311
328,14	-4,731
328,35	0,330
328,56	4,205
328,77	1,806
328,98	3,626
329,19	4,068
329,40	3,952
329,61	3,431
329,82	0,570
330,04	3,429
330,25	2,526
330,46	2,730
330,67	-0,412
330,88	1,620
331,09	3,365
331,30	1,594
331,51	3,788
331,72	1,741
331,93	2,588
332,14	1,828
332,35	1,986
332,56	3,010
332,77	4,709
332,98	0,291
333,19	2,052
333,40	2,303
333,61	1,528
333,82	6,573
334,03	3,259
334,24	5,395
334,45	3,702
334,66	5,282
334,87	-0,263
335,08	1,963
335,29	-0,051
335,50	2,707
335,71	-0,076
335,92	1,669
336,13	2,124
336,34	2,231
336,55	3,423
336,76	4,991
336,97	2,659
337,18	0,240
337,39	1,335
337,60	5,627
337,81	3,228
338,02	1,591
338,23	-0,512
338,44	3,863
338,65	4,085
338,86	2,683
339,07	1,573
339,28	3,538
339,49	1,177
339,70	1,346
339,91	1,981
340,11	2,474
340,32	1,577
340,53	-0,614
340,74	-2,056
340,95	1,041
341,16	3,183
341,37	2,502
341,58	0,003
341,79	2,008
342,00	2,717
342,21	1,943
342,42	2,043
342,63	1,937
342,84	-2,233
343,05	3,256
343,26	2,991
343,47	2,657
343,68	3,161
343,89	1,702
344,10	4,213
344,31	5,748
344,52	2,816
344,73	3,440
344,94	4,829
345,14	3,394
345,35	3,043
345,56	2,599
345,77	2,079
345,98	3,679
346,19	0,288
346,40	3,011
346,61	3,012
346,82	-0,476
347,03	-0,025
347,24	3,396
347,45	0,283
347,66	4,364
347,87	3,518
348,08	4,616
348,28	2,769
348,49	2,547
348,70	5,337
348,91	4,352
349,12	-0,397
349,33	14,148
349,54	2,274
349,75	3,925
349,96	2,651
350,17	2,719
350,38	1,932
350,59	3,479
350,80	3,126
351,00	4,266
351,21	5,519
351,42	3,383
351,63	-0,054
351,84	3,485
352,05	1,974
352,26	2,608
352,47	1,813
352,68	2,338
352,89	2,796
353,09	4,049
353,30	1,869
353,51	2,340
353,72	4,008
353,93	5,614
354,14	-1,415
354,35	3,098
354,56	3,213
354,77	2,681
354,98	3,023
355,18	2,177
355,39	4,565
355,60	5,199
355,81	2,760
356,02	1,507
356,23	3,189
356,44	2,702
356,65	3,532
356,85	7,547
357,06	3,874
357,27	5,482
357,48	1,772
357,69	3,834
357,90	3,704
358,11	0,090
358,32	2,569
358,52	4,552
358,73	3,814
358,94	3,414
359,15	4,997
359,36	1,944
359,57	1,732
359,78	1,342
359,98	3,696
360,19	0,756
360,40	2,559
360,61	5,838
360,82	1,043
361,03	1,895
361,24	3,996
361,44	1,243
361,65	3,727
361,86	0,648
362,07	6,059
362,28	2,206
362,49	0,216
362,70	0,358
362,90	7,724
363,11	3,444
363,32	1,513
363,53	5,106
363,74	0,675
363,95	5,468
364,15	4,305
364,36	6,987
364,57	3,764
364,78	1,459
364,99	4,369
365,20	2,047
365,40	3,501
365,61	1,680
365,82	3,030
366,03	2,558
366,24	4,138
366,45	2,150
366,65	3,650
366,86	4,420
367,07	4,127
367,28	2,870
367,49	3,328
367,69	6,007
367,90	2,814
368,11	5,102
368,32	1,356
368,53	6,068
368,73	7,567
368,94	2,613
369,15	0,003
369,36	6,530
369,57	3,833
369,78	-0,684
369,98	4,946
370,19	4,837
370,40	2,914
370,61	0,687
370,82	3,042
371,02	3,421
371,23	7,069
371,44	5,527
371,65	1,595
371,85	6,176
372,06	1,034
372,27	2,774
372,48	1,434
372,69	2,631
372,89	0,590
373,10	-0,158
373,31	2,301
373,52	2,932
373,73	5,918
373,93	-1,005
374,14	4,168
374,35	6,688
374,56	3,775
374,76	3,245
374,97	0,222
375,18	0,914
375,39	4,335
375,60	4,039
375,80	2,677
376,01	3,115
376,22	4,274
376,43	4,829
376,63	3,166
376,84	-2,029
377,05	4,017
377,26	-0,541
377,46	1,042
377,67	2,120
377,88	6,086
378,09	3,991
378,29	-1,948
378,50	4,362
378,71	5,220
378,92	1,783
379,12	5,550
379,33	5,155
379,54	4,611
379,75	2,073
379,95	3,358
380,16	3,738
380,37	4,254
380,58	2,750
380,78	4,986
380,99	0,828
381,20	5,319
381,41	3,405
381,61	4,605
381,82	2,699
382,03	0,690
382,24	8,686
382,44	6,117
382,65	2,024
382,86	1,230
383,06	5,539
383,27	6,305
383,48	-1,033
383,69	5,205
383,89	4,477
384,10	6,057
384,31	7,043
384,51	4,582
384,72	6,156
384,93	3,193
385,14	4,160
385,34	5,618
385,55	2,818
385,76	3,175
385,96	8,045
386,17	5,152
386,38	3,954
386,59	7,916
386,79	2,365
387,00	5,880
387,21	7,013
387,41	6,112
387,62	1,807
387,83	8,561
388,03	4,546
388,24	2,468
388,45	6,358
388,66	6,022
388,86	6,245
389,07	4,775
389,28	10,218
389,48	7,807
389,69	8,435
389,90	6,395
390,10	13,562
390,31	10,790
390,52	3,787
390,72	7,442
390,93	9,317
391,14	6,265
391,34	9,549
391,55	10,508
391,76	11,235
391,96	7,731
392,17	7,484
392,38	10,242
392,58	9,346
392,79	11,626
393,00	8,415
393,20	8,146
393,41	8,326
393,62	8,552
393,82	9,761
394,03	9,149
394,24	9,353
394,44	13,346
394,65	10,490
394,86	9,220
395,06	12,240
395,27	10,677
395,48	9,683
395,68	14,110
395,89	12,440
396,10	12,808
396,30	9,820
396,51	10,663
396,72	10,016
396,92	12,284
397,13	15,848
397,34	12,429
397,54	15,375
397,75	14,229
397,95	9,717
398,16	12,895
398,37	14,732
398,57	11,071
398,78	14,480
398,99	13,216
399,19	15,507
399,40	15,859
399,60	11,141
399,81	16,951
400,02	16,277
400,22	15,880
400,43	17,135
400,64	16,049
400,84	17,693
401,05	15,797
401,25	16,631
401,46	18,790
401,67	17,579
401,87	16,565
402,08	14,446
402,29	16,319
402,49	20,328
402,70	14,514
402,90	14,818
403,11	18,581
403,32	20,478
403,52	20,049
403,73	20,933
403,93	22,627
404,14	21,033
404,35	18,261
404,55	21,638
404,76	19,641
404,96	17,570
405,17	24,283
405,38	23,777
405,58	19,836
405,79	22,861
405,99	23,999
406,20	22,892
406,40	18,630
406,61	26,284
406,82	19,176
407,02	25,366
407,23	24,039
407,43	23,906
407,64	21,748
407,85	25,261
408,05	24,030
408,26	28,384
408,46	27,087
408,67	22,129
408,87	25,592
409,08	28,183
409,29	26,973
409,49	27,427
409,70	27,720
409,90	25,710
410,11	26,275
410,31	27,403
410,52	31,501
410,72	27,290
410,93	30,039
411,14	25,843
411,34	26,681
411,55	31,546
411,75	30,988
411,96	27,806
412,16	29,865
412,37	28,055
412,57	28,485
412,78	30,909
412,99	30,352
413,19	29,674
413,40	33,062
413,60	31,539
413,81	32,000
414,01	32,047
414,22	34,773
414,42	29,704
414,63	29,374
414,83	36,732
415,04	31,765
415,24	33,424
415,45	37,450
415,65	31,223
415,86	30,828
416,07	33,481
416,27	37,750
416,48	35,424
416,68	35,509
416,89	33,509
417,09	32,522
417,30	38,292
417,50	36,309
417,71	39,348
417,91	36,195
418,12	37,514
418,32	35,680
418,53	33,939
418,73	34,397
418,94	32,790
419,14	37,395
419,35	33,689
419,55	35,280
419,76	36,942
419,96	34,198
420,17	35,615
420,37	36,269
420,58	39,528
420,78	38,019
420,99	40,811
421,19	38,954
421,40	36,579
421,60	41,336
421,81	36,292
422,01	43,526
422,22	38,966
422,42	40,711
422,63	40,471
422,83	40,312
423,04	41,039
423,24	37,043
423,45	37,686
423,65	40,915
423,86	42,975
424,06	42,038
424,27	40,796
424,47	39,043
424,67	39,892
424,88	38,062
425,08	39,680
425,29	46,824
425,49	42,260
425,70	39,681
425,90	41,081
426,11	41,054
426,31	40,437
426,52	41,400
426,72	39,621
426,93	42,514
427,13	44,004
427,33	40,263
427,54	40,439
427,74	47,242
427,95	44,242
428,15	40,645
428,36	39,702
428,56	42,848
428,77	44,935
428,97	40,153
429,18	46,510
429,38	39,702
429,58	45,600
429,79	41,015
429,99	40,551
430,20	41,614
430,40	45,874
430,61	41,975
430,81	39,942
431,01	40,981
431,22	44,247
431,42	45,835
431,63	42,444
431,83	41,237
432,04	42,125
432,24	44,106
432,44	44,014
432,65	40,969
432,85	41,149
433,06	42,438
433,26	40,875
433,47	40,412
433,67	41,022
433,87	41,415
434,08	41,805
434,28	41,152
434,49	41,161
434,69	43,173
434,89	37,799
435,10	40,196
435,30	40,400
435,51	37,942
435,71	39,020
435,91	39,646
436,12	41,390
436,32	45,882
436,53	41,931
436,73	41,169
436,93	43,877
437,14	42,222
437,34	45,068
437,55	42,584
437,75	45,836
437,95	43,008
438,16	45,910
438,36	44,640
438,57	44,393
438,77	43,999
438,97	46,665
439,18	47,685
439,38	45,489
439,58	45,728
439,79	48,380
439,99	43,795
440,20	43,396
440,40	46,859
440,60	41,766
440,81	44,768
441,01	47,279
441,21	44,921
441,42	48,398
441,62	46,045
441,83	46,239
442,03	48,225
442,23	47,446
442,44	46,555
442,64	45,123
442,84	45,092
443,05	44,658
443,25	42,274
443,45	48,122
443,66	44,853
443,86	43,214
444,06	48,122
444,27	42,204
444,47	46,360
444,67	41,707
444,88	46,274
445,08	45,706
445,28	46,814
445,49	46,473
445,69	40,598
445,90	46,509
446,10	47,002
446,30	47,997
446,51	46,501
446,71	51,124
446,91	48,640
447,12	48,826
447,32	43,877
447,52	49,570
447,72	45,039
447,93	48,047
448,13	42,631
448,33	51,360
448,54	46,097
448,74	45,638
448,94	48,376
449,15	50,060
449,35	46,764
449,55	47,354
449,76	48,427
449,96	45,563
450,16	50,025
450,37	44,243
450,57	48,919
450,77	42,715
450,98	47,777
451,18	46,208
451,38	45,148
451,58	48,838
451,79	46,830
451,99	49,873
452,19	44,018
452,40	48,942
452,60	50,124
452,80	45,627
453,00	47,046
453,21	46,875
453,41	48,430
453,61	49,500
453,82	47,616
454,02	45,582
454,22	48,994
454,42	48,681
454,63	45,954
454,83	42,149
455,03	48,925
455,24	50,905
455,44	46,745
455,64	42,490
455,84	41,182
456,05	48,942
456,25	49,231
456,45	46,982
456,65	45,345
456,86	48,182
457,06	46,449
457,26	52,164
457,47	46,059
457,67	46,549
457,87	46,963
458,07	47,247
458,28	49,447
458,48	49,167
458,68	45,207
458,88	51,308
459,09	50,686
459,29	50,185
459,49	47,075
459,69	47,136
459,90	50,086
460,10	46,490
460,30	48,018
460,50	45,058
460,71	45,136
460,91	46,106
461,11	42,575
461,31	44,030
461,52	46,915
461,72	48,333
461,92	46,765
462,12	52,745
462,32	43,286
462,53	47,004
462,73	47,350
462,93	46,771
463,13	46,475
463,34	43,397
463,54	48,312
463,74	48,902
463,94	44,363
464,14	50,024
464,35	46,223
464,55	50,747
464,75	49,845
464,95	47,902
465,16	44,666
465,36	47,970
465,56	47,715
465,76	43,412
465,96	44,450
466,17	48,114
466,37	47,453
466,57	47,616
466,77	45,820
466,97	48,136
467,18	49,697
467,38	46,906
467,58	45,565
467,78	46,145
467,98	49,508
468,19	47,053
468,39	49,760
468,59	48,414
468,79	47,302
468,99	46,337
469,19	45,768
469,40	49,272
469,60	47,723
469,80	46,274
470,00	43,739
470,20	51,328
470,41	45,889
470,61	53,167
470,81	44,532
471,01	44,103
471,21	46,012
471,41	46,896
471,62	46,579
471,82	43,812
472,02	44,330
472,22	44,695
472,42	47,364
472,62	49,495
472,83	46,573
473,03	45,980
473,23	48,175
473,43	50,005
473,63	46,990
473,83	49,631
474,03	45,111
474,24	53,869
474,44	45,770
474,64	50,021
474,84	49,738
475,04	49,052
475,24	46,627
475,45	46,498
475,65	42,071
475,85	49,778
476,05	45,785
476,25	47,042
476,45	46,904
476,65	49,797
476,85	45,109
477,06	46,458
477,26	47,434
477,46	45,613
477,66	48,412
477,86	47,386
478,06	46,746
478,26	49,618
478,46	45,392
478,67	47,410
478,87	47,938
479,07	46,716
479,27	46,288
479,47	47,671
479,67	45,592
479,87	45,599
480,07	48,457
480,28	44,433
480,48	45,716
480,68	46,408
480,88	48,430
481,08	45,188
481,28	46,846
481,48	47,731
481,68	44,610
481,88	46,372
482,08	45,181
482,29	47,943
482,49	44,707
482,69	48,668
482,89	45,147
483,09	46,953
483,29	45,107
483,49	42,871
483,69	45,041
483,89	44,463
484,09	42,565
484,29	42,617
484,50	44,381
484,70	42,880
484,90	42,701
485,10	44,387
485,30	46,042
485,50	45,443
485,70	43,952
485,90	44,569
486,10	39,867
486,30	44,894
486,50	44,473
486,70	41,495
486,90	44,033
487,10	47,388
487,30	43,328
487,51	43,391
487,71	42,254
487,91	43,496
488,11	42,465
488,31	41,150
488,51	41,946
488,71	43,452
488,91	45,863
489,11	39,862
489,31	44,591
489,51	42,769
489,71	44,379
489,91	42,693
490,11	44,493
490,31	44,494
490,51	44,476
490,71	43,399
490,91	43,095
491,11	45,413
491,31	47,256
491,51	41,036
491,72	43,137
491,92	45,023
492,12	46,077
492,32	45,477
492,52	46,956
492,72	45,070
492,92	44,404
493,12	44,263
493,32	44,723
493,52	44,578
493,72	42,429
493,92	47,108
494,12	44,771
494,32	44,835
494,52	45,450
494,72	45,445
494,92	44,862
495,12	42,328
495,32	48,991
495,52	43,179
495,72	47,561
495,92	47,406
496,12	46,110
496,32	44,275
496,52	45,674
496,72	44,792
496,92	45,354
497,12	46,120
497,32	46,921
497,52	48,403
497,72	47,517
497,92	49,079
498,12	44,955
498,32	43,137
498,52	46,368
498,72	47,348
498,92	42,956
499,12	44,860
499,32	44,263
499,52	45,002
499,72	46,711
499,92	45,303
500,12	46,552
500,32	48,136
500,52	45,504
500,72	51,562
500,91	50,179
501,11	46,105
501,31	46,062
501,51	47,369
501,71	46,658
501,91	47,530
502,11	46,170
502,31	45,258
502,51	48,867
502,71	46,682
502,91	48,280
503,11	47,667
503,31	47,744
503,51	46,062
503,71	46,063
503,91	48,577
504,11	48,779
504,31	48,952
504,51	49,752
504,71	48,894
504,91	47,512
505,10	46,168
505,30	46,323
505,50	46,002
505,70	49,074
505,90	48,649
506,10	42,812
506,30	45,826
506,50	48,449
506,70	49,911
506,90	47,473
507,10	47,221
507,30	46,487
507,50	49,142
507,70	48,826
507,89	47,103
508,09	43,291
508,29	46,492
508,49	47,346
508,69	45,176
508,89	45,334
509,09	44,162
509,29	48,630
509,49	46,075
509,69	48,921
509,89	47,984
510,09	47,492
510,28	49,313
510,48	48,315
510,68	46,489
510,88	47,253
511,08	45,261
511,28	44,495
511,48	45,946
511,68	47,213
511,88	45,098
512,07	48,699
512,27	47,743
512,47	48,301
512,67	45,200
512,87	46,370
513,07	46,616
513,27	48,309
513,47	45,245
513,67	45,991
513,86	48,788
514,06	46,231
514,26	45,654
514,46	47,463
514,66	43,360
514,86	47,160
515,06	51,266
515,26	48,504
515,45	46,356
515,65	46,692
515,85	43,492
516,05	46,463
516,25	45,847
516,45	48,140
516,65	44,638
516,84	44,132
517,04	49,316
517,24	46,891
517,44	47,078
517,64	50,555
517,84	47,557
518,04	49,637
518,23	49,114
518,43	49,511
518,63	46,537
518,83	45,333
519,03	45,760
519,23	45,188
519,42	49,877
519,62	49,679
519,82	47,614
520,02	45,087
520,22	43,009
520,42	45,853
520,61	46,682
520,81	48,272
521,01	47,706
521,21	46,427
521,41	44,019
521,61	46,454
521,80	43,801
522,00	46,397
522,20	45,548
522,40	46,914
522,60	43,073
522,79	44,818
522,99	47,663
523,19	46,998
523,39	44,320
523,59	47,591
523,78	48,032
523,98	44,859
524,18	47,788
524,38	46,507
524,58	48,265
524,77	48,840
524,97	46,268
525,17	48,538
525,37	47,892
525,57	47,786
525,76	45,968
525,96	48,040
526,16	44,663
526,36	42,868
526,56	44,394
526,75	43,688
526,95	45,368
527,15	44,491
527,35	46,665
527,55	46,606
527,74	46,571
527,94	43,835
528,14	45,568
528,34	46,656
528,53	45,025
528,73	47,925
528,93	46,079
529,13	46,711
529,32	46,607
529,52	46,316
529,72	45,333
529,92	45,221
530,12	46,550
530,31	44,148
530,51	45,835
530,71	46,974
530,91	46,324
531,10	41,459
531,30	45,014
531,50	44,554
531,70	47,687
531,89	45,691
532,09	44,635
532,29	43,783
532,49	46,079
532,68	46,579
532,88	42,216
533,08	43,909
533,28	42,874
533,47	45,533
533,67	44,942
533,87	46,141
534,06	49,076
534,26	44,548
534,46	44,174
534,66	44,845
534,85	45,847
535,05	41,431
535,25	45,921
535,45	43,878
535,64	46,334
535,84	41,333
536,04	42,005
536,23	43,264
536,43	43,046
536,63	42,669
536,83	44,808
537,02	43,123
537,22	43,484
537,42	42,611
537,61	44,974
537,81	42,812
538,01	42,827
538,20	42,618
538,40	40,712
538,60	41,687
538,80	40,434
538,99	40,034
539,19	39,001
539,39	38,715
539,58	37,482
539,78	36,003
539,98	37,443
540,17	36,059
540,37	35,576
540,57	34,347
540,76	35,271
540,96	32,584
541,16	33,878
541,36	31,979
541,55	29,958
541,75	31,589
541,95	31,980
542,14	31,171
542,34	30,114
542,54	28,777
542,73	30,187
542,93	31,669
543,13	31,143
543,32	31,049
543,52	28,306
543,72	30,262
543,91	29,953
544,11	30,476
544,31	29,966
544,50	31,403
544,70	32,208
544,89	30,300
545,09	31,086
545,29	31,097
545,48	32,363
545,68	31,722
545,88	32,485
546,07	32,929
546,27	33,287
546,47	35,148
546,66	35,170
546,86	35,928
547,06	35,646
547,25	35,537
547,45	37,874
547,64	37,844
547,84	37,931
548,04	38,713
548,23	38,393
548,43	39,766
548,63	42,228
548,82	40,328
549,02	38,506
549,21	39,799
549,41	38,290
549,61	41,391
549,80	40,745
550,00	40,522
550,20	41,260
550,39	40,474
550,59	39,403
550,78	41,152
550,98	37,834
551,18	42,006
551,37	42,639
551,57	39,293
551,76	39,930
551,96	40,199
552,16	40,253
552,35	41,154
552,55	43,561
552,74	42,749
552,94	43,925
553,14	41,102
553,33	43,058
553,53	39,213
553,72	41,972
553,92	45,263
554,12	41,601
554,31	45,259
554,51	43,836
554,70	43,148
554,90	42,816
555,09	45,377
555,29	45,431
555,49	41,926
555,68	45,697
555,88	40,970
556,07	43,932
556,27	45,357
556,46	42,586
556,66	41,966
556,86	46,784
557,05	44,614
557,25	44,363
557,44	44,599
557,64	42,376
557,83	43,799
558,03	44,302
558,22	44,243
558,42	43,496
558,62	45,950
558,81	43,982
559,01	42,346
559,20	42,598
559,40	42,722
559,59	43,856
559,79	43,912
559,98	44,785
560,18	44,510
560,37	47,030
560,57	43,475
560,76	43,047
560,96	43,120
561,16	43,493
561,35	44,418
561,55	46,109
561,74	43,193
561,94	45,272
562,13	44,395
562,33	44,473
562,52	46,021
562,72	42,647
562,91	42,385
563,11	45,602
563,30	48,036
563,50	43,467
563,69	43,035
563,89	44,140
564,08	44,798
564,28	43,598
564,47	43,845
564,67	44,828
564,86	43,422
565,06	42,581
565,25	43,625
565,45	43,278
565,64	45,049
565,84	44,942
566,03	44,454
566,23	44,576
566,42	44,051
566,62	43,738
566,81	45,581
567,01	44,017
567,20	43,538
567,40	42,644
567,59	41,849
567,79	43,719
567,98	45,085
568,18	45,603
568,37	45,836
568,57	44,506
568,76	43,497
568,96	45,275
569,15	43,795
569,35	44,340
569,54	45,437
569,73	46,801
569,93	43,776
570,12	45,605
570,32	44,934
570,51	45,325
570,71	44,559
570,90	45,943
571,10	44,530
571,29	44,178
571,49	45,511
571,68	44,325
571,87	43,723
572,07	43,210
572,26	43,855
572,46	45,563
572,65	47,328
572,85	42,764
573,04	45,011
573,24	46,516
573,43	47,436
573,62	46,078
573,82	44,735
574,01	45,067
574,21	45,451
574,40	43,718
574,60	44,507
574,79	45,856
574,98	44,888
575,18	45,596
575,37	43,785
575,57	44,543
575,76	44,446
575,96	45,446
576,15	45,974
576,34	45,001
576,54	44,912
576,73	45,004
576,93	44,811
577,12	44,485
577,31	44,772
577,51	44,054
577,70	43,932
577,90	42,675
578,09	44,041
578,28	43,910
578,48	45,768
578,67	45,580
578,87	45,459
579,06	43,640
579,25	43,845
579,45	45,708
579,64	42,982
579,84	44,508
580,03	43,468
580,22	46,756
580,42	43,512
580,61	44,467
580,81	43,778
581,00	44,541
581,19	45,075
581,39	44,262
581,58	43,834
581,77	43,949
581,97	45,297
582,16	42,445
582,35	41,671
582,55	43,407
582,74	46,170
582,94	43,534
583,13	43,039
583,32	43,270
583,52	42,720
583,71	43,391
583,90	43,214
584,10	42,576
584,29	43,811
584,48	41,077
584,68	42,926
584,87	42,753
585,06	42,749
585,26	42,777
585,45	41,682
585,65	43,358
585,84	42,724
586,03	43,644
586,23	41,659
586,42	41,326
586,61	43,153
586,81	43,220
587,00	42,173
587,19	40,373
587,39	43,485
587,58	42,565
587,77	41,800
587,97	41,064
588,16	42,995
588,35	42,503
588,54	44,915
588,74	41,609
588,93	41,952
589,12	43,522
589,32	42,306
589,51	42,369
589,70	41,979
589,90	43,271
590,09	42,315
590,28	44,633
590,48	42,144
590,67	43,822
590,86	42,040
591,06	41,174
591,25	45,231
591,44	42,551
591,63	42,837
591,83	44,559
592,02	42,570
592,21	42,626
592,41	42,362
592,60	42,595
592,79	43,364
592,98	42,235
593,18	43,624
593,37	42,980
593,56	44,473
593,76	43,099
593,95	43,110
594,14	43,075
594,33	45,071
594,53	44,214
594,72	44,654
594,91	45,296
595,10	45,596
595,30	44,171
595,49	43,305
595,68	44,355
595,88	42,397
596,07	43,251
596,26	42,475
596,45	43,988
596,65	41,042
596,84	41,745
597,03	43,620
597,22	43,162
597,42	45,271
597,61	42,585
597,80	44,842
597,99	43,576
598,19	44,614
598,38	44,340
598,57	43,418
598,76	44,285
598,95	44,898
599,15	44,335
599,34	45,385
599,53	45,208
599,72	45,707
599,92	45,538
600,11	44,040
600,30	44,298
600,49	45,301
600,69	44,451
600,88	44,392
601,07	44,237
601,26	44,712
601,45	43,005
601,65	44,541
601,84	43,725
602,03	43,576
602,22	45,261
602,42	44,568
602,61	43,472
602,80	43,585
602,99	46,035
603,18	41,912
603,38	44,100
603,57	43,309
603,76	43,471
603,95	42,900
604,14	43,914
604,34	45,469
604,53	43,739
604,72	44,107
604,91	45,064
605,10	44,818
605,29	44,306
605,49	42,095
605,68	43,252
605,87	43,428
606,06	45,008
606,25	42,820
606,45	43,924
606,64	43,687
606,83	43,468
607,02	42,048
607,21	42,595
607,40	43,529
607,60	40,540
607,79	41,308
607,98	40,180
608,17	40,385
608,36	40,124
608,55	38,964
608,75	39,040
608,94	36,215
609,13	36,022
609,32	36,919
609,51	35,066
609,70	35,326
609,89	35,448
610,09	34,047
610,28	35,487
610,47	33,811
610,66	32,829
610,85	33,306
611,04	34,703
611,23	34,396
611,43	34,230
611,62	33,641
611,81	33,279
612,00	34,862
612,19	32,806
612,38	35,288
612,57	36,887
612,77	34,857
612,96	36,339
613,15	36,709
613,34	38,389
613,53	38,541
613,72	38,914
613,91	39,616
614,10	37,911
614,29	40,565
614,49	37,794
614,68	37,618
614,87	40,042
615,06	40,244
615,25	39,660
615,44	41,895
615,63	39,949
615,82	40,248
616,01	39,326
616,21	39,830
616,40	41,655
616,59	41,742
616,78	41,520
616,97	41,154
617,16	41,236
617,35	41,023
617,54	40,124
617,73	41,817
617,92	40,260
618,11	42,598
618,31	39,082
618,50	39,649
618,69	40,896
618,88	39,890
619,07	39,991
619,26	38,599
619,45	40,734
619,64	40,449
619,83	38,844
620,02	39,319
620,21	39,700
620,40	40,622
620,59	39,410
620,78	40,368
620,97	40,073
621,17	40,460
621,36	39,956
621,55	40,747
621,74	41,425
621,93	39,624
622,12	40,325
622,31	39,795
622,50	39,508
622,69	40,182
622,88	39,003
623,07	42,331
623,26	40,934
623,45	42,333
623,64	39,769
623,83	39,583
624,02	41,391
624,21	41,608
624,40	39,849
624,59	40,223
624,78	38,740
624,97	41,142
625,16	39,607
625,35	39,105
625,54	40,599
625,73	41,570
625,92	42,208
626,12	41,735
626,31	42,443
626,50	40,259
626,69	40,359
626,88	38,775
627,07	40,085
627,26	39,740
627,45	40,350
627,64	39,572
627,83	40,695
628,02	39,082
628,21	38,814
628,40	39,178
628,59	39,924
628,78	38,910
628,97	39,996
629,16	40,069
629,35	39,972
629,54	42,343
629,73	39,063
629,92	38,577
630,10	39,988
630,29	39,630
630,48	39,321
630,67	38,300
630,86	40,414
631,05	39,559
631,24	41,515
631,43	38,353
631,62	39,839
631,81	39,217
632,00	41,254
632,19	38,795
632,38	39,988
632,57	39,721
632,76	39,520
632,95	40,639
633,14	41,784
633,33	40,401
633,52	40,858
633,71	40,741
633,90	39,718
634,09	40,422
634,28	40,463
634,47	38,306
634,66	41,303
634,85	38,928
635,04	42,215
635,22	40,695
635,41	40,593
635,60	42,059
635,79	42,302
635,98	39,181
636,17	41,302
636,36	40,081
636,55	39,575
636,74	39,400
636,93	40,392
637,12	39,872
637,31	40,303
637,50	39,299
637,69	39,717
637,87	40,688
638,06	40,594
638,25	39,561
638,44	41,261
638,63	39,696
638,82	41,164
639,01	39,528
639,20	39,600
639,39	39,821
639,58	40,308
639,77	41,748
639,95	39,125
640,14	41,052
640,33	39,571
640,52	39,757
640,71	40,043
640,90	38,779
641,09	41,494
641,28	39,727
641,47	40,108
641,66	39,652
641,84	39,569
642,03	41,330
642,22	39,397
642,41	40,773
642,60	40,432
642,79	40,724
642,98	39,968
643,17	37,804
643,35	40,595
643,54	39,875
643,73	42,647
643,92	40,441
644,11	39,245
644,30	37,453
644,49	41,825
644,67	40,919
644,86	38,792
645,05	39,695
645,24	41,933
645,43	40,199
645,62	39,383
645,81	40,186
645,99	40,677
646,18	41,264
646,37	39,090
646,56	41,534
646,75	40,158
646,94	41,172
647,13	40,093
647,31	40,294
647,50	39,809
647,69	40,180
647,88	40,402
648,07	39,293
648,26	43,221
648,44	40,866
648,63	40,289
648,82	40,406
649,01	41,702
649,20	39,462
649,38	40,327
649,57	41,528
649,76	37,759
649,95	40,010
650,14	40,360
650,33	40,929
650,51	41,367
650,70	42,038
650,89	41,401
651,08	39,531
651,27	41,685
651,45	39,615
651,64	39,330
651,83	40,542
652,02	39,638
652,21	40,403
652,39	40,385
652,58	41,058
652,77	38,380
652,96	41,038
653,15	41,286
653,33	41,162
653,52	41,278
653,71	42,496
653,90	42,251
654,09	41,848
654,27	41,557
654,46	43,885
654,65	43,813
654,84	44,207
655,02	43,312
655,21	43,357
655,40	43,842
655,59	43,090
655,77	42,670
655,96	43,296
656,15	43,496
656,34	44,047
656,53	42,856
656,71	42,034
656,90	42,586
657,09	44,012
657,28	42,915
657,46	41,916
657,65	42,431
657,84	40,574
658,03	42,361
658,21	41,028
658,40	40,943
658,59	40,120
658,78	42,211
658,96	39,598
659,15	40,900
659,34	40,928
659,52	39,349
659,71	41,072
659,90	38,720
660,09	40,022
660,27	38,946
660,46	40,586
660,65	40,684
660,84	38,239
661,02	40,720
661,21	39,930
661,40	40,417
661,58	41,209
661,77	37,897
661,96	38,782
662,15	38,986
662,33	40,236
662,52	38,854
662,71	41,007
662,89	38,040
663,08	39,698
663,27	39,132
663,45	39,960
663,64	39,576
663,83	38,658
664,02	39,542
664,20	39,565
664,39	38,671
664,58	40,071
664,76	39,313
664,95	40,869
665,14	38,796
665,32	38,955
665,51	40,458
665,70	38,637
665,88	40,312
666,07	38,740
666,26	42,083
666,44	41,091
666,63	39,528
666,82	39,860
667,00	41,107
667,19	37,871
667,38	39,977
667,56	40,196
667,75	39,381
667,94	39,580
668,12	38,184
668,31	40,821
668,50	38,775
668,68	40,758
668,87	39,648
669,06	40,841
669,24	39,478
669,43	38,138
669,62	38,924
669,80	38,313
669,99	39,906
670,18	39,273
670,36	39,488
670,55	39,484
670,74	40,656
670,92	39,001
671,11	40,538
671,29	39,981
671,48	39,643
671,67	39,117
671,85	40,847
672,04	39,980
672,23	39,437
672,41	38,911
672,60	40,321
672,78	37,817
672,97	39,579
673,16	39,666
673,34	39,407
673,53	39,444
673,71	40,464
673,90	40,733
674,09	37,717
674,27	38,087
674,46	39,118
674,64	40,282
674,83	40,469
675,02	37,147
675,20	39,361
675,39	38,987
675,57	41,091
675,76	40,106
675,95	39,899
676,13	39,986
676,32	40,273
676,50	40,076
676,69	38,249
676,88	37,996
677,06	39,632
677,25	38,978
677,43	41,604
677,62	38,910
677,80	39,293
677,99	38,556
678,18	38,888
678,36	41,017
678,55	36,362
678,73	39,394
678,92	39,508
679,10	40,972
679,29	38,764
679,48	39,606
679,66	39,556
679,85	40,128
680,03	39,778
680,22	39,495
680,40	38,715
680,59	38,711
680,77	39,567
680,96	39,075
681,15	39,381
681,33	40,401
681,52	38,964
681,70	37,505
681,89	40,934
682,07	40,729
682,26	39,827
682,44	40,567
682,63	39,600
682,81	39,170
683,00	40,250
683,18	38,332
683,37	39,410
683,55	41,098
683,74	39,920
683,92	39,636
684,11	38,544
684,29	39,755
684,48	38,718
684,67	38,852
684,85	39,005
685,04	39,497
685,22	40,263
685,41	39,735
685,59	39,560
685,78	38,787
685,96	39,235
686,15	40,192
686,33	39,589
686,52	38,950
686,70	40,057
686,89	40,701
687,07	39,738
687,26	40,684
687,44	39,973
687,62	38,682
687,81	38,904
687,99	38,599
688,18	38,446
688,36	39,690
688,55	38,655
688,73	39,298
688,92	37,990
689,10	38,119
689,29	39,717
689,47	39,930
689,66	39,534
689,84	38,272
690,03	41,637
690,21	39,124
690,40	40,835
690,58	38,805
690,76	38,204
690,95	42,006
691,13	39,427
691,32	39,802
691,50	39,965
691,69	41,365
691,87	38,505
692,06	38,322
692,24	38,501
692,43	38,623
692,61	36,988
692,79	38,739
692,98	38,143
693,16	40,015
693,35	39,241
693,53	38,575
693,72	39,681
693,90	40,511
694,08	38,350
694,27	39,094
694,45	40,657
694,64	41,779
694,82	38,028
695,01	37,739
695,19	38,709
695,37	37,784
695,56	38,265
695,74	39,686
695,93	39,074
696,11	36,409
696,29	39,983
696,48	40,237
696,66	39,210
696,85	40,333
697,03	39,473
697,21	41,661
697,40	39,288
697,58	39,076
697,77	37,764
697,95	40,972
698,13	41,175
698,32	40,686
698,50	40,078
698,69	39,482
698,87	39,747
699,05	37,340
699,24	38,249
699,42	37,365
699,60	36,081
699,79	39,190
699,97	38,403
700,16	37,811
700,34	39,658
700,52	37,304
700,71	39,134
700,89	38,652
701,07	39,594
701,26	38,246
701,44	37,681
701,63	37,245
701,81	37,194
701,99	40,231
702,18	36,299
702,36	37,488
702,54	37,305
702,73	37,519
702,91	39,035
703,09	38,110
703,28	36,673
703,46	39,583
703,64	39,017
703,83	38,238
704,01	38,774
704,19	38,581
704,38	38,482
704,56	37,431
704,74	38,471
704,93	39,699
705,11	37,871
705,29	38,527
705,48	39,099
705,66	39,138
705,84	38,684
706,03	36,348
706,21	38,720
706,39	37,844
706,58	37,899
706,76	36,871
706,94	37,860
707,12	38,892
707,31	37,471
707,49	36,929
707,67	39,129
707,86	38,904
708,04	38,228
708,22	39,009
708,41	36,620
708,59	38,898
708,77	36,960
708,95	39,104
709,14	39,742
709,32	37,681
709,50	36,563
709,69	37,868
709,87	38,270
710,05	38,666
710,23	37,967
710,42	37,704
710,60	38,413
710,78	38,589
710,97	38,407
711,15	37,016
711,33	40,876
711,51	37,122
711,70	38,420
711,88	36,889
712,06	40,310
712,24	38,551
712,43	38,143
712,61	37,594
712,79	37,264
712,97	38,164
713,16	38,370
713,34	36,997
713,52	38,571
713,70	38,905
713,89	37,324
714,07	39,695
714,25	37,404
714,43	40,201
714,62	35,818
714,80	38,448
714,98	37,454
715,16	39,365
715,35	36,839
715,53	37,099
715,71	38,070
715,89	39,159
716,07	38,553
716,26	42,029
716,44	39,065
716,62	39,304
716,80	39,037
716,99	40,283
717,17	38,101
717,35	38,002
717,53	37,597
717,71	37,671
717,90	39,945
718,08	38,008
718,26	36,750
718,44	37,468
718,62	38,930
718,81	37,671
718,99	37,165
719,17	38,329
719,35	38,108
719,53	38,086
719,72	37,965
719,90	39,173
720,08	37,518
720,26	38,897
720,44	39,900
720,62	37,668
720,81	37,771
720,99	39,446
721,17	37,770
721,35	39,130
721,53	37,990
721,72	39,306
721,90	39,763
722,08	37,625
722,26	37,903
722,44	36,463
722,62	38,750
722,81	38,131
722,99	38,541
723,17	38,847
723,35	39,725
723,53	38,864
723,71	38,274
723,89	38,526
724,08	38,176
724,26	38,401
724,44	35,939
724,62	39,227
724,80	38,217
724,98	39,207
725,16	39,096
725,35	38,577
725,53	37,522
725,71	38,891
725,89	39,342
726,07	39,084
726,25	40,801
726,43	38,929
726,61	38,642
726,80	39,114
726,98	38,001
727,16	37,977
727,34	38,107
727,52	37,841
727,70	36,966
727,88	37,810
728,06	36,860
728,25	36,047
728,43	39,390
728,61	38,396
728,79	37,321
728,97	36,931
729,15	40,160
729,33	39,447
729,51	37,725
729,69	39,015
729,87	38,847
730,06	36,918
730,24	38,130
730,42	40,067
730,60	38,596
730,78	39,964
730,96	38,492
731,14	38,696
731,32	38,767
731,50	37,684
731,68	37,226
731,86	39,517
732,04	39,675
732,22	36,740
732,41	40,777
732,59	37,672
732,77	39,095
732,95	39,734
733,13	39,898
733,31	37,897
733,49	36,736
733,67	38,285
733,85	40,071
734,03	39,234
734,21	39,110
734,39	38,787
734,57	40,376
734,75	40,174
734,93	40,986
735,11	37,787
735,29	38,408
735,47	41,030
735,65	38,062
735,84	37,965
736,02	39,466
736,20	40,413
736,38	37,235
736,56	38,390
736,74	39,141
736,92	39,062
737,10	38,663
737,28	37,873
737,46	38,043
737,64	37,538
737,82	39,131
738,00	40,840
738,18	39,396
738,36	37,833
738,54	39,972
738,72	37,821
738,90	39,453
739,08	39,810
739,26	36,691
739,44	38,011
739,62	38,205
739,80	38,200
739,98	39,155
740,16	36,743
740,34	37,682
740,52	38,070
740,70	40,088
740,88	36,902
741,06	38,289
741,24	38,255
741,42	38,140
741,60	37,036
741,78	39,361
741,96	36,472
742,14	38,602
742,32	37,788
742,50	38,907
742,68	38,086
742,86	37,261
743,04	36,159
743,21	39,894
743,39	38,457
743,57	36,420
743,75	38,597
743,93	36,702
744,11	36,626
744,29	37,604
744,47	39,287
744,65	36,973
744,83	37,823
745,01	38,305
745,19	38,243
745,37	38,947
745,55	39,089
745,73	37,877
745,91	39,761
746,09	37,196
746,27	36,940
746,45	34,983
746,62	38,311
746,80	37,804
746,98	38,277
747,16	36,728
747,34	36,900
747,52	36,674
747,70	38,697
747,88	37,980
748,06	35,569
748,24	36,926
748,42	38,087
748,60	38,166
748,78	37,831
748,95	37,637
749,13	40,172
749,31	37,820
749,49	37,837
749,67	40,051
749,85	40,057
750,03	38,122
750,21	38,547
750,39	39,238
750,57	37,639
750,74	38,569
750,92	38,025
751,10	40,328
751,28	36,947
751,46	37,720
751,64	38,195
751,82	37,921
752,00	38,330
752,17	37,185
752,35	37,220
752,53	37,576
752,71	37,328
752,89	36,181
753,07	37,422
753,25	39,134
753,43	37,033
753,60	39,290
753,78	37,018
753,96	40,499
754,14	39,191
754,32	37,810
754,50	39,209
754,68	39,459
754,85	37,755
755,03	38,791
755,21	39,075
755,39	41,943
755,57	39,212
755,75	38,950
755,92	37,504
756,10	39,237
756,28	40,758
756,46	37,054
756,64	38,738
756,82	38,235
756,99	38,433
757,17	39,092
757,35	37,327
757,53	38,845
757,71	40,985
757,89	36,477
758,06	40,434
758,24	38,099
758,42	40,018
758,60	38,849
758,78	40,098
758,95	38,949
759,13	38,547
759,31	39,219
759,49	36,488
759,67	38,662
759,84	38,851
760,02	38,648
760,20	38,918
760,38	40,070
760,56	37,717
760,73	39,040
760,91	40,095
761,09	39,161
761,27	38,202
761,45	38,255
761,62	38,760
761,80	37,992
761,98	36,627
762,16	38,981
762,33	37,743
762,51	40,320
762,69	38,998
762,87	37,746
763,05	37,720
763,22	38,339
763,40	37,198
763,58	37,036
763,76	38,922
763,93	39,474
764,11	39,163
764,29	37,048
764,47	38,905
764,64	39,751
764,82	38,499
765,00	37,534
765,18	36,315
765,35	38,478
765,53	39,558
765,71	36,959
765,89	37,224
766,06	38,377
766,24	37,869
766,42	37,485
766,60	36,819
766,77	38,434
766,95	36,966
767,13	38,744
767,30	39,069
767,48	38,749
767,66	37,790
767,84	37,437
768,01	35,708
768,19	39,736
768,37	38,536
768,54	37,551
768,72	39,031
768,90	36,800
769,08	40,634
769,25	37,268
769,43	37,721
769,61	35,465
769,78	39,363
769,96	39,404
770,14	40,480
770,31	38,239
770,49	36,494
770,67	37,595
770,85	37,946
771,02	38,838
771,20	37,291
771,38	39,915
771,55	36,255
771,73	38,260
771,91	37,621
772,08	38,143
772,26	37,783
772,44	37,771
772,61	37,331
772,79	37,543
772,97	38,828
773,14	37,295
773,32	36,326
773,50	38,736
773,67	39,563
773,85	39,867
774,03	38,557
774,20	38,151
774,38	40,917
774,56	37,125
774,73	36,203
774,91	37,347
775,09	38,823
775,26	36,047
775,44	38,463
775,61	40,269
775,79	35,438
775,97	41,077
776,14	39,030
776,32	38,451
776,50	38,022
776,67	36,852
776,85	38,115
777,03	37,165
777,20	38,297
777,38	39,372
777,55	40,133
777,73	35,614
777,91	39,704
778,08	37,861
778,26	38,392
778,43	40,793
778,61	35,991
778,79	36,649
778,96	37,643
779,14	36,988
779,32	38,013
779,49	38,500
779,67	40,788
779,84	38,461
780,02	39,066
780,20	34,408
780,37	39,581
780,55	36,393
780,72	41,197
780,90	40,415
781,07	37,550
781,25	39,480
781,43	39,689
781,60	39,389
781,78	39,576
781,95	40,509
782,13	40,835
782,30	39,137
782,48	39,228
782,66	37,899
782,83	37,632
783,01	40,229
783,18	38,735
783,36	39,853
783,53	41,890
783,71	38,939
783,89	37,965
784,06	39,106
784,24	39,043
784,41	36,742
784,59	39,923
784,76	39,584
784,94	37,576
785,11	36,785
785,29	39,746
785,46	38,101
785,64	37,423
785,82	37,304
785,99	39,764
786,17	37,741
786,34	39,093
786,52	38,163
786,69	40,191
786,87	35,549
787,04	38,581
787,22	37,159
787,39	40,101
787,57	40,405
787,74	39,333
787,92	39,980
788,09	40,843
788,27	36,350
788,44	40,473
788,62	41,546
788,79	37,960
788,97	41,937
789,14	37,621
789,32	40,543
789,49	39,062
789,67	39,048
789,84	42,164
790,02	40,217
790,19	40,851
790,37	38,898
790,54	41,567
790,72	44,529
790,89	41,385
791,07	40,669
791,24	38,799
791,42	39,107
791,59	38,310
791,77	38,641
791,94	36,551
792,12	38,946
792,29	40,943
792,47	39,061
792,64	40,742
792,81	39,660
792,99	39,188
793,16	39,056
793,34	39,086
793,51	36,468
793,69	42,012
793,86	37,671
794,04	38,281
794,21	39,566
794,39	39,412
794,56	39,822
794,73	39,452
794,91	40,431
795,08	39,684
795,26	40,812
795,43	37,601
795,61	39,185
795,78	39,855
795,95	40,160
796,13	38,984
796,30	38,700
796,48	36,974
796,65	41,903
796,83	38,978
797,00	40,595
797,17	39,920
797,35	42,254
797,52	37,425
797,70	43,240
797,87	41,901
798,04	37,814
798,22	40,946
798,39	38,501
798,57	41,161
798,74	38,241
798,91	40,087
799,09	36,822
799,26	43,958
799,44	41,527
799,61	41,126
799,78	39,632
799,96	38,818
800,13	36,004
800,31	38,217
800,48	41,303
800,65	40,549
800,83	38,613
801,00	41,485
801,17	40,971
801,35	39,025
801,52	40,159
801,70	41,628
801,87	40,909
802,04	37,908
802,22	35,910
802,39	36,732
802,56	46,316
802,74	40,322
802,91	37,290
803,08	39,566
803,26	38,095
803,43	39,523
803,61	40,207
803,78	41,990
803,95	39,677
804,13	40,789
804,30	39,656
804,47	41,725
804,65	41,276
804,82	40,181
804,99	38,758
805,17	37,984
805,34	42,682
805,51	44,857
805,69	40,475
805,86	40,239
806,03	42,839
806,21	39,704
806,38	39,213
806,55	43,033
806,72	42,751
806,90	40,772
807,07	39,783
807,24	38,321
807,42	41,030
807,59	40,998
807,76	38,983
807,94	40,160
808,11	42,043
808,28	42,081
808,45	42,324
808,63	42,119
808,80	42,756
808,97	43,044
809,15	36,988
809,32	40,436
809,49	39,490
809,67	38,450
809,84	39,186
810,01	41,701
810,18	43,625
810,36	39,970
810,53	43,356
810,70	39,528
810,87	44,736
811,05	37,528
811,22	42,166
811,39	42,008
811,57	41,593
811,74	42,878
811,91	42,422
812,08	40,572
812,26	40,210
812,43	39,547
812,60	41,446
812,77	41,427
812,95	42,532
813,12	45,637
813,29	37,356
813,46	41,455
813,64	41,270
813,81	37,681
813,98	36,601
814,15	45,546
814,32	39,982
814,50	42,852
814,67	42,496
814,84	44,360
815,01	42,518
815,19	38,066
815,36	40,669
815,53	38,735
815,70	39,413
815,87	45,679
816,05	42,270
816,22	40,506
816,39	45,369
816,56	43,792
816,74	41,379
816,91	42,509
817,08	46,043
817,25	46,459
817,42	41,802
817,60	42,904
817,77	38,363
817,94	40,727
818,11	43,175
818,28	44,835
818,45	43,093
818,63	39,929
818,80	36,385
818,97	42,588
819,14	48,317
819,31	43,176
819,49	45,354
819,66	38,919
819,83	40,708
820,00	44,070
820,17	40,742
820,34	41,768
820,52	44,236
820,69	42,536
820,86	45,133
821,03	37,815
821,20	43,383
821,37	43,015
821,55	36,064
821,72	40,617
821,89	40,979
822,06	42,236
822,23	39,607
822,40	42,048
822,57	40,720
822,75	44,921
822,92	36,481
823,09	42,307
823,26	45,681
823,43	50,377
823,60	36,710
823,77	40,637
823,94	41,068
824,12	48,088
824,29	40,043
824,46	38,186
824,63	42,256
824,80	44,109
824,97	41,902
825,14	45,806
825,31	42,220
825,49	45,804
825,66	41,052
825,83	39,088
826,00	40,007
826,17	49,469
826,34	41,055
826,51	42,349
826,68	43,686
826,85	46,720
827,02	42,481
827,20	35,278
827,37	40,885
827,54	45,694
827,71	43,467
827,88	46,738
828,05	42,583
828,22	41,039
828,39	44,945
828,56	50,501
828,73	44,429
828,90	43,146
829,07	40,662
829,25	46,382
829,42	45,629
829,59	42,704
829,76	40,214
829,93	42,857
830,10	43,516
830,27	42,142
830,44	46,612
830,61	48,052
830,78	33,721
830,95	47,161
831,12	41,320
831,29	43,818
831,46	44,583
831,63	39,903
831,80	45,483
831,97	40,345
832,14	44,486
832,31	49,379
832,48	43,865
832,65	43,056
832,83	42,927
833,00	44,343
833,17	40,097
833,34	44,858
833,51	44,537
833,68	49,005
833,85	47,005
834,02	48,612
834,19	43,538
834,36	44,309
834,53	36,029
834,70	45,415
834,87	49,605
835,04	39,165
835,21	51,591
835,38	36,372
835,55	44,417
835,72	51,654
835,89	44,583
836,06	43,327
836,23	49,136
836,40	43,158
836,57	40,470
836,74	51,947
836,91	44,476
837,08	50,687
837,25	47,842
837,42	41,921
837,59	42,281
837,76	42,948
837,93	49,660
838,09	37,869
838,26	52,268
838,43	51,978
838,60	41,091
838,77	44,659
838,94	43,698
839,11	51,162
839,28	41,735
839,45	39,311
839,62	43,085
839,79	43,476
839,96	45,018
840,13	43,019
840,30	44,021
840,47	47,743
840,64	38,630
840,81	46,237
840,98	43,559
841,15	54,529
841,32	39,627
841,48	52,497
841,65	49,975
841,82	46,400
841,99	43,604
842,16	44,193
842,33	48,148
842,50	49,695
842,67	48,162
842,84	40,556
843,01	49,900
843,18	39,889
843,35	50,465
843,52	42,041
843,68	48,105
843,85	43,078
844,02	38,895
844,19	48,510
844,36	53,630
844,53	49,858
844,70	50,758
844,87	52,378
845,04	53,407
845,21	40,087
845,37	49,343
845,54	39,472
845,71	36,602
845,88	41,541
846,05	47,479
846,22	36,440
846,39	45,554
846,56	55,078
846,72	33,467
846,89	45,031
847,06	47,052
847,23	54,185
847,40	43,945
847,57	41,398
847,74	43,995
847,90	51,783
848,07	53,853
848,24	40,049
848,41	38,652
848,58	59,634
848,75	41,672
848,92	46,868
849,08	44,275
849,25	52,212
849,42	44,089
849,59	52,551
849,76	37,561
849,93	42,521
850,09	54,301
850,26	45,997
850,43	54,756
850,60	39,036
850,77	46,001
850,94	51,818
851,10	50,707
851,27	52,018
851,44	47,349
851,61	43,029
851,78	48,970
851,95	45,962
852,11	47,209
852,28	52,810
852,45	42,650
852,62	43,975
852,79	42,985
852,95	45,960
853,12	49,861
853,29	42,679
853,46	53,611
853,63	53,402
853,79	50,624
853,96	50,993
854,13	63,040
854,30	39,922
854,46	60,484
854,63	44,872
854,80	49,279
854,97	40,484
855,14	53,241
855,30	49,907
855,47	38,424
855,64	46,028
855,81	57,144
855,97	46,881
856,14	53,204
856,31	41,593
856,48	52,732
856,65	51,116
856,81	58,717
856,98	41,982
857,15	40,454
857,32	57,422
857,48	43,491
857,65	49,958
857,82	35,432
857,99	54,155
858,15	44,247
858,32	48,704
858,49	41,306
858,65	58,453
858,82	50,910
858,99	41,950
859,16	61,519
859,32	49,024
859,49	48,530
859,66	27,922
859,83	38,906
859,99	45,137
860,16	51,729
860,33	51,108
860,49	58,049
860,66	58,038
860,83	56,976
861,00	40,987
861,16	65,009
861,33	53,663
861,50	48,605
861,66	51,635
861,83	62,545
862,00	41,254
862,16	57,650
862,33	41,016
862,50	65,224
862,67	50,247
862,83	44,559
863,00	53,239
863,17	67,214
863,33	49,263
863,50	46,100
863,67	49,632
863,83	63,619
864,00	52,074
864,17	43,813
864,33	61,110
864,50	55,763
864,67	53,965
864,83	54,344
865,00	39,300
865,17	47,415
865,33	67,738
865,50	41,139
865,67	46,808
865,83	48,549
866,00	69,265
866,17	65,976
866,33	55,922
866,50	74,457
866,66	54,253
866,83	33,626
867,00	62,177
867,16	61,729
867,33	72,852
867,50	26,512
867,66	45,198
867,83	52,353
868,00	53,242
868,16	35,600
868,33	29,639
868,49	52,159
868,66	59,113
868,83	50,983
868,99	44,653
869,16	62,580
869,32	64,212
869,49	51,294
869,66	39,609
869,82	67,196
869,99	76,573
870,15	72,638
870,32	69,133
870,49	52,557
870,65	66,154
870,82	44,988
870,98	57,329
871,15	81,796
871,32	68,868
871,48	18,109
871,65	47,510
871,81	48,355
871,98	49,406
872,15	45,905
872,31	42,254
872,48	97,310
872,64	54,896
872,81	36,628
872,97	46,653
873,14	69,340
873,31	83,163
873,47	63,606
873,64	75,172
873,80	48,205
873,97	66,319
874,13	43,568
874,30	57,666
874,46	69,755
874,63	44,553
874,80	50,041
874,96	55,796
875,13	87,335
875,29	72,651
875,46	86,787
875,62	45,015
875,79	70,881
875,95	69,865
876,12	43,317
876,28	55,001
876,45	64,633
876,61	58,776
876,78	34,936
876,94	51,777
877,11	64,002
877,27	51,583
877,44	89,767
877,60	56,490
877,77	53,679
877,94	106,395
878,10	55,999
878,27	89,585
878,43	101,021
878,60	48,685
878,76	37,202
878,93	72,757
879,09	49,562
879,26	90,813
879,42	58,794
879,58	80,464
879,75	54,051
879,91	75,745
880,08	23,594
880,24	54,537
880,41	46,120
880,57	57,832
880,74	11,109
880,90	125,297
881,07	68,743
881,23	80,321
881,40	44,998
881,56	60,499
881,73	94,325
881,89	86,717
882,06	17,722
882,22	129,019
882,38	89,727
882,55	126,401
882,71	3,879
882,88	62,049
883,04	141,669
883,21	119,730
883,37	33,924
883,54	63,798
883,70	152,065
883,86	70,890
884,03	66,467
884,19	57,624
884,36	38,948
884,52	125,644
884,69	106,142
884,85	58,138
885,01	33,475
885,18	71,833
885,34	-10,699
885,51	41,380
885,67	67,090
>>>>> Data<<<<< Espectral Procesado Extremo
