Fichero De Datos De SpectraSuite
++++++++++++++++++++++++++++++++++++
Fecha: Wed Apr 22 11:44:13 CEST 2009
Usuario: evoflor
Presente Oscuro Del Espectro: Sí
La Referencia de Presente Del Espectro De: Sí
Muestreados de los componentes de Número de espectros: 1
Espectrómetros: USB4F02353
Tiempo de integración (usec): 500000 (USB4F02353)
Promedio de Espectros Hechos un: 5 (USB4F02353)
El Alisar Del Furgón: 0 (USB4F02353)
Párrafo de de Corregir del la del del de Eléctrica del obscuridad: Sí (USB4F02353)
Estrobo/Lámpara Permitido: No (USB4F02353)
Correct for Detector Non-linearity: No (USB4F02353)
Párrafo de de Corregir del la del del de Externa del luz: No (USB4F02353)
Procesado del espectro de Número de pixeles en: 3648
>>>>> Comienza Data<<<<< Espectral Procesado Del EL
177,79	258,775
178,00	258,775
178,22	258,775
178,44	677,308
178,66	-235,106
178,88	145,065
179,09	-178,149
179,31	299,765
179,53	466,765
179,75	234,533
179,96	1229,871
180,18	-560,815
180,40	471,545
180,62	445,265
180,83	-422,045
181,05	-280,061
181,27	-70665,000
181,49	126,163
181,70	347,942
181,92	436,371
182,14	315,858
182,36	226,262
182,58	-625,650
182,79	773,504
183,01	8,120
183,23	115,527
183,45	-414,046
183,66	117,412
183,88	267,441
184,10	-3592,091
184,32	183,824
184,53	143,736
184,75	-116,753
184,97	29,960
185,18	-117,603
185,40	-318,101
185,62	134,556
185,84	203,417
186,05	168,148
186,27	-243,607
186,49	2821,731
186,71	106,622
186,92	107,213
187,14	-199,085
187,36	173,579
187,58	112,155
187,79	-7,546
188,01	354,042
188,23	-95,923
188,45	93,304
188,66	-42,121
188,88	-2119,364
189,10	-1948,650
189,31	-43,797
189,53	-7,363
189,75	305,830
189,97	-43,212
190,18	299,421
190,40	632,735
190,62	48,703
190,83	-98,959
191,05	172,440
191,27	52,757
191,49	495,705
191,70	-222,909
191,92	-103,093
192,14	-27,589
192,35	693,541
192,57	3639,000
192,79	-103,073
193,01	223,072
193,22	101,442
193,44	-86,800
193,66	150,450
193,87	-54,893
194,09	9,287
194,31	198,657
194,53	972,483
194,74	6,556
194,96	62,743
195,18	123,801
195,39	-224,446
195,61	-70,610
195,83	-159,489
196,04	81,202
196,26	119,774
196,48	29,719
196,70	344,463
196,91	-14,406
197,13	226,747
197,35	75,152
197,56	642,307
197,78	1353,470
198,00	361,993
198,21	544,005
198,43	-740,494
198,65	100,546
198,86	163,543
199,08	25,131
199,30	197,702
199,51	-186,205
199,73	231,762
199,95	330,854
200,16	870,635
200,38	241,602
200,60	80,264
200,81	230,332
201,03	184,687
201,25	-724,650
201,46	137,429
201,68	44,548
201,90	2056,023
202,11	-269,714
202,33	47,693
202,55	-804,187
202,76	-39,662
202,98	286,986
203,20	-15,216
203,41	-400,342
203,63	126,852
203,85	-69765,000
204,06	-32,332
204,28	-77,024
204,50	143,576
204,71	229,797
204,93	-464,280
205,15	28,509
205,36	-119,627
205,58	113,177
205,80	-39,472
206,01	50,055
206,23	158,154
206,45	217,895
206,66	150,877
206,88	0,731
207,10	-7,125
207,31	205,649
207,53	55,329
207,75	112,518
207,96	1165,410
208,18	-200,452
208,39	44,914
208,61	1350,429
208,83	-435,343
209,04	120,482
209,26	213,525
209,48	244,264
209,69	221,395
209,91	798,193
210,13	56,386
210,34	304,031
210,56	83,546
210,77	-1321,772
210,99	66,599
211,21	2674,412
211,42	-227,978
211,64	-6,256
211,86	215,818
212,07	289,400
212,29	193,166
212,50	125,825
212,72	-102,058
212,94	-5,898
213,15	72,207
213,37	89,378
213,58	-200,588
213,80	-2202,321
214,02	11568,529
214,23	270,192
214,45	349,721
214,67	-1498,354
214,88	116,225
215,10	-151,347
215,31	-173,876
215,53	-140,080
215,75	168,287
215,96	1160,031
216,18	-766,690
216,39	261,008
216,61	303,635
216,83	231,094
217,04	1491,742
217,26	-7,960
217,47	91,092
217,69	232,775
217,91	82,307
218,12	-95865,000
218,34	127,483
218,55	473,912
218,77	34,163
218,99	77,119
219,20	-48,750
219,42	329,977
219,63	-139,158
219,85	-13,128
220,06	-226,673
220,28	92,050
220,50	41,549
220,71	96,292
220,93	2488,019
221,14	-1984,650
221,36	50,736
221,58	-69,573
221,79	64,322
222,01	128,147
222,22	968,191
222,44	-318,371
222,65	215,297
222,87	494,161
223,09	169,382
223,30	103,619
223,52	219,966
223,73	156,940
223,95	-14,556
224,16	38,072
224,38	327,405
224,60	144,530
224,81	-61,566
225,03	45,116
225,24	190,432
225,46	57,583
225,67	30,455
225,89	2,965
226,10	342,967
226,32	493,320
226,54	0,380
226,75	24,272
226,97	200,471
227,18	96,318
227,40	72,136
227,61	77,128
227,83	-14,161
228,04	87,025
228,26	31,374
228,47	46,977
228,69	204,069
228,91	73,749
229,12	130,750
229,34	36,755
229,55	55,263
229,77	51,364
229,98	22,593
230,20	54,355
230,41	50,341
230,63	70,313
230,84	11,663
231,06	0,609
231,27	3,132
231,49	53,244
231,71	17,030
231,92	21,845
232,14	30,734
232,35	48,022
232,57	3,987
232,78	16,578
233,00	34,135
233,21	44,385
233,43	-0,610
233,64	10,107
233,86	20,932
234,07	56,797
234,29	15,739
234,50	-7,592
234,72	33,374
234,93	13,045
235,15	15,858
235,36	12,505
235,58	29,266
235,79	38,849
236,01	17,287
236,22	13,184
236,44	38,739
236,65	24,187
236,87	40,857
237,08	5,503
237,30	-5,927
237,51	16,937
237,73	1,164
237,94	6,879
238,16	24,718
238,37	3,332
238,59	8,807
238,80	16,140
239,02	9,910
239,23	16,853
239,45	-4,211
239,66	30,272
239,88	35,329
240,09	20,353
240,31	5,178
240,52	9,054
240,74	13,679
240,95	11,980
241,17	3,332
241,38	10,948
241,60	10,297
241,81	25,354
242,03	6,165
242,24	13,891
242,46	22,494
242,67	3,416
242,89	8,616
243,10	17,020
243,32	21,945
243,53	12,454
243,75	2,610
243,96	8,583
244,18	6,224
244,39	12,071
244,60	9,141
244,82	-0,989
245,03	23,211
245,25	12,006
245,46	23,377
245,68	4,947
245,89	16,340
246,11	9,371
246,32	13,223
246,54	9,009
246,75	10,683
246,97	8,452
247,18	18,907
247,39	9,446
247,61	6,916
247,82	6,961
248,04	2,625
248,25	8,485
248,47	14,547
248,68	17,563
248,90	1,219
249,11	9,743
249,33	15,893
249,54	3,768
249,75	11,786
249,97	7,463
250,18	11,221
250,40	16,337
250,61	-4,939
250,83	5,980
251,04	-4,005
251,25	10,552
251,47	-2,640
251,68	11,104
251,90	10,416
252,11	12,577
252,33	6,335
252,54	4,002
252,76	5,185
252,97	2,644
253,18	3,038
253,40	6,074
253,61	4,680
253,83	12,600
254,04	6,754
254,25	9,793
254,47	5,582
254,68	4,745
254,90	5,882
255,11	5,065
255,33	3,814
255,54	7,392
255,75	4,498
255,97	8,925
256,18	3,590
256,40	7,157
256,61	7,962
256,82	-2,818
257,04	12,577
257,25	2,420
257,47	7,841
257,68	5,489
257,89	8,837
258,11	9,814
258,32	6,585
258,54	8,401
258,75	13,207
258,96	8,828
259,18	6,711
259,39	1,225
259,61	15,179
259,82	5,860
260,03	5,689
260,25	7,630
260,46	3,669
260,68	2,691
260,89	3,901
261,10	3,260
261,32	7,682
261,53	4,314
261,75	6,573
261,96	3,140
262,17	10,389
262,39	11,595
262,60	5,473
262,81	2,139
263,03	10,734
263,24	10,617
263,46	5,351
263,67	4,611
263,88	5,497
264,10	8,249
264,31	4,418
264,52	4,562
264,74	10,100
264,95	5,179
265,17	6,303
265,38	5,309
265,59	7,689
265,81	6,567
266,02	3,446
266,23	4,393
266,45	13,123
266,66	11,626
266,87	7,780
267,09	4,078
267,30	7,700
267,52	5,638
267,73	3,649
267,94	6,153
268,16	8,378
268,37	7,235
268,58	3,619
268,80	2,800
269,01	5,376
269,22	8,395
269,44	6,965
269,65	3,928
269,86	-0,779
270,08	7,966
270,29	1,836
270,50	9,631
270,72	10,299
270,93	2,666
271,14	4,037
271,36	5,302
271,57	7,599
271,78	2,585
272,00	10,019
272,21	8,961
272,42	4,667
272,64	9,024
272,85	5,994
273,06	3,044
273,28	7,823
273,49	5,186
273,70	7,860
273,92	7,997
274,13	7,295
274,34	6,052
274,56	7,670
274,77	3,116
274,98	5,416
275,20	6,935
275,41	8,340
275,62	5,545
275,84	6,720
276,05	11,925
276,26	5,907
276,47	5,110
276,69	8,301
276,90	9,142
277,11	3,914
277,33	3,174
277,54	8,755
277,75	3,694
277,97	2,728
278,18	0,408
278,39	8,873
278,61	5,256
278,82	6,837
279,03	7,389
279,24	5,460
279,46	4,805
279,67	6,776
279,88	4,257
280,10	6,558
280,31	3,385
280,52	5,263
280,73	1,467
280,95	9,870
281,16	7,577
281,37	5,828
281,59	8,711
281,80	11,010
282,01	4,539
282,22	5,966
282,44	1,440
282,65	11,508
282,86	8,213
283,08	4,671
283,29	4,636
283,50	7,610
283,71	6,801
283,93	4,801
284,14	7,788
284,35	6,509
284,56	8,290
284,78	3,166
284,99	5,960
285,20	10,773
285,42	5,972
285,63	6,784
285,84	1,924
286,05	2,754
286,27	8,227
286,48	4,715
286,69	3,318
286,90	5,651
287,12	5,548
287,33	4,316
287,54	4,497
287,75	7,749
287,97	7,038
288,18	1,017
288,39	2,533
288,60	6,600
288,82	5,541
289,03	4,899
289,24	7,442
289,45	6,522
289,67	6,509
289,88	3,565
290,09	7,044
290,30	9,494
290,52	6,136
290,73	4,886
290,94	1,086
291,15	5,266
291,37	6,284
291,58	3,526
291,79	6,472
292,00	5,663
292,21	8,814
292,43	4,553
292,64	0,646
292,85	4,995
293,06	8,345
293,28	4,167
293,49	1,782
293,70	6,689
293,91	10,998
294,12	5,850
294,34	6,414
294,55	5,030
294,76	6,252
294,97	6,952
295,19	1,973
295,40	4,098
295,61	6,297
295,82	2,977
296,03	5,396
296,25	5,501
296,46	2,365
296,67	-0,441
296,88	3,329
297,09	7,359
297,31	5,322
297,52	6,400
297,73	2,222
297,94	7,643
298,15	7,543
298,37	4,386
298,58	6,898
298,79	7,783
299,00	3,290
299,21	2,661
299,43	4,146
299,64	9,102
299,85	5,254
300,06	3,809
300,27	3,231
300,49	7,136
300,70	6,226
300,91	6,925
301,12	6,724
301,33	7,119
301,54	3,959
301,76	6,627
301,97	2,643
302,18	5,312
302,39	7,174
302,60	15,092
302,82	4,753
303,03	9,288
303,24	5,264
303,45	5,686
303,66	5,725
303,87	3,967
304,09	8,910
304,30	5,578
304,51	4,286
304,72	2,602
304,93	8,556
305,14	6,829
305,36	2,062
305,57	5,011
305,78	5,849
305,99	1,869
306,20	5,452
306,41	4,601
306,62	2,326
306,84	3,408
307,05	1,334
307,26	4,653
307,47	9,564
307,68	5,917
307,89	3,798
308,11	6,931
308,32	4,080
308,53	5,506
308,74	3,927
308,95	6,493
309,16	6,445
309,37	8,699
309,59	3,386
309,80	5,481
310,01	6,308
310,22	5,273
310,43	3,712
310,64	6,530
310,85	8,115
311,06	2,065
311,28	4,469
311,49	4,491
311,70	7,314
311,91	4,894
312,12	2,784
312,33	5,677
312,54	5,596
312,75	3,633
312,97	4,416
313,18	8,873
313,39	4,346
313,60	6,369
313,81	6,048
314,02	4,902
314,23	6,428
314,44	4,615
314,65	4,944
314,87	5,078
315,08	5,952
315,29	5,325
315,50	5,674
315,71	8,312
315,92	8,044
316,13	6,522
316,34	4,262
316,55	5,340
316,77	1,880
316,98	5,505
317,19	4,846
317,40	8,750
317,61	5,006
317,82	4,901
318,03	2,498
318,24	4,697
318,45	8,800
318,66	3,706
318,87	2,774
319,09	6,968
319,30	5,768
319,51	5,862
319,72	7,244
319,93	8,691
320,14	9,165
320,35	7,012
320,56	3,166
320,77	6,070
320,98	9,502
321,19	5,212
321,40	4,748
321,62	5,068
321,83	3,293
322,04	6,320
322,25	5,544
322,46	11,726
322,67	8,635
322,88	5,901
323,09	3,222
323,30	7,991
323,51	6,969
323,72	6,643
323,93	2,564
324,14	4,565
324,35	1,214
324,56	2,591
324,77	4,833
324,99	2,315
325,20	0,924
325,41	4,877
325,62	5,699
325,83	4,082
326,04	4,555
326,25	6,880
326,46	3,701
326,67	6,435
326,88	7,406
327,09	3,725
327,30	2,788
327,51	5,505
327,72	7,727
327,93	6,999
328,14	2,123
328,35	1,701
328,56	3,865
328,77	4,265
328,98	8,123
329,19	5,747
329,40	8,323
329,61	5,256
329,82	3,679
330,04	5,918
330,25	1,958
330,46	5,696
330,67	1,747
330,88	4,449
331,09	4,700
331,30	5,876
331,51	9,543
331,72	6,587
331,93	6,003
332,14	5,825
332,35	8,355
332,56	5,470
332,77	7,087
332,98	1,747
333,19	3,430
333,40	6,095
333,61	3,013
333,82	8,723
334,03	5,645
334,24	6,296
334,45	5,296
334,66	8,942
334,87	6,854
335,08	4,677
335,29	2,956
335,50	1,888
335,71	2,321
335,92	6,866
336,13	8,367
336,34	4,497
336,55	4,839
336,76	9,353
336,97	5,248
337,18	2,861
337,39	3,932
337,60	6,774
337,81	5,444
338,02	3,766
338,23	4,995
338,44	6,658
338,65	3,148
338,86	5,026
339,07	4,406
339,28	7,583
339,49	7,088
339,70	5,471
339,91	0,963
340,11	7,723
340,32	4,058
340,53	4,730
340,74	1,939
340,95	5,042
341,16	4,893
341,37	5,502
341,58	3,059
341,79	6,688
342,00	4,004
342,21	3,738
342,42	4,368
342,63	7,753
342,84	1,826
343,05	5,274
343,26	6,044
343,47	6,847
343,68	3,681
343,89	6,072
344,10	4,519
344,31	5,760
344,52	4,583
344,73	5,502
344,94	6,145
345,14	6,273
345,35	8,304
345,56	5,374
345,77	2,287
345,98	6,516
346,19	6,651
346,40	3,767
346,61	3,553
346,82	6,435
347,03	4,181
347,24	6,633
347,45	2,591
347,66	9,990
347,87	4,083
348,08	5,591
348,28	2,524
348,49	5,924
348,70	7,643
348,91	8,026
349,12	4,407
349,33	15,702
349,54	3,511
349,75	6,399
349,96	6,131
350,17	8,048
350,38	3,552
350,59	7,113
350,80	5,898
351,00	8,598
351,21	9,021
351,42	5,413
351,63	4,071
351,84	6,888
352,05	7,927
352,26	6,375
352,47	5,066
352,68	8,873
352,89	9,151
353,09	6,187
353,30	2,152
353,51	6,217
353,72	6,860
353,93	8,402
354,14	0,940
354,35	6,416
354,56	8,915
354,77	4,940
354,98	1,720
355,18	7,244
355,39	9,196
355,60	1,632
355,81	5,706
356,02	9,252
356,23	6,852
356,44	5,413
356,65	8,299
356,85	11,594
357,06	8,920
357,27	8,434
357,48	5,683
357,69	8,946
357,90	6,418
358,11	1,350
358,32	2,820
358,52	9,056
358,73	7,578
358,94	5,222
359,15	8,139
359,36	6,091
359,57	4,719
359,78	7,776
359,98	5,900
360,19	3,901
360,40	6,802
360,61	7,690
360,82	4,269
361,03	7,612
361,24	7,380
361,44	4,462
361,65	5,102
361,86	5,021
362,07	9,085
362,28	6,535
362,49	2,845
362,70	5,406
362,90	7,934
363,11	4,792
363,32	2,543
363,53	6,966
363,74	11,390
363,95	6,995
364,15	5,761
364,36	9,805
364,57	5,965
364,78	7,296
364,99	5,055
365,20	8,282
365,40	11,548
365,61	4,179
365,82	9,927
366,03	6,238
366,24	6,001
366,45	5,150
366,65	4,780
366,86	5,773
367,07	5,524
367,28	7,491
367,49	8,003
367,69	10,080
367,90	5,393
368,11	4,655
368,32	6,310
368,53	7,264
368,73	6,524
368,94	5,986
369,15	4,803
369,36	11,453
369,57	8,374
369,78	4,356
369,98	10,263
370,19	10,681
370,40	5,226
370,61	6,511
370,82	7,706
371,02	8,096
371,23	9,833
371,44	8,981
371,65	6,479
371,85	11,194
372,06	6,891
372,27	7,960
372,48	8,053
372,69	6,491
372,89	4,514
373,10	6,144
373,31	7,104
373,52	9,406
373,73	12,497
373,93	7,560
374,14	6,155
374,35	11,097
374,56	10,847
374,76	10,373
374,97	5,994
375,18	9,036
375,39	8,958
375,60	10,405
375,80	8,163
376,01	8,642
376,22	7,723
376,43	7,671
376,63	6,312
376,84	6,518
377,05	8,835
377,26	7,116
377,46	6,379
377,67	5,886
377,88	7,979
378,09	7,409
378,29	5,155
378,50	9,713
378,71	8,296
378,92	6,021
379,12	8,494
379,33	9,087
379,54	10,010
379,75	9,050
379,95	6,354
380,16	13,274
380,37	11,482
380,58	7,697
380,78	10,605
380,99	7,951
381,20	8,200
381,41	8,061
381,61	10,980
381,82	8,104
382,03	8,222
382,24	7,226
382,44	9,361
382,65	8,714
382,86	10,425
383,06	6,547
383,27	9,863
383,48	6,947
383,69	13,273
383,89	10,882
384,10	11,456
384,31	12,254
384,51	10,096
384,72	10,760
384,93	6,956
385,14	10,215
385,34	10,732
385,55	10,001
385,76	8,365
385,96	12,527
386,17	8,433
386,38	9,686
386,59	3,176
386,79	4,937
387,00	13,893
387,21	12,501
387,41	12,134
387,62	9,814
387,83	14,716
388,03	7,926
388,24	5,247
388,45	10,608
388,66	9,433
388,86	9,749
389,07	8,410
389,28	14,421
389,48	13,237
389,69	11,521
389,90	11,128
390,10	12,652
390,31	13,853
390,52	5,859
390,72	8,631
390,93	12,049
391,14	11,244
391,34	11,420
391,55	13,620
391,76	16,705
391,96	11,025
392,17	10,279
392,38	16,066
392,58	14,547
392,79	14,602
393,00	8,329
393,20	13,620
393,41	10,708
393,62	11,383
393,82	11,468
394,03	13,803
394,24	12,047
394,44	18,304
394,65	15,764
394,86	11,780
395,06	17,819
395,27	12,711
395,48	13,812
395,68	15,538
395,89	13,187
396,10	17,339
396,30	13,855
396,51	12,829
396,72	19,216
396,92	12,197
397,13	16,446
397,34	12,842
397,54	17,105
397,75	15,756
397,95	12,110
398,16	16,819
398,37	14,307
398,57	14,163
398,78	16,207
398,99	17,557
399,19	18,602
399,40	19,669
399,60	16,223
399,81	17,548
400,02	17,404
400,22	20,196
400,43	16,983
400,64	16,829
400,84	18,550
401,05	18,881
401,25	19,416
401,46	19,211
401,67	20,583
401,87	20,197
402,08	17,904
402,29	18,036
402,49	25,103
402,70	22,954
402,90	17,054
403,11	18,147
403,32	21,094
403,52	20,224
403,73	20,585
403,93	24,832
404,14	23,537
404,35	21,543
404,55	20,822
404,76	21,746
404,96	21,394
405,17	22,790
405,38	24,993
405,58	20,899
405,79	23,340
405,99	19,623
406,20	23,796
406,40	18,315
406,61	23,186
406,82	22,351
407,02	22,617
407,23	23,563
407,43	22,233
407,64	24,368
407,85	26,369
408,05	23,096
408,26	30,847
408,46	28,220
408,67	21,603
408,87	23,327
409,08	24,183
409,29	29,998
409,49	27,231
409,70	26,076
409,90	27,118
410,11	28,743
410,31	25,722
410,52	28,307
410,72	29,120
410,93	31,329
411,14	26,769
411,34	25,297
411,55	31,730
411,75	29,055
411,96	30,676
412,16	30,159
412,37	29,823
412,57	31,221
412,78	28,601
412,99	25,889
413,19	29,393
413,40	29,840
413,60	27,034
413,81	28,351
414,01	30,231
414,22	30,556
414,42	28,867
414,63	29,692
414,83	34,289
415,04	35,861
415,24	30,519
415,45	30,714
415,65	33,513
415,86	33,537
416,07	31,922
416,27	31,855
416,48	33,448
416,68	37,529
416,89	29,712
417,09	31,759
417,30	37,853
417,50	30,090
417,71	36,626
417,91	37,420
418,12	35,076
418,32	35,152
418,53	35,177
418,73	33,500
418,94	35,636
419,14	31,576
419,35	32,108
419,55	35,367
419,76	38,198
419,96	35,340
420,17	35,147
420,37	37,276
420,58	37,930
420,78	38,871
420,99	33,363
421,19	37,536
421,40	35,465
421,60	38,509
421,81	35,668
422,01	35,338
422,22	38,766
422,42	41,303
422,63	40,668
422,83	36,247
423,04	36,605
423,24	42,356
423,45	34,259
423,65	38,826
423,86	44,349
424,06	36,777
424,27	36,337
424,47	37,828
424,67	38,138
424,88	42,137
425,08	35,989
425,29	41,286
425,49	38,692
425,70	36,533
425,90	38,661
426,11	36,473
426,31	39,480
426,52	40,521
426,72	38,749
426,93	38,166
427,13	43,396
427,33	38,637
427,54	40,174
427,74	41,695
427,95	43,668
428,15	39,386
428,36	40,052
428,56	38,035
428,77	42,066
428,97	39,695
429,18	41,461
429,38	40,242
429,58	43,694
429,79	43,144
429,99	38,388
430,20	35,482
430,40	43,420
430,61	39,446
430,81	40,442
431,01	41,408
431,22	40,789
431,42	43,439
431,63	37,757
431,83	42,086
432,04	40,762
432,24	43,910
432,44	39,398
432,65	36,232
432,85	38,916
433,06	42,188
433,26	36,730
433,47	39,985
433,67	39,554
433,87	39,437
434,08	38,480
434,28	39,684
434,49	40,774
434,69	43,805
434,89	39,565
435,10	38,192
435,30	45,054
435,51	37,763
435,71	38,873
435,91	38,764
436,12	39,062
436,32	41,019
436,53	40,124
436,73	43,845
436,93	40,802
437,14	42,704
437,34	44,509
437,55	40,614
437,75	41,609
437,95	43,532
438,16	41,437
438,36	42,644
438,57	38,395
438,77	43,211
438,97	41,560
439,18	44,417
439,38	42,280
439,58	42,167
439,79	42,184
439,99	42,745
440,20	47,073
440,40	44,873
440,60	40,503
440,81	44,931
441,01	43,032
441,21	44,758
441,42	44,658
441,62	46,616
441,83	45,822
442,03	46,747
442,23	44,325
442,44	40,696
442,64	43,633
442,84	41,448
443,05	43,398
443,25	42,083
443,45	45,479
443,66	43,401
443,86	42,469
444,06	44,810
444,27	40,304
444,47	42,447
444,67	44,634
444,88	44,432
445,08	44,096
445,28	44,655
445,49	42,750
445,69	44,767
445,90	42,767
446,10	46,035
446,30	40,886
446,51	41,180
446,71	46,400
446,91	47,891
447,12	46,189
447,32	43,315
447,52	44,102
447,72	46,759
447,93	44,828
448,13	40,723
448,33	51,517
448,54	48,474
448,74	40,470
448,94	46,100
449,15	48,991
449,35	46,090
449,55	45,017
449,76	48,405
449,96	43,384
450,16	47,748
450,37	43,428
450,57	46,472
450,77	39,673
450,98	43,335
451,18	41,525
451,38	42,650
451,58	46,068
451,79	47,156
451,99	43,906
452,19	44,797
452,40	44,985
452,60	41,505
452,80	44,441
453,00	45,089
453,21	44,519
453,41	44,640
453,61	43,225
453,82	43,314
454,02	40,992
454,22	47,675
454,42	50,529
454,63	38,021
454,83	41,551
455,03	47,167
455,24	44,913
455,44	44,809
455,64	46,673
455,84	38,003
456,05	42,785
456,25	42,023
456,45	47,873
456,65	45,773
456,86	45,753
457,06	46,004
457,26	45,381
457,47	49,180
457,67	43,724
457,87	40,550
458,07	46,409
458,28	47,711
458,48	47,032
458,68	41,192
458,88	50,064
459,09	46,655
459,29	50,362
459,49	42,517
459,69	48,096
459,90	46,414
460,10	49,046
460,30	45,702
460,50	43,198
460,71	47,650
460,91	39,797
461,11	41,779
461,31	42,584
461,52	47,008
461,72	44,847
461,92	45,656
462,12	52,057
462,32	43,632
462,53	44,702
462,73	42,140
462,93	49,930
463,13	50,783
463,34	43,224
463,54	46,818
463,74	45,091
463,94	45,612
464,14	46,892
464,35	40,366
464,55	52,317
464,75	51,396
464,95	48,695
465,16	45,169
465,36	49,748
465,56	44,485
465,76	43,880
465,96	41,896
466,17	45,381
466,37	42,719
466,57	47,631
466,77	43,943
466,97	43,752
467,18	43,437
467,38	46,661
467,58	46,962
467,78	48,227
467,98	51,631
468,19	47,831
468,39	49,056
468,59	47,254
468,79	43,243
468,99	43,289
469,19	44,899
469,40	44,449
469,60	39,624
469,80	44,327
470,00	46,000
470,20	45,978
470,41	45,941
470,61	47,683
470,81	46,477
471,01	42,176
471,21	49,515
471,41	44,975
471,62	43,204
471,82	43,391
472,02	43,011
472,22	45,130
472,42	43,984
472,62	46,201
472,83	44,276
473,03	45,240
473,23	41,005
473,43	48,094
473,63	46,459
473,83	45,381
474,03	47,789
474,24	47,264
474,44	44,372
474,64	47,022
474,84	42,147
475,04	47,732
475,24	45,679
475,45	43,909
475,65	44,627
475,85	49,142
476,05	42,154
476,25	46,400
476,45	44,216
476,65	50,066
476,85	46,261
477,06	41,143
477,26	44,395
477,46	42,575
477,66	46,739
477,86	44,332
478,06	44,431
478,26	51,147
478,46	42,656
478,67	47,041
478,87	45,899
479,07	44,156
479,27	46,471
479,47	46,203
479,67	42,375
479,87	42,322
480,07	45,010
480,28	44,638
480,48	42,786
480,68	45,176
480,88	49,235
481,08	44,883
481,28	47,869
481,48	46,385
481,68	45,973
481,88	44,482
482,08	43,127
482,29	47,011
482,49	42,210
482,69	44,999
482,89	46,421
483,09	46,697
483,29	44,405
483,49	42,785
483,69	43,453
483,89	43,409
484,09	42,622
484,29	41,520
484,50	42,598
484,70	45,868
484,90	44,452
485,10	42,685
485,30	45,014
485,50	46,282
485,70	42,190
485,90	41,253
486,10	38,581
486,30	43,888
486,50	41,238
486,70	43,398
486,90	41,623
487,10	44,604
487,30	42,216
487,51	42,148
487,71	40,450
487,91	41,416
488,11	43,802
488,31	38,167
488,51	42,733
488,71	42,298
488,91	46,313
489,11	38,733
489,31	40,785
489,51	40,816
489,71	42,030
489,91	42,725
490,11	42,246
490,31	41,536
490,51	45,612
490,71	42,765
490,91	41,212
491,11	44,860
491,31	44,698
491,51	38,310
491,72	43,563
491,92	43,526
492,12	44,349
492,32	43,367
492,52	45,775
492,72	40,347
492,92	43,862
493,12	43,636
493,32	42,210
493,52	39,346
493,72	42,669
493,92	44,314
494,12	41,453
494,32	44,245
494,52	42,208
494,72	43,302
494,92	42,301
495,12	42,534
495,32	47,045
495,52	43,189
495,72	44,246
495,92	46,838
496,12	46,005
496,32	42,751
496,52	42,775
496,72	44,959
496,92	47,654
497,12	45,099
497,32	48,542
497,52	45,236
497,72	46,882
497,92	46,009
498,12	43,593
498,32	45,105
498,52	45,368
498,72	44,038
498,92	42,804
499,12	49,765
499,32	42,683
499,52	46,481
499,72	48,561
499,92	46,060
500,12	45,935
500,32	44,875
500,52	42,376
500,72	52,282
500,91	50,773
501,11	46,137
501,31	42,978
501,51	47,631
501,71	50,025
501,91	48,278
502,11	43,903
502,31	44,111
502,51	48,143
502,71	44,026
502,91	43,550
503,11	46,769
503,31	46,247
503,51	41,882
503,71	44,774
503,91	49,395
504,11	48,599
504,31	43,739
504,51	45,896
504,71	48,225
504,91	44,889
505,10	47,499
505,30	46,914
505,50	46,170
505,70	46,453
505,90	47,340
506,10	44,540
506,30	45,188
506,50	47,244
506,70	48,536
506,90	45,898
507,10	46,634
507,30	46,147
507,50	47,980
507,70	44,553
507,89	47,344
508,09	47,080
508,29	44,415
508,49	48,375
508,69	45,592
508,89	45,743
509,09	44,006
509,29	47,862
509,49	49,990
509,69	50,002
509,89	47,340
510,09	46,669
510,28	45,397
510,48	45,827
510,68	46,105
510,88	45,413
511,08	44,007
511,28	45,995
511,48	44,737
511,68	43,139
511,88	46,149
512,07	46,075
512,27	48,138
512,47	42,353
512,67	47,220
512,87	44,844
513,07	44,656
513,27	41,350
513,47	43,689
513,67	42,345
513,86	47,533
514,06	45,835
514,26	43,658
514,46	49,486
514,66	46,065
514,86	46,264
515,06	45,687
515,26	49,368
515,45	44,381
515,65	44,403
515,85	46,669
516,05	46,395
516,25	45,858
516,45	48,175
516,65	44,867
516,84	46,068
517,04	47,075
517,24	42,305
517,44	44,477
517,64	50,340
517,84	46,183
518,04	48,034
518,23	46,759
518,43	50,186
518,63	44,838
518,83	44,925
519,03	47,287
519,23	47,725
519,42	49,711
519,62	46,441
519,82	44,883
520,02	43,938
520,22	47,978
520,42	44,307
520,61	47,063
520,81	47,515
521,01	50,142
521,21	44,560
521,41	47,789
521,61	48,184
521,80	42,357
522,00	46,208
522,20	48,184
522,40	46,628
522,60	42,857
522,79	44,879
522,99	47,548
523,19	45,107
523,39	44,932
523,59	44,790
523,78	47,871
523,98	44,643
524,18	46,354
524,38	44,751
524,58	44,276
524,77	48,459
524,97	46,377
525,17	46,936
525,37	46,512
525,57	49,097
525,76	43,102
525,96	46,833
526,16	42,636
526,36	43,940
526,56	45,618
526,75	43,161
526,95	45,802
527,15	44,884
527,35	46,229
527,55	44,849
527,74	49,069
527,94	43,700
528,14	43,292
528,34	43,858
528,53	45,999
528,73	48,334
528,93	44,607
529,13	45,704
529,32	45,000
529,52	46,587
529,72	42,647
529,92	44,328
530,12	44,612
530,31	44,572
530,51	47,384
530,71	48,719
530,91	47,882
531,10	43,531
531,30	45,496
531,50	44,759
531,70	48,081
531,89	44,888
532,09	43,731
532,29	44,098
532,49	43,573
532,68	45,738
532,88	43,418
533,08	42,957
533,28	44,732
533,47	45,638
533,67	48,056
533,87	42,918
534,06	47,136
534,26	45,115
534,46	44,911
534,66	44,361
534,85	47,192
535,05	42,524
535,25	44,242
535,45	43,579
535,64	45,606
535,84	46,007
536,04	41,016
536,23	44,138
536,43	45,457
536,63	42,543
536,83	43,850
537,02	41,712
537,22	42,506
537,42	42,751
537,61	40,815
537,81	45,642
538,01	41,875
538,20	40,584
538,40	40,190
538,60	43,016
538,80	42,081
538,99	41,176
539,19	37,280
539,39	38,742
539,58	39,030
539,78	35,900
539,98	37,086
540,17	34,817
540,37	37,955
540,57	34,148
540,76	37,283
540,96	34,248
541,16	38,022
541,36	31,726
541,55	32,527
541,75	31,580
541,95	31,971
542,14	32,180
542,34	30,903
542,54	29,935
542,73	31,562
542,93	31,163
543,13	31,371
543,32	29,534
543,52	31,044
543,72	30,355
543,91	29,857
544,11	31,074
544,31	30,063
544,50	31,605
544,70	32,199
544,89	31,184
545,09	34,481
545,29	30,464
545,48	30,727
545,68	31,900
545,88	32,809
546,07	33,110
546,27	33,536
546,47	36,114
546,66	37,348
546,86	36,279
547,06	34,898
547,25	36,448
547,45	37,699
547,64	35,904
547,84	41,385
548,04	40,093
548,23	40,663
548,43	39,173
548,63	41,422
548,82	41,323
549,02	37,897
549,21	40,395
549,41	40,410
549,61	39,453
549,80	37,618
550,00	40,589
550,20	38,781
550,39	39,664
550,59	40,457
550,78	42,502
550,98	38,733
551,18	42,641
551,37	42,866
551,57	39,398
551,76	41,362
551,96	41,170
552,16	40,948
552,35	40,745
552,55	40,845
552,74	42,447
552,94	44,781
553,14	42,838
553,33	42,077
553,53	42,474
553,72	42,953
553,92	45,704
554,12	42,759
554,31	42,384
554,51	42,510
554,70	40,773
554,90	41,989
555,09	45,619
555,29	46,032
555,49	43,226
555,68	43,701
555,88	40,936
556,07	42,479
556,27	48,570
556,46	44,028
556,66	40,336
556,86	47,219
557,05	42,580
557,25	44,141
557,44	41,489
557,64	41,234
557,83	45,905
558,03	42,896
558,22	43,141
558,42	45,842
558,62	46,807
558,81	42,587
559,01	43,830
559,20	43,837
559,40	45,245
559,59	41,996
559,79	42,824
559,98	44,569
560,18	46,990
560,37	44,866
560,57	44,059
560,76	44,322
560,96	44,293
561,16	45,188
561,35	43,746
561,55	46,638
561,74	43,789
561,94	46,039
562,13	42,935
562,33	46,569
562,52	46,327
562,72	43,616
562,91	42,797
563,11	44,980
563,30	47,838
563,50	41,230
563,69	44,425
563,89	42,619
564,08	43,638
564,28	43,205
564,47	44,501
564,67	41,725
564,86	44,339
565,06	43,445
565,25	43,812
565,45	42,233
565,64	49,566
565,84	42,448
566,03	42,534
566,23	44,744
566,42	43,580
566,62	44,568
566,81	45,570
567,01	43,599
567,20	44,451
567,40	43,100
567,59	43,060
567,79	46,596
567,98	48,305
568,18	45,791
568,37	45,380
568,57	45,116
568,76	46,761
568,96	44,014
569,15	44,001
569,35	45,908
569,54	46,604
569,73	45,884
569,93	42,405
570,12	45,434
570,32	47,152
570,51	45,093
570,71	46,077
570,90	45,388
571,10	46,484
571,29	43,417
571,49	44,840
571,68	46,008
571,87	46,340
572,07	45,834
572,26	42,965
572,46	44,270
572,65	47,766
572,85	42,993
573,04	44,411
573,24	46,149
573,43	46,829
573,62	45,997
573,82	44,814
574,01	43,841
574,21	45,457
574,40	43,026
574,60	42,033
574,79	45,891
574,98	43,071
575,18	45,160
575,37	41,867
575,57	44,094
575,76	44,796
575,96	45,144
576,15	43,059
576,34	41,668
576,54	45,358
576,73	44,182
576,93	44,763
577,12	43,960
577,31	43,509
577,51	43,195
577,70	42,686
577,90	45,007
578,09	43,151
578,28	40,965
578,48	42,855
578,67	46,264
578,87	43,807
579,06	43,345
579,25	43,604
579,45	44,222
579,64	41,940
579,84	42,937
580,03	42,575
580,22	42,753
580,42	41,889
580,61	42,362
580,81	43,771
581,00	44,175
581,19	43,669
581,39	43,279
581,58	42,610
581,77	43,155
581,97	44,740
582,16	43,547
582,35	41,624
582,55	42,509
582,74	43,840
582,94	41,822
583,13	39,084
583,32	42,397
583,52	45,192
583,71	43,306
583,90	42,821
584,10	43,786
584,29	42,365
584,48	41,096
584,68	43,909
584,87	44,527
585,06	43,998
585,26	41,676
585,45	40,533
585,65	44,520
585,84	42,499
586,03	42,932
586,23	41,677
586,42	42,808
586,61	43,523
586,81	42,102
587,00	40,679
587,19	41,538
587,39	43,134
587,58	41,246
587,77	42,034
587,97	40,699
588,16	41,073
588,35	41,463
588,54	43,779
588,74	40,731
588,93	42,963
589,12	42,994
589,32	41,957
589,51	42,432
589,70	40,656
589,90	41,679
590,09	42,050
590,28	45,122
590,48	41,786
590,67	42,333
590,86	42,780
591,06	42,654
591,25	42,828
591,44	43,677
591,63	42,802
591,83	42,027
592,02	42,890
592,21	41,849
592,41	41,105
592,60	42,306
592,79	41,502
592,98	41,987
593,18	41,998
593,37	43,995
593,56	43,483
593,76	42,348
593,95	43,356
594,14	42,059
594,33	44,810
594,53	43,689
594,72	43,229
594,91	46,607
595,10	42,903
595,30	42,445
595,49	44,032
595,68	43,143
595,88	43,187
596,07	43,943
596,26	41,396
596,45	43,897
596,65	43,669
596,84	44,360
597,03	43,991
597,22	45,393
597,42	45,466
597,61	42,917
597,80	43,263
597,99	43,135
598,19	44,423
598,38	43,638
598,57	42,704
598,76	45,166
598,95	45,266
599,15	43,824
599,34	42,713
599,53	42,300
599,72	43,493
599,92	46,524
600,11	42,158
600,30	43,135
600,49	45,266
600,69	42,374
600,88	44,195
601,07	44,066
601,26	43,681
601,45	41,590
601,65	41,874
601,84	43,843
602,03	43,970
602,22	44,419
602,42	45,737
602,61	41,950
602,80	43,946
602,99	44,144
603,18	42,083
603,38	44,555
603,57	42,829
603,76	42,783
603,95	41,888
604,14	45,685
604,34	43,098
604,53	43,279
604,72	44,807
604,91	44,234
605,10	44,176
605,29	44,992
605,49	41,729
605,68	43,257
605,87	44,402
606,06	43,564
606,25	42,668
606,45	44,138
606,64	41,957
606,83	44,357
607,02	42,066
607,21	43,653
607,40	43,705
607,60	39,683
607,79	41,223
607,98	39,657
608,17	40,264
608,36	40,129
608,55	40,760
608,75	39,684
608,94	39,125
609,13	36,474
609,32	33,888
609,51	35,712
609,70	35,582
609,89	35,704
610,09	36,508
610,28	37,223
610,47	34,653
610,66	34,654
610,85	32,952
611,04	35,668
611,23	34,649
611,43	34,114
611,62	34,912
611,81	34,186
612,00	34,822
612,19	33,954
612,38	35,128
612,57	34,812
612,77	36,674
612,96	36,707
613,15	36,691
613,34	38,734
613,53	37,841
613,72	39,855
613,91	37,827
614,10	39,603
614,29	41,268
614,49	38,612
614,68	38,626
614,87	38,261
615,06	40,122
615,25	37,684
615,44	40,422
615,63	40,944
615,82	40,615
616,01	39,318
616,21	39,915
616,40	40,863
616,59	42,008
616,78	41,429
616,97	41,753
617,16	40,893
617,35	42,375
617,54	39,922
617,73	42,712
617,92	40,855
618,11	42,961
618,31	38,972
618,50	42,012
618,69	39,674
618,88	40,211
619,07	39,526
619,26	39,589
619,45	39,914
619,64	41,351
619,83	39,147
620,02	39,974
620,21	42,368
620,40	41,381
620,59	39,654
620,78	39,395
620,97	41,282
621,17	42,797
621,36	40,618
621,55	39,871
621,74	42,579
621,93	40,408
622,12	41,888
622,31	40,655
622,50	40,128
622,69	42,142
622,88	40,299
623,07	44,142
623,26	42,160
623,45	43,538
623,64	40,627
623,83	40,658
624,02	41,595
624,21	41,558
624,40	41,235
624,59	40,229
624,78	42,620
624,97	43,791
625,16	41,375
625,35	38,873
625,54	39,447
625,73	41,591
625,92	41,695
626,12	43,309
626,31	42,098
626,50	42,335
626,69	40,552
626,88	39,312
627,07	41,140
627,26	42,100
627,45	40,780
627,64	40,752
627,83	41,189
628,02	39,601
628,21	39,467
628,40	41,696
628,59	42,754
628,78	38,651
628,97	40,448
629,16	39,473
629,35	40,460
629,54	42,119
629,73	41,220
629,92	39,512
630,10	39,600
630,29	39,906
630,48	41,190
630,67	39,121
630,86	41,649
631,05	41,390
631,24	40,241
631,43	38,603
631,62	40,861
631,81	41,306
632,00	41,633
632,19	38,626
632,38	39,548
632,57	43,618
632,76	41,168
632,95	40,440
633,14	42,853
633,33	40,768
633,52	42,039
633,71	42,690
633,90	41,206
634,09	43,049
634,28	42,101
634,47	41,163
634,66	41,119
634,85	40,483
635,04	44,740
635,22	42,209
635,41	41,458
635,60	43,589
635,79	41,590
635,98	40,221
636,17	41,555
636,36	40,467
636,55	40,562
636,74	39,406
636,93	41,574
637,12	41,708
637,31	42,683
637,50	41,148
637,69	43,639
637,87	42,968
638,06	41,811
638,25	41,526
638,44	41,774
638,63	38,951
638,82	40,626
639,01	42,049
639,20	40,966
639,39	42,960
639,58	38,860
639,77	43,511
639,95	39,674
640,14	43,872
640,33	41,473
640,52	40,798
640,71	43,954
640,90	41,670
641,09	43,008
641,28	38,708
641,47	43,203
641,66	41,030
641,84	41,074
642,03	39,883
642,22	43,262
642,41	43,278
642,60	40,509
642,79	40,672
642,98	42,070
643,17	40,257
643,35	39,118
643,54	40,441
643,73	43,518
643,92	41,905
644,11	38,772
644,30	40,220
644,49	40,761
644,67	39,739
644,86	40,694
645,05	42,025
645,24	39,836
645,43	40,992
645,62	42,035
645,81	41,317
645,99	42,582
646,18	41,371
646,37	41,159
646,56	40,740
646,75	42,489
646,94	42,853
647,13	39,801
647,31	40,731
647,50	41,057
647,69	42,696
647,88	42,813
648,07	42,871
648,26	43,751
648,44	41,425
648,63	40,281
648,82	40,468
649,01	42,939
649,20	39,372
649,38	41,248
649,57	39,029
649,76	39,412
649,95	41,197
650,14	40,199
650,33	40,949
650,51	41,510
650,70	42,142
650,89	40,648
651,08	40,576
651,27	40,277
651,45	40,870
651,64	38,631
651,83	41,143
652,02	41,081
652,21	41,704
652,39	41,223
652,58	42,745
652,77	41,691
652,96	42,471
653,15	42,755
653,33	41,570
653,52	41,353
653,71	44,112
653,90	42,895
654,09	41,683
654,27	43,714
654,46	44,630
654,65	42,245
654,84	43,114
655,02	43,842
655,21	43,372
655,40	45,186
655,59	42,865
655,77	43,853
655,96	42,746
656,15	43,676
656,34	44,566
656,53	42,099
656,71	42,141
656,90	43,864
657,09	44,709
657,28	43,265
657,46	41,354
657,65	40,918
657,84	42,657
658,03	42,755
658,21	43,287
658,40	40,662
658,59	41,678
658,78	42,053
658,96	41,006
659,15	41,322
659,34	40,823
659,52	41,565
659,71	42,236
659,90	41,321
660,09	41,057
660,27	43,082
660,46	42,025
660,65	41,017
660,84	39,265
661,02	43,385
661,21	40,337
661,40	41,737
661,58	41,270
661,77	41,425
661,96	38,524
662,15	42,475
662,33	39,170
662,52	40,878
662,71	42,223
662,89	39,356
663,08	40,066
663,27	41,215
663,45	42,127
663,64	40,461
663,83	38,843
664,02	39,239
664,20	44,009
664,39	39,970
664,58	41,355
664,76	41,213
664,95	41,767
665,14	41,937
665,32	40,352
665,51	40,283
665,70	39,783
665,88	41,297
666,07	40,666
666,26	42,310
666,44	41,675
666,63	40,381
666,82	39,712
667,00	43,574
667,19	38,003
667,38	40,428
667,56	41,583
667,75	41,917
667,94	43,215
668,12	39,336
668,31	41,765
668,50	40,297
668,68	41,426
668,87	41,670
669,06	40,696
669,24	43,019
669,43	40,477
669,62	39,641
669,80	39,925
669,99	41,656
670,18	41,947
670,36	39,807
670,55	41,583
670,74	41,211
670,92	39,516
671,11	42,104
671,29	40,637
671,48	41,246
671,67	40,982
671,85	42,199
672,04	39,751
672,23	39,886
672,41	40,225
672,60	41,037
672,78	39,957
672,97	40,361
673,16	40,119
673,34	40,629
673,53	41,459
673,71	40,913
673,90	41,619
674,09	40,670
674,27	39,954
674,46	38,131
674,64	42,703
674,83	39,969
675,02	40,206
675,20	41,644
675,39	40,988
675,57	39,176
675,76	39,577
675,95	43,012
676,13	41,613
676,32	42,150
676,50	42,388
676,69	38,699
676,88	40,695
677,06	40,380
677,25	42,270
677,43	43,566
677,62	43,539
677,80	42,140
677,99	41,490
678,18	41,888
678,36	43,993
678,55	40,199
678,73	39,359
678,92	40,345
679,10	41,866
679,29	39,968
679,48	40,181
679,66	41,184
679,85	40,832
680,03	41,162
680,22	40,536
680,40	40,352
680,59	40,370
680,77	40,480
680,96	42,260
681,15	40,547
681,33	42,649
681,52	39,701
681,70	41,187
681,89	41,428
682,07	42,240
682,26	40,142
682,44	41,965
682,63	41,186
682,81	41,691
683,00	40,903
683,18	39,310
683,37	41,186
683,55	41,144
683,74	42,640
683,92	46,250
684,11	42,827
684,29	41,142
684,48	38,361
684,67	40,721
684,85	40,870
685,04	43,255
685,22	40,955
685,41	40,783
685,59	41,510
685,78	39,750
685,96	39,725
686,15	39,937
686,33	38,882
686,52	39,438
686,70	41,806
686,89	41,929
687,07	41,603
687,26	41,984
687,44	41,116
687,62	39,313
687,81	40,203
687,99	40,402
688,18	39,739
688,36	41,187
688,55	42,490
688,73	40,610
688,92	38,531
689,10	41,000
689,29	41,292
689,47	43,494
689,66	40,204
689,84	39,475
690,03	42,702
690,21	39,614
690,40	40,922
690,58	40,020
690,76	39,243
690,95	41,876
691,13	39,670
691,32	41,378
691,50	42,163
691,69	41,707
691,87	40,411
692,06	40,794
692,24	39,626
692,43	41,079
692,61	39,110
692,79	39,428
692,98	40,224
693,16	43,033
693,35	40,347
693,53	41,062
693,72	41,494
693,90	43,198
694,08	39,697
694,27	39,313
694,45	43,295
694,64	43,892
694,82	40,141
695,01	39,896
695,19	42,504
695,37	41,894
695,56	40,347
695,74	39,957
695,93	43,757
696,11	40,966
696,29	41,005
696,48	41,395
696,66	43,080
696,85	40,999
697,03	38,864
697,21	42,333
697,40	42,283
697,58	41,933
697,77	41,114
697,95	40,550
698,13	42,159
698,32	41,557
698,50	40,898
698,69	40,400
698,87	40,649
699,05	41,975
699,24	39,330
699,42	41,821
699,60	40,220
699,79	40,356
699,97	41,037
700,16	38,261
700,34	42,179
700,52	41,913
700,71	42,019
700,89	40,162
701,07	41,582
701,26	40,812
701,44	41,368
701,63	38,452
701,81	41,569
701,99	42,761
702,18	40,352
702,36	40,055
702,54	41,117
702,73	41,644
702,91	39,897
703,09	39,908
703,28	39,480
703,46	41,845
703,64	40,568
703,83	42,244
704,01	41,087
704,19	39,558
704,38	38,064
704,56	38,694
704,74	42,039
704,93	40,468
705,11	39,994
705,29	41,564
705,48	44,286
705,66	41,059
705,84	40,141
706,03	37,785
706,21	39,778
706,39	39,360
706,58	40,536
706,76	39,780
706,94	42,432
707,12	39,905
707,31	39,106
707,49	37,723
707,67	40,905
707,86	41,823
708,04	39,497
708,22	40,588
708,41	38,846
708,59	41,356
708,77	38,676
708,95	41,171
709,14	44,151
709,32	42,062
709,50	38,759
709,69	39,092
709,87	41,093
710,05	40,596
710,23	40,499
710,42	38,244
710,60	39,568
710,78	40,083
710,97	40,264
711,15	38,895
711,33	40,983
711,51	40,345
711,70	38,596
711,88	38,072
712,06	42,092
712,24	39,759
712,43	40,265
712,61	40,560
712,79	40,309
712,97	39,038
713,16	40,416
713,34	39,393
713,52	40,638
713,70	40,513
713,89	41,496
714,07	39,672
714,25	40,888
714,43	41,668
714,62	36,932
714,80	40,875
714,98	38,175
715,16	40,713
715,35	38,318
715,53	39,162
715,71	42,274
715,89	42,995
716,07	41,159
716,26	42,957
716,44	42,450
716,62	41,830
716,80	42,204
716,99	40,529
717,17	41,982
717,35	40,475
717,53	38,731
717,71	39,422
717,90	41,558
718,08	40,680
718,26	39,265
718,44	41,164
718,62	41,687
718,81	41,430
718,99	39,393
719,17	40,365
719,35	39,700
719,53	40,250
719,72	39,187
719,90	42,021
720,08	40,228
720,26	41,028
720,44	38,774
720,62	40,699
720,81	40,810
720,99	43,165
721,17	39,671
721,35	41,649
721,53	40,512
721,72	42,968
721,90	40,241
722,08	38,484
722,26	42,047
722,44	42,544
722,62	41,482
722,81	39,373
722,99	39,873
723,17	39,665
723,35	41,419
723,53	40,567
723,71	42,032
723,89	42,043
724,08	36,134
724,26	40,247
724,44	40,964
724,62	40,832
724,80	39,640
724,98	40,310
725,16	43,031
725,35	38,954
725,53	39,022
725,71	39,540
725,89	41,290
726,07	42,987
726,25	43,229
726,43	39,980
726,61	40,784
726,80	42,483
726,98	41,025
727,16	40,564
727,34	42,445
727,52	40,526
727,70	39,892
727,88	40,112
728,06	38,180
728,25	39,724
728,43	40,166
728,61	38,995
728,79	39,605
728,97	41,536
729,15	39,251
729,33	42,136
729,51	41,753
729,69	41,058
729,87	41,709
730,06	40,609
730,24	41,506
730,42	43,186
730,60	39,411
730,78	40,940
730,96	39,258
731,14	42,405
731,32	39,107
731,50	37,738
731,68	40,255
731,86	41,309
732,04	40,142
732,22	41,396
732,41	43,383
732,59	40,153
732,77	41,941
732,95	41,452
733,13	42,038
733,31	41,803
733,49	40,767
733,67	40,439
733,85	41,374
734,03	41,738
734,21	39,117
734,39	40,987
734,57	41,516
734,75	42,262
734,93	39,621
735,11	40,870
735,29	38,801
735,47	41,343
735,65	39,217
735,84	39,346
736,02	39,506
736,20	43,505
736,38	40,376
736,56	37,499
736,74	41,473
736,92	39,811
737,10	40,106
737,28	39,306
737,46	41,819
737,64	40,921
737,82	38,550
738,00	41,459
738,18	42,011
738,36	39,878
738,54	41,280
738,72	38,867
738,90	39,053
739,08	43,475
739,26	36,817
739,44	39,692
739,62	40,577
739,80	41,584
739,98	41,128
740,16	40,519
740,34	39,826
740,52	43,659
740,70	41,626
740,88	38,482
741,06	42,113
741,24	41,985
741,42	43,782
741,60	38,373
741,78	42,212
741,96	39,855
742,14	39,399
742,32	39,587
742,50	40,985
742,68	41,145
742,86	39,737
743,04	39,290
743,21	40,773
743,39	42,489
743,57	39,689
743,75	38,825
743,93	40,143
744,11	38,665
744,29	38,710
744,47	41,587
744,65	40,674
744,83	41,192
745,01	39,590
745,19	39,915
745,37	40,880
745,55	40,122
745,73	40,227
745,91	38,950
746,09	40,303
746,27	40,213
746,45	38,639
746,62	39,443
746,80	41,239
746,98	41,689
747,16	39,086
747,34	39,390
747,52	38,029
747,70	40,068
747,88	40,923
748,06	39,744
748,24	39,589
748,42	41,669
748,60	39,092
748,78	37,949
748,95	42,645
749,13	44,131
749,31	38,540
749,49	39,437
749,67	39,275
749,85	41,205
750,03	40,591
750,21	39,736
750,39	43,324
750,57	43,150
750,74	42,368
750,92	39,642
751,10	39,951
751,28	40,111
751,46	40,296
751,64	40,289
751,82	42,257
752,00	40,459
752,17	40,725
752,35	40,569
752,53	40,444
752,71	40,954
752,89	40,247
753,07	38,928
753,25	42,397
753,43	38,390
753,60	41,191
753,78	40,912
753,96	42,461
754,14	38,351
754,32	42,713
754,50	42,506
754,68	41,686
754,85	40,717
755,03	41,252
755,21	41,640
755,39	43,868
755,57	40,680
755,75	41,160
755,92	39,058
756,10	40,078
756,28	42,631
756,46	40,104
756,64	40,118
756,82	41,244
756,99	40,584
757,17	38,661
757,35	40,133
757,53	42,199
757,71	42,922
757,89	40,647
758,06	39,251
758,24	40,698
758,42	40,103
758,60	38,728
758,78	41,190
758,95	40,376
759,13	40,171
759,31	39,776
759,49	40,383
759,67	39,917
759,84	39,897
760,02	39,983
760,20	39,616
760,38	40,061
760,56	39,931
760,73	41,295
760,91	40,942
761,09	41,117
761,27	39,941
761,45	41,447
761,62	39,315
761,80	40,556
761,98	39,218
762,16	39,296
762,33	39,290
762,51	42,651
762,69	40,075
762,87	40,611
763,05	40,821
763,22	40,532
763,40	38,678
763,58	39,031
763,76	40,444
763,93	41,340
764,11	41,077
764,29	38,738
764,47	40,487
764,64	41,636
764,82	42,930
765,00	41,060
765,18	37,625
765,35	38,007
765,53	41,441
765,71	40,359
765,89	40,421
766,06	40,010
766,24	41,071
766,42	42,095
766,60	40,450
766,77	40,372
766,95	40,355
767,13	41,044
767,30	39,448
767,48	37,764
767,66	37,958
767,84	39,679
768,01	37,996
768,19	41,731
768,37	41,660
768,54	40,209
768,72	40,222
768,90	40,733
769,08	40,032
769,25	41,521
769,43	38,786
769,61	38,776
769,78	40,478
769,96	39,483
770,14	40,288
770,31	41,156
770,49	42,823
770,67	41,561
770,85	39,391
771,02	39,489
771,20	40,423
771,38	41,215
771,55	40,503
771,73	40,747
771,91	39,497
772,08	41,943
772,26	39,551
772,44	40,351
772,61	38,133
772,79	40,946
772,97	38,988
773,14	39,147
773,32	42,617
773,50	38,783
773,67	39,759
773,85	42,654
774,03	40,714
774,20	39,843
774,38	42,049
774,56	39,358
774,73	37,851
774,91	38,602
775,09	39,808
775,26	38,648
775,44	41,865
775,61	41,258
775,79	39,670
775,97	41,184
776,14	40,377
776,32	38,360
776,50	41,026
776,67	41,197
776,85	41,090
777,03	39,857
777,20	40,077
777,38	43,074
777,55	42,755
777,73	36,899
777,91	40,003
778,08	41,812
778,26	41,886
778,43	41,213
778,61	37,384
778,79	38,538
778,96	36,029
779,14	40,235
779,32	40,463
779,49	38,762
779,67	43,925
779,84	42,375
780,02	42,521
780,20	38,054
780,37	41,699
780,55	34,949
780,72	42,724
780,90	42,405
781,07	40,921
781,25	39,890
781,43	41,227
781,60	40,643
781,78	40,706
781,95	41,487
782,13	38,992
782,30	44,623
782,48	39,450
782,66	38,121
782,83	38,480
783,01	44,794
783,18	42,343
783,36	39,734
783,53	40,190
783,71	41,329
783,89	40,169
784,06	41,790
784,24	41,094
784,41	41,661
784,59	40,601
784,76	41,126
784,94	41,720
785,11	40,061
785,29	40,858
785,46	40,409
785,64	40,618
785,82	39,472
785,99	42,477
786,17	43,450
786,34	38,867
786,52	42,051
786,69	43,901
786,87	38,966
787,04	39,233
787,22	40,180
787,39	43,988
787,57	42,446
787,74	41,018
787,92	42,148
788,09	42,704
788,27	39,280
788,44	40,742
788,62	42,205
788,79	41,002
788,97	42,695
789,14	41,790
789,32	37,853
789,49	42,577
789,67	41,733
789,84	40,291
790,02	41,654
790,19	37,393
790,37	43,629
790,54	40,464
790,72	44,666
790,89	43,512
791,07	43,349
791,24	39,419
791,42	39,737
791,59	43,294
791,77	37,831
791,94	38,016
792,12	41,674
792,29	41,765
792,47	40,936
792,64	44,720
792,81	42,832
792,99	39,497
793,16	42,110
793,34	43,186
793,51	41,392
793,69	41,498
793,86	40,482
794,04	42,700
794,21	45,095
794,39	40,031
794,56	41,623
794,73	43,277
794,91	44,057
795,08	40,088
795,26	42,408
795,43	39,999
795,61	41,072
795,78	41,084
795,95	40,387
796,13	42,121
796,30	40,686
796,48	37,532
796,65	40,041
796,83	41,732
797,00	44,274
797,17	39,821
797,35	39,691
797,52	43,265
797,70	43,572
797,87	41,913
798,04	40,535
798,22	41,043
798,39	42,861
798,57	40,195
798,74	41,991
798,91	40,571
799,09	40,021
799,26	41,563
799,44	44,763
799,61	40,509
799,78	42,898
799,96	45,821
800,13	39,645
800,31	43,201
800,48	44,441
800,65	45,463
800,83	40,228
801,00	42,311
801,17	42,286
801,35	40,893
801,52	41,306
801,70	39,385
801,87	42,630
802,04	46,783
802,22	38,787
802,39	40,129
802,56	44,190
802,74	42,503
802,91	38,145
803,08	41,207
803,26	41,700
803,43	46,236
803,61	41,077
803,78	40,808
803,95	41,926
804,13	45,554
804,30	41,256
804,47	44,749
804,65	44,255
804,82	42,996
804,99	42,798
805,17	40,924
805,34	46,534
805,51	43,229
805,69	42,974
805,86	36,704
806,03	45,162
806,21	46,323
806,38	45,179
806,55	41,720
806,72	45,705
806,90	45,233
807,07	43,492
807,24	41,504
807,42	36,896
807,59	42,667
807,76	36,998
807,94	42,179
808,11	39,908
808,28	49,460
808,45	43,810
808,63	45,076
808,80	40,619
808,97	41,585
809,15	40,160
809,32	43,931
809,49	39,187
809,67	40,185
809,84	42,013
810,01	43,855
810,18	51,523
810,36	44,232
810,53	42,137
810,70	43,065
810,87	43,761
811,05	41,307
811,22	43,427
811,39	42,129
811,57	46,053
811,74	43,546
811,91	42,364
812,08	42,114
812,26	45,671
812,43	43,073
812,60	43,766
812,77	37,736
812,95	43,781
813,12	42,982
813,29	39,380
813,46	43,427
813,64	38,741
813,81	41,780
813,98	39,397
814,15	43,471
814,32	44,695
814,50	47,392
814,67	42,231
814,84	41,486
815,01	44,363
815,19	35,719
815,36	37,097
815,53	42,907
815,70	39,943
815,87	42,571
816,05	34,032
816,22	42,946
816,39	49,802
816,56	48,564
816,74	42,059
816,91	40,220
817,08	44,498
817,25	46,596
817,42	44,554
817,60	41,473
817,77	43,584
817,94	44,067
818,11	42,904
818,28	44,111
818,45	46,536
818,63	43,514
818,80	43,628
818,97	43,613
819,14	47,468
819,31	46,356
819,49	44,372
819,66	44,807
819,83	43,972
820,00	47,208
820,17	41,280
820,34	43,057
820,52	46,228
820,69	47,647
820,86	42,170
821,03	40,573
821,20	48,462
821,37	47,973
821,55	43,021
821,72	40,725
821,89	48,764
822,06	46,288
822,23	37,945
822,40	42,109
822,57	47,824
822,75	55,577
822,92	37,204
823,09	47,814
823,26	45,701
823,43	45,355
823,60	37,760
823,77	39,742
823,94	47,807
824,12	52,571
824,29	34,264
824,46	42,100
824,63	46,965
824,80	46,773
824,97	42,788
825,14	40,970
825,31	49,391
825,49	46,159
825,66	45,585
825,83	40,086
826,00	43,844
826,17	55,104
826,34	43,154
826,51	36,214
826,68	39,939
826,85	45,060
827,02	40,912
827,20	38,767
827,37	44,456
827,54	45,052
827,71	45,652
827,88	44,847
828,05	49,472
828,22	42,441
828,39	46,324
828,56	49,224
828,73	47,720
828,90	47,259
829,07	38,777
829,25	44,565
829,42	44,377
829,59	37,539
829,76	42,414
829,93	40,275
830,10	43,697
830,27	43,362
830,44	41,568
830,61	42,313
830,78	56,872
830,95	48,419
831,12	42,888
831,29	41,880
831,46	40,787
831,63	40,685
831,80	46,839
831,97	37,989
832,14	55,677
832,31	53,928
832,48	50,339
832,65	44,411
832,83	47,025
833,00	49,946
833,17	41,508
833,34	42,352
833,51	46,252
833,68	59,135
833,85	48,090
834,02	41,715
834,19	43,916
834,36	55,302
834,53	39,582
834,70	42,221
834,87	55,039
835,04	51,715
835,21	47,115
835,38	44,101
835,55	47,022
835,72	53,357
835,89	40,439
836,06	45,199
836,23	58,507
836,40	41,078
836,57	42,528
836,74	49,786
836,91	48,596
837,08	49,231
837,25	44,912
837,42	35,131
837,59	48,291
837,76	49,527
837,93	51,232
838,09	35,333
838,26	49,971
838,43	52,617
838,60	45,819
838,77	45,612
838,94	51,530
839,11	43,654
839,28	44,009
839,45	44,211
839,62	43,713
839,79	43,016
839,96	40,056
840,13	47,639
840,30	43,924
840,47	38,971
840,64	44,453
840,81	45,542
840,98	44,129
841,15	45,526
841,32	38,406
841,48	51,532
841,65	48,139
841,82	42,954
841,99	43,561
842,16	40,879
842,33	40,195
842,50	48,698
842,67	44,343
842,84	46,279
843,01	54,534
843,18	46,010
843,35	45,396
843,52	40,945
843,68	51,215
843,85	48,844
844,02	41,050
844,19	42,307
844,36	57,523
844,53	50,197
844,70	44,418
844,87	54,429
845,04	48,622
845,21	39,123
845,37	50,919
845,54	40,812
845,71	39,038
845,88	59,825
846,05	47,187
846,22	35,328
846,39	50,086
846,56	54,733
846,72	36,605
846,89	41,770
847,06	62,927
847,23	57,615
847,40	39,642
847,57	29,445
847,74	54,220
847,90	56,879
848,07	47,745
848,24	55,517
848,41	48,473
848,58	68,152
848,75	47,955
848,92	43,036
849,08	46,136
849,25	55,731
849,42	40,903
849,59	51,825
849,76	35,398
849,93	53,827
850,09	54,638
850,26	33,941
850,43	70,478
850,60	45,084
850,77	43,113
850,94	46,954
851,10	47,882
851,27	50,532
851,44	35,250
851,61	37,544
851,78	60,058
851,95	49,839
852,11	42,574
852,28	49,159
852,45	53,172
852,62	59,761
852,79	50,705
852,95	37,313
853,12	52,588
853,29	51,777
853,46	43,529
853,63	52,149
853,79	48,942
853,96	45,289
854,13	55,759
854,30	35,511
854,46	60,068
854,63	54,568
854,80	37,748
854,97	46,217
855,14	68,152
855,30	50,721
855,47	44,933
855,64	52,565
855,81	42,502
855,97	55,839
856,14	46,300
856,31	41,159
856,48	59,116
856,65	56,946
856,81	48,470
856,98	41,337
857,15	35,501
857,32	52,982
857,48	46,158
857,65	47,832
857,82	55,438
857,99	59,195
858,15	42,824
858,32	40,871
858,49	64,629
858,65	60,405
858,82	61,329
858,99	47,941
859,16	65,319
859,32	51,471
859,49	47,249
859,66	51,600
859,83	47,420
859,99	51,111
860,16	52,660
860,33	34,586
860,49	52,712
860,66	66,697
860,83	40,986
861,00	50,615
861,16	69,327
861,33	62,064
861,50	36,575
861,66	44,365
861,83	57,478
862,00	46,644
862,16	52,580
862,33	42,634
862,50	72,937
862,67	54,359
862,83	46,585
863,00	56,371
863,17	71,778
863,33	40,663
863,50	40,710
863,67	42,342
863,83	66,762
864,00	64,604
864,17	42,287
864,33	47,367
864,50	62,063
864,67	51,402
864,83	47,405
865,00	44,338
865,17	38,890
865,33	88,027
865,50	29,190
865,67	46,012
865,83	62,063
866,00	81,297
866,17	48,391
866,33	64,392
866,50	87,618
866,66	46,051
866,83	54,671
867,00	65,245
867,16	66,527
867,33	79,684
867,50	41,453
867,66	36,251
867,83	78,186
868,00	54,746
868,16	39,535
868,33	44,893
868,49	49,345
868,66	63,975
868,83	41,710
868,99	48,920
869,16	87,377
869,32	92,004
869,49	52,948
869,66	47,478
869,82	76,418
869,99	83,579
870,15	39,317
870,32	63,264
870,49	64,675
870,65	82,135
870,82	64,603
870,98	47,204
871,15	95,019
871,32	46,010
871,48	25,815
871,65	30,998
871,81	59,191
871,98	32,824
872,15	43,708
872,31	35,807
872,48	87,955
872,64	68,397
872,81	41,390
872,97	59,043
873,14	90,113
873,31	64,799
873,47	54,400
873,64	67,155
873,80	107,250
873,97	99,889
874,13	25,011
874,30	60,674
874,46	119,074
874,63	50,816
874,80	48,224
874,96	35,999
875,13	123,862
875,29	53,583
875,46	95,871
875,62	19,644
875,79	74,055
875,95	57,101
876,12	33,788
876,28	13,547
876,45	92,149
876,61	59,282
876,78	21,860
876,94	38,469
877,11	59,324
877,27	67,673
877,44	79,658
877,60	58,154
877,77	112,914
877,94	99,071
878,10	45,811
878,27	78,403
878,43	99,244
878,60	67,853
878,76	83,585
878,93	61,200
879,09	113,734
879,26	71,702
879,42	70,474
879,58	55,129
879,75	106,705
879,91	98,311
880,08	19,004
880,24	40,288
880,41	102,611
880,57	91,880
880,74	23,871
880,90	43,291
881,07	67,708
881,23	137,181
881,40	66,236
881,56	107,193
881,73	103,806
881,89	64,206
882,06	5,570
882,22	146,093
882,38	139,492
882,55	170,754
882,71	41,291
882,88	47,685
883,04	124,904
883,21	135,991
883,37	48,617
883,54	75,163
883,70	182,734
883,86	125,604
884,03	79,842
884,19	30,470
884,36	52,212
884,52	153,234
884,69	47,713
884,85	40,601
885,01	152,350
885,18	141,048
885,34	122,504
885,51	-5,864
885,67	61,806
>>>>> Data<<<<< Espectral Procesado Extremo
