Fichero De Datos De SpectraSuite
++++++++++++++++++++++++++++++++++++
Fecha: Wed Apr 22 11:45:33 CEST 2009
Usuario: evoflor
Presente Oscuro Del Espectro: Sí
La Referencia de Presente Del Espectro De: Sí
Muestreados de los componentes de Número de espectros: 1
Espectrómetros: USB4F02353
Tiempo de integración (usec): 500000 (USB4F02353)
Promedio de Espectros Hechos un: 5 (USB4F02353)
El Alisar Del Furgón: 0 (USB4F02353)
Párrafo de de Corregir del la del del de Eléctrica del obscuridad: Sí (USB4F02353)
Estrobo/Lámpara Permitido: No (USB4F02353)
Correct for Detector Non-linearity: No (USB4F02353)
Párrafo de de Corregir del la del del de Externa del luz: No (USB4F02353)
Procesado del espectro de Número de pixeles en: 3648
>>>>> Comienza Data<<<<< Espectral Procesado Del EL
177,79	263,356
178,00	263,356
178,22	263,356
178,44	1001,319
178,66	-184,403
178,88	85,733
179,09	-152,255
179,31	85,704
179,53	174,861
179,75	161,988
179,96	1006,724
180,18	-231,938
180,40	254,395
180,62	283,501
180,83	-179,421
181,05	-337,561
181,27	-118580,000
181,49	43,522
181,70	175,692
181,92	697,868
182,14	397,831
182,36	165,621
182,58	11,200
182,79	1011,518
183,01	-104,372
183,23	225,341
183,45	47,754
183,66	-488,850
183,88	194,588
184,10	-2630,545
184,32	255,644
184,53	291,012
184,75	-249,159
184,97	60,941
185,18	-70,639
185,40	-392,692
185,62	177,020
185,84	62,402
186,05	307,281
186,27	-92,947
186,49	4803,077
186,71	-34,690
186,92	117,267
187,14	-144,928
187,36	115,781
187,58	70,032
187,79	-20,182
188,01	259,784
188,23	-145,114
188,45	105,981
188,66	15,089
188,88	-2794,182
189,10	-1338,800
189,31	-33,413
189,53	81,715
189,75	602,909
189,97	148,000
190,18	-167,039
190,40	824,588
190,62	-17,582
190,83	-293,735
191,05	89,793
191,27	158,800
191,49	286,832
191,70	-444,615
191,92	-257,458
192,14	-47,762
192,35	393,316
192,57	1485,143
192,79	99,743
193,01	169,938
193,22	99,882
193,44	-183,925
193,66	136,123
193,87	180,685
194,09	47,247
194,31	145,657
194,53	1471,189
194,74	157,871
194,96	22,737
195,18	157,097
195,39	-241,636
195,61	-139,339
195,83	-289,087
196,04	86,138
196,26	-44,121
196,48	57,506
196,70	409,304
196,91	138,830
197,13	6,278
197,35	4,182
197,56	615,108
197,78	1475,970
198,00	860,699
198,21	772,233
198,43	-1395,814
198,65	70,290
198,86	238,777
199,08	-50,885
199,30	393,077
199,51	-359,870
199,73	161,455
199,95	380,396
200,16	656,846
200,38	321,774
200,60	60,029
200,81	454,347
201,03	-78,859
201,25	-1662,800
201,46	138,517
201,68	36,268
201,90	2715,455
202,11	-538,473
202,33	132,101
202,55	649,750
202,76	1,281
202,98	234,425
203,20	78,942
203,41	-496,211
203,63	109,590
203,85	-107780,000
204,06	195,777
204,28	59,084
204,50	100,761
204,71	247,668
204,93	27,040
205,15	72,530
205,36	-125,201
205,58	255,240
205,80	-133,238
206,01	28,846
206,23	164,751
206,45	211,198
206,66	126,590
206,88	-20,807
207,10	134,500
207,31	286,993
207,53	158,800
207,75	93,397
207,96	408,060
208,18	-150,137
208,39	85,413
208,61	5085,143
208,83	-293,279
209,04	207,666
209,26	-156,590
209,48	251,849
209,69	195,613
209,91	327,635
210,13	16,516
210,34	101,889
210,56	166,108
210,77	-1486,457
210,99	154,399
211,21	6340,000
211,42	-49,606
211,64	19,180
211,86	123,372
212,07	159,653
212,29	191,710
212,50	114,235
212,72	224,154
212,94	143,240
213,15	94,590
213,37	149,144
213,58	-153,171
213,80	-1695,714
214,02	13487,059
214,23	372,409
214,45	205,836
214,67	727,073
214,88	33,960
215,10	-256,303
215,31	-14,236
215,53	-162,091
215,75	315,791
215,96	1608,571
216,18	161,690
216,39	223,755
216,61	384,672
216,83	328,482
217,04	482,921
217,26	31,581
217,47	126,544
217,69	246,029
217,91	-89,897
218,12	-39380,000
218,34	118,440
218,55	407,639
218,77	71,809
218,99	150,381
219,20	-114,011
219,42	322,073
219,63	-59,019
219,85	-83,329
220,06	44,154
220,28	98,190
220,50	25,891
220,71	93,696
220,93	3527,925
221,14	-1734,800
221,36	24,512
221,58	-14,327
221,79	-9,249
222,01	859,310
222,22	762,368
222,44	139,101
222,65	112,505
222,87	237,622
223,09	98,674
223,30	49,070
223,52	181,541
223,73	147,463
223,95	60,535
224,16	153,567
224,38	251,137
224,60	48,818
224,81	28,724
225,03	13,634
225,24	3,631
225,46	-40,731
225,67	18,725
225,89	-99,241
226,10	197,229
226,32	1596,640
226,54	64,579
226,75	-4,381
226,97	133,697
227,18	123,899
227,40	75,061
227,61	90,528
227,83	19,524
228,04	86,456
228,26	28,019
228,47	54,428
228,69	204,329
228,91	105,243
229,12	28,895
229,34	18,529
229,55	42,947
229,77	9,835
229,98	20,766
230,20	30,914
230,41	-3,124
230,63	55,167
230,84	66,232
231,06	17,982
231,27	21,978
231,49	27,542
231,71	14,657
231,92	15,962
232,14	28,305
232,35	35,176
232,57	62,569
232,78	-8,135
233,00	40,361
233,21	52,342
233,43	12,228
233,64	35,111
233,86	33,103
234,07	17,012
234,29	18,744
234,50	24,248
234,72	32,320
234,93	-0,256
235,15	26,410
235,36	16,353
235,58	37,338
235,79	44,244
236,01	16,452
236,22	19,773
236,44	41,153
236,65	19,144
236,87	24,224
237,08	8,967
237,30	-8,541
237,51	21,428
237,73	1,606
237,94	12,920
238,16	27,347
238,37	25,559
238,59	9,646
238,80	14,767
239,02	-1,478
239,23	22,114
239,45	1,558
239,66	27,522
239,88	36,560
240,09	26,892
240,31	4,243
240,52	15,208
240,74	11,975
240,95	12,319
241,17	8,817
241,38	8,656
241,60	11,553
241,81	23,011
242,03	9,524
242,24	17,856
242,46	25,040
242,67	4,220
242,89	3,963
243,10	22,916
243,32	11,525
243,53	12,549
243,75	2,995
243,96	6,000
244,18	4,277
244,39	11,282
244,60	7,897
244,82	4,355
245,03	16,895
245,25	14,547
245,46	25,105
245,68	1,416
245,89	20,803
246,11	18,051
246,32	14,895
246,54	10,361
246,75	11,688
246,97	11,507
247,18	21,826
247,39	0,995
247,61	12,184
247,82	3,371
248,04	7,492
248,25	11,430
248,47	9,203
248,68	15,253
248,90	5,749
249,11	13,399
249,33	19,885
249,54	9,195
249,75	11,747
249,97	3,492
250,18	13,135
250,40	16,200
250,61	-5,097
250,83	1,249
251,04	2,292
251,25	9,148
251,47	-0,012
251,68	9,903
251,90	12,916
252,11	12,542
252,33	4,757
252,54	8,740
252,76	5,842
252,97	-0,155
253,18	-2,539
253,40	2,476
253,61	0,844
253,83	14,467
254,04	12,004
254,25	6,864
254,47	5,228
254,68	8,904
254,90	10,553
255,11	6,699
255,33	9,122
255,54	6,183
255,75	5,672
255,97	4,817
256,18	3,380
256,40	8,273
256,61	7,329
256,82	-1,432
257,04	9,964
257,25	2,572
257,47	7,686
257,68	-0,221
257,89	9,629
258,11	7,223
258,32	3,543
258,54	4,137
258,75	16,713
258,96	13,488
259,18	8,500
259,39	3,125
259,61	2,286
259,82	4,869
260,03	7,918
260,25	6,344
260,46	8,436
260,68	4,911
260,89	6,351
261,10	5,253
261,32	10,434
261,53	3,386
261,75	7,941
261,96	2,235
262,17	13,273
262,39	7,527
262,60	1,699
262,81	-1,381
263,03	9,230
263,24	7,336
263,46	-0,584
263,67	1,942
263,88	6,938
264,10	9,244
264,31	3,350
264,52	7,675
264,74	10,186
264,95	6,440
265,17	6,944
265,38	5,637
265,59	11,302
265,81	7,822
266,02	-0,328
266,23	0,221
266,45	9,509
266,66	11,420
266,87	9,193
267,09	3,292
267,30	10,730
267,52	11,066
267,73	5,738
267,94	10,029
268,16	4,805
268,37	2,995
268,58	7,746
268,80	4,357
269,01	2,745
269,22	11,440
269,44	9,046
269,65	6,351
269,86	-1,644
270,08	7,687
270,29	6,615
270,50	7,355
270,72	11,314
270,93	5,889
271,14	3,315
271,36	5,054
271,57	5,987
271,78	3,876
272,00	5,062
272,21	2,972
272,42	8,670
272,64	7,659
272,85	4,390
273,06	2,411
273,28	8,317
273,49	8,388
273,70	8,764
273,92	5,616
274,13	8,453
274,34	3,172
274,56	6,119
274,77	3,694
274,98	8,444
275,20	3,770
275,41	7,454
275,62	5,449
275,84	2,939
276,05	11,967
276,26	3,588
276,47	0,310
276,69	7,662
276,90	9,079
277,11	3,226
277,33	3,530
277,54	6,605
277,75	4,114
277,97	4,829
278,18	1,881
278,39	7,511
278,61	4,635
278,82	4,663
279,03	7,091
279,24	4,360
279,46	5,112
279,67	8,227
279,88	7,058
280,10	7,326
280,31	5,368
280,52	5,239
280,73	2,233
280,95	9,443
281,16	7,426
281,37	7,240
281,59	9,301
281,80	11,889
282,01	2,236
282,22	4,416
282,44	3,600
282,65	10,819
282,86	11,118
283,08	8,085
283,29	4,830
283,50	8,060
283,71	6,472
283,93	6,167
284,14	6,954
284,35	7,336
284,56	7,084
284,78	2,439
284,99	4,549
285,20	8,426
285,42	5,432
285,63	3,946
285,84	3,439
286,05	2,366
286,27	7,289
286,48	5,049
286,69	2,448
286,90	1,765
287,12	3,319
287,33	3,191
287,54	5,748
287,75	5,571
287,97	8,121
288,18	4,392
288,39	3,379
288,60	8,095
288,82	6,985
289,03	3,185
289,24	4,426
289,45	8,560
289,67	5,666
289,88	4,765
290,09	6,994
290,30	4,381
290,52	2,783
290,73	1,286
290,94	1,175
291,15	4,949
291,37	7,179
291,58	4,223
291,79	4,691
292,00	5,829
292,21	6,411
292,43	3,209
292,64	3,237
292,85	3,930
293,06	7,928
293,28	4,542
293,49	2,474
293,70	9,685
293,91	5,137
294,12	6,141
294,34	5,427
294,55	4,797
294,76	6,048
294,97	7,657
295,19	2,570
295,40	6,184
295,61	4,827
295,82	2,726
296,03	5,045
296,25	6,911
296,46	4,135
296,67	1,707
296,88	2,930
297,09	6,456
297,31	7,385
297,52	7,467
297,73	1,712
297,94	7,551
298,15	5,660
298,37	5,634
298,58	5,953
298,79	7,271
299,00	0,876
299,21	3,071
299,43	2,425
299,64	8,573
299,85	6,411
300,06	1,881
300,27	4,284
300,49	7,606
300,70	2,841
300,91	6,293
301,12	5,587
301,33	8,151
301,54	4,040
301,76	7,146
301,97	3,436
302,18	2,531
302,39	8,022
302,60	12,249
302,82	4,194
303,03	6,691
303,24	5,098
303,45	6,124
303,66	6,604
303,87	7,151
304,09	6,907
304,30	4,052
304,51	5,805
304,72	2,703
304,93	8,142
305,14	6,262
305,36	1,970
305,57	2,591
305,78	6,832
305,99	4,225
306,20	4,214
306,41	4,388
306,62	5,641
306,84	4,421
307,05	3,420
307,26	6,528
307,47	8,808
307,68	4,732
307,89	3,926
308,11	7,849
308,32	5,639
308,53	4,632
308,74	4,672
308,95	5,695
309,16	7,054
309,37	6,693
309,59	2,077
309,80	5,338
310,01	6,458
310,22	4,557
310,43	3,081
310,64	7,084
310,85	8,072
311,06	5,162
311,28	5,577
311,49	5,659
311,70	8,577
311,91	0,475
312,12	4,993
312,33	5,611
312,54	6,771
312,75	2,722
312,97	2,814
313,18	6,748
313,39	5,666
313,60	3,832
313,81	3,484
314,02	8,737
314,23	7,055
314,44	4,211
314,65	6,158
314,87	3,229
315,08	3,970
315,29	6,581
315,50	6,002
315,71	6,207
315,92	8,926
316,13	8,006
316,34	5,789
316,55	9,892
316,77	1,760
316,98	4,393
317,19	4,417
317,40	7,557
317,61	7,947
317,82	5,386
318,03	3,966
318,24	4,303
318,45	7,474
318,66	6,070
318,87	0,825
319,09	6,563
319,30	6,568
319,51	5,696
319,72	7,993
319,93	7,151
320,14	7,419
320,35	6,608
320,56	1,633
320,77	4,752
320,98	9,813
321,19	5,913
321,40	4,703
321,62	4,478
321,83	4,199
322,04	3,586
322,25	4,181
322,46	10,036
322,67	6,194
322,88	5,542
323,09	3,926
323,30	7,052
323,51	7,923
323,72	7,279
323,93	1,830
324,14	4,416
324,35	2,497
324,56	2,926
324,77	4,863
324,99	6,558
325,20	0,728
325,41	4,978
325,62	6,672
325,83	3,012
326,04	3,086
326,25	6,407
326,46	2,109
326,67	5,198
326,88	6,335
327,09	1,479
327,30	4,780
327,51	5,315
327,72	5,936
327,93	5,350
328,14	1,486
328,35	4,378
328,56	9,549
328,77	6,539
328,98	3,364
329,19	3,825
329,40	9,176
329,61	5,162
329,82	4,382
330,04	4,738
330,25	3,515
330,46	4,541
330,67	4,159
330,88	5,238
331,09	5,262
331,30	4,211
331,51	4,070
331,72	6,376
331,93	5,878
332,14	4,057
332,35	7,319
332,56	5,796
332,77	8,250
332,98	2,384
333,19	2,911
333,40	5,520
333,61	4,677
333,82	10,120
334,03	6,826
334,24	6,146
334,45	6,589
334,66	5,532
334,87	4,713
335,08	4,101
335,29	4,102
335,50	2,243
335,71	3,297
335,92	7,798
336,13	7,849
336,34	1,873
336,55	5,561
336,76	4,876
336,97	3,171
337,18	3,526
337,39	3,651
337,60	7,731
337,81	6,554
338,02	6,565
338,23	3,865
338,44	5,797
338,65	5,919
338,86	5,488
339,07	2,336
339,28	5,127
339,49	6,675
339,70	3,435
339,91	3,476
340,11	7,649
340,32	2,897
340,53	3,718
340,74	-0,354
340,95	1,742
341,16	6,274
341,37	5,264
341,58	2,983
341,79	8,645
342,00	5,260
342,21	3,429
342,42	6,252
342,63	7,923
342,84	3,701
343,05	6,176
343,26	7,278
343,47	6,007
343,68	2,672
343,89	3,036
344,10	6,537
344,31	7,627
344,52	3,809
344,73	4,927
344,94	6,318
345,14	3,798
345,35	4,724
345,56	6,623
345,77	4,875
345,98	5,837
346,19	5,718
346,40	4,834
346,61	4,897
346,82	4,471
347,03	5,145
347,24	5,854
347,45	4,306
347,66	7,979
347,87	3,160
348,08	5,881
348,28	2,645
348,49	4,262
348,70	8,092
348,91	5,573
349,12	4,329
349,33	15,797
349,54	3,847
349,75	8,353
349,96	6,192
350,17	5,968
350,38	3,355
350,59	5,961
350,80	7,240
351,00	7,482
351,21	5,904
351,42	3,658
351,63	4,810
351,84	3,959
352,05	8,105
352,26	4,757
352,47	4,373
352,68	6,630
352,89	8,140
353,09	5,553
353,30	4,477
353,51	7,003
353,72	8,182
353,93	8,643
354,14	1,102
354,35	3,959
354,56	6,384
354,77	4,141
354,98	1,608
355,18	4,225
355,39	11,243
355,60	5,045
355,81	4,980
356,02	5,438
356,23	6,801
356,44	4,970
356,65	6,303
356,85	10,286
357,06	7,229
357,27	7,185
357,48	4,760
357,69	8,010
357,90	6,941
358,11	2,663
358,32	5,989
358,52	7,712
358,73	5,222
358,94	4,002
359,15	4,114
359,36	4,578
359,57	3,967
359,78	5,227
359,98	4,286
360,19	4,210
360,40	7,190
360,61	7,495
360,82	4,613
361,03	9,393
361,24	9,251
361,44	2,564
361,65	5,382
361,86	4,567
362,07	7,524
362,28	4,131
362,49	0,997
362,70	5,502
362,90	7,629
363,11	4,532
363,32	3,691
363,53	6,239
363,74	9,350
363,95	7,121
364,15	4,796
364,36	8,351
364,57	6,112
364,78	5,758
364,99	5,912
365,20	4,674
365,40	9,777
365,61	3,926
365,82	8,272
366,03	8,409
366,24	7,685
366,45	5,099
366,65	4,787
366,86	7,669
367,07	6,375
367,28	5,643
367,49	6,169
367,69	9,410
367,90	5,462
368,11	2,944
368,32	2,510
368,53	7,242
368,73	4,918
368,94	2,843
369,15	6,670
369,36	8,346
369,57	6,197
369,78	4,644
369,98	8,010
370,19	10,102
370,40	3,915
370,61	4,996
370,82	5,190
371,02	5,804
371,23	9,405
371,44	4,727
371,65	4,488
371,85	6,256
372,06	6,211
372,27	6,674
372,48	7,755
372,69	3,934
372,89	3,902
373,10	4,894
373,31	3,746
373,52	7,753
373,73	10,058
373,93	4,605
374,14	2,968
374,35	5,792
374,56	5,773
374,76	8,519
374,97	3,811
375,18	6,152
375,39	7,387
375,60	5,093
375,80	5,185
376,01	6,062
376,22	6,152
376,43	5,534
376,63	6,897
376,84	4,431
377,05	7,582
377,26	3,254
377,46	1,788
377,67	5,028
377,88	5,841
378,09	7,539
378,29	2,399
378,50	6,369
378,71	9,213
378,92	5,726
379,12	3,522
379,33	4,733
379,54	5,690
379,75	6,548
379,95	6,237
380,16	7,157
380,37	10,588
380,58	3,520
380,78	7,311
380,99	4,753
381,20	7,531
381,41	8,228
381,61	8,640
381,82	7,855
382,03	4,700
382,24	5,824
382,44	6,676
382,65	6,639
382,86	4,666
383,06	4,666
383,27	6,097
383,48	6,728
383,69	9,824
383,89	8,334
384,10	6,781
384,31	4,532
384,51	5,658
384,72	6,113
384,93	3,609
385,14	9,249
385,34	7,083
385,55	6,539
385,76	3,264
385,96	7,621
386,17	7,385
386,38	8,184
386,59	9,468
386,79	8,716
387,00	10,962
387,21	9,438
387,41	9,638
387,62	4,482
387,83	8,751
388,03	9,796
388,24	3,789
388,45	9,214
388,66	8,028
388,86	6,938
389,07	5,914
389,28	12,011
389,48	10,083
389,69	10,907
389,90	4,089
390,10	13,678
390,31	11,188
390,52	0,689
390,72	6,942
390,93	8,080
391,14	8,266
391,34	8,769
391,55	8,329
391,76	12,564
391,96	7,414
392,17	7,697
392,38	8,410
392,58	8,981
392,79	8,524
393,00	4,064
393,20	4,645
393,41	9,598
393,62	11,358
393,82	8,854
394,03	9,071
394,24	12,676
394,44	14,199
394,65	12,090
394,86	9,016
395,06	10,049
395,27	7,871
395,48	10,076
395,68	10,372
395,89	13,162
396,10	11,725
396,30	9,366
396,51	7,356
396,72	12,358
396,92	8,224
397,13	11,324
397,34	7,154
397,54	13,043
397,75	11,869
397,95	8,793
398,16	10,752
398,37	11,024
398,57	10,667
398,78	14,405
398,99	13,607
399,19	13,398
399,40	17,157
399,60	10,763
399,81	10,009
400,02	12,492
400,22	14,639
400,43	9,488
400,64	12,908
400,84	14,793
401,05	13,130
401,25	16,756
401,46	16,032
401,67	12,650
401,87	13,567
402,08	7,081
402,29	13,650
402,49	17,852
402,70	16,876
402,90	12,778
403,11	13,666
403,32	14,956
403,52	13,098
403,73	16,670
403,93	16,428
404,14	15,554
404,35	15,575
404,55	12,834
404,76	9,382
404,96	15,906
405,17	18,210
405,38	19,926
405,58	13,993
405,79	15,906
405,99	19,966
406,20	19,356
406,40	14,172
406,61	17,765
406,82	16,949
407,02	20,190
407,23	18,554
407,43	13,208
407,64	16,092
407,85	18,482
408,05	15,060
408,26	25,889
408,46	22,351
408,67	17,834
408,87	20,021
409,08	20,528
409,29	21,463
409,49	24,616
409,70	19,620
409,90	22,110
410,11	20,540
410,31	22,407
410,52	19,595
410,72	21,545
410,93	23,199
411,14	18,286
411,34	20,286
411,55	23,436
411,75	25,572
411,96	22,440
412,16	21,630
412,37	20,715
412,57	25,081
412,78	23,505
412,99	20,695
413,19	22,866
413,40	22,438
413,60	21,477
413,81	21,555
414,01	27,281
414,22	24,764
414,42	18,939
414,63	20,943
414,83	27,415
415,04	26,501
415,24	26,757
415,45	22,291
415,65	25,341
415,86	27,459
416,07	24,992
416,27	26,896
416,48	27,731
416,68	30,522
416,89	23,232
417,09	27,059
417,30	29,939
417,50	27,532
417,71	29,080
417,91	29,553
418,12	25,568
418,32	27,446
418,53	28,384
418,73	25,257
418,94	26,696
419,14	31,753
419,35	25,772
419,55	28,263
419,76	32,144
419,96	27,499
420,17	27,184
420,37	29,415
420,58	31,826
420,78	27,821
420,99	27,152
421,19	28,506
421,40	34,676
421,60	35,928
421,81	28,996
422,01	31,099
422,22	28,415
422,42	32,810
422,63	31,142
422,83	32,245
423,04	34,683
423,24	33,226
423,45	31,732
423,65	33,901
423,86	34,841
424,06	32,837
424,27	29,634
424,47	30,082
424,67	30,237
424,88	28,988
425,08	31,267
425,29	39,161
425,49	34,893
425,70	31,022
425,90	32,199
426,11	32,229
426,31	32,749
426,52	35,842
426,72	31,478
426,93	31,265
427,13	42,124
427,33	35,957
427,54	31,682
427,74	38,395
427,95	33,949
428,15	33,372
428,36	31,623
428,56	38,404
428,77	36,739
428,97	32,943
429,18	34,550
429,38	34,720
429,58	37,600
429,79	33,087
429,99	32,347
430,20	29,931
430,40	38,594
430,61	36,330
430,81	33,765
431,01	38,254
431,22	38,701
431,42	42,274
431,63	31,226
431,83	37,049
432,04	32,713
432,24	40,723
432,44	36,720
432,65	33,638
432,85	34,598
433,06	38,998
433,26	32,027
433,47	34,696
433,67	34,700
433,87	34,840
434,08	32,530
434,28	34,078
434,49	34,931
434,69	38,022
434,89	27,941
435,10	37,406
435,30	40,162
435,51	36,100
435,71	33,638
435,91	32,530
436,12	34,867
436,32	37,722
436,53	34,705
436,73	31,966
436,93	36,347
437,14	38,771
437,34	35,038
437,55	37,271
437,75	36,945
437,95	37,506
438,16	35,961
438,36	36,207
438,57	32,062
438,77	34,211
438,97	39,390
439,18	39,429
439,38	37,506
439,58	34,469
439,79	36,821
439,99	33,634
440,20	38,440
440,40	39,935
440,60	34,723
440,81	41,411
441,01	37,515
441,21	36,739
441,42	37,768
441,62	42,480
441,83	38,119
442,03	40,322
442,23	40,728
442,44	40,631
442,64	39,236
442,84	36,927
443,05	40,574
443,25	36,915
443,45	34,852
443,66	39,392
443,86	37,950
444,06	35,642
444,27	36,801
444,47	37,148
444,67	37,648
444,88	43,513
445,08	37,059
445,28	41,788
445,49	35,619
445,69	37,550
445,90	40,619
446,10	38,435
446,30	37,716
446,51	38,733
446,71	46,447
446,91	43,167
447,12	42,992
447,32	38,133
447,52	41,968
447,72	39,392
447,93	35,853
448,13	36,431
448,33	46,857
448,54	45,465
448,74	36,310
448,94	44,927
449,15	43,253
449,35	42,302
449,55	38,939
449,76	43,393
449,96	41,126
450,16	43,745
450,37	37,259
450,57	35,728
450,77	34,279
450,98	40,423
451,18	39,541
451,38	40,259
451,58	43,931
451,79	39,458
451,99	39,106
452,19	40,305
452,40	41,863
452,60	36,151
452,80	35,994
453,00	42,297
453,21	39,434
453,41	41,703
453,61	41,884
453,82	42,475
454,02	38,416
454,22	47,401
454,42	41,769
454,63	37,720
454,83	38,179
455,03	41,698
455,24	41,095
455,44	37,360
455,64	38,427
455,84	38,312
456,05	41,168
456,25	40,645
456,45	39,855
456,65	42,908
456,86	41,136
457,06	42,976
457,26	39,853
457,47	46,570
457,67	39,009
457,87	37,382
458,07	37,754
458,28	43,882
458,48	41,611
458,68	36,242
458,88	42,588
459,09	42,958
459,29	40,718
459,49	40,862
459,69	40,362
459,90	40,930
460,10	37,278
460,30	43,265
460,50	42,620
460,71	38,030
460,91	40,466
461,11	43,568
461,31	40,439
461,52	43,716
461,72	40,449
461,92	40,907
462,12	47,293
462,32	35,585
462,53	41,368
462,73	38,145
462,93	42,494
463,13	40,297
463,34	46,027
463,54	41,856
463,74	44,437
463,94	40,825
464,14	39,546
464,35	39,294
464,55	43,537
464,75	44,402
464,95	45,380
465,16	35,286
465,36	46,312
465,56	39,661
465,76	40,460
465,96	44,361
466,17	35,860
466,37	40,264
466,57	44,072
466,77	42,387
466,97	40,645
467,18	46,674
467,38	41,890
467,58	39,769
467,78	42,508
467,98	41,946
468,19	42,202
468,39	44,370
468,59	44,306
468,79	47,327
468,99	38,759
469,19	35,770
469,40	40,682
469,60	31,595
469,80	39,112
470,00	43,577
470,20	42,132
470,41	39,510
470,61	43,352
470,81	46,041
471,01	39,472
471,21	42,737
471,41	39,210
471,62	37,870
471,82	43,109
472,02	41,758
472,22	39,285
472,42	40,597
472,62	41,281
472,83	38,006
473,03	41,960
473,23	42,415
473,43	45,906
473,63	43,230
473,83	41,679
474,03	40,373
474,24	45,692
474,44	42,410
474,64	41,264
474,84	39,053
475,04	44,311
475,24	42,325
475,45	39,600
475,65	42,511
475,85	43,273
476,05	37,801
476,25	39,143
476,45	39,558
476,65	47,543
476,85	42,420
477,06	38,106
477,26	38,650
477,46	41,011
477,66	39,781
477,86	41,938
478,06	40,186
478,26	45,684
478,46	39,273
478,67	43,794
478,87	43,438
479,07	41,590
479,27	42,847
479,47	39,892
479,67	39,152
479,87	37,609
480,07	42,008
480,28	39,447
480,48	38,768
480,68	39,233
480,88	47,599
481,08	42,337
481,28	42,406
481,48	41,264
481,68	40,910
481,88	38,266
482,08	38,701
482,29	44,807
482,49	38,761
482,69	40,973
482,89	42,240
483,09	42,877
483,29	39,834
483,49	40,278
483,69	41,748
483,89	38,672
484,09	39,076
484,29	36,755
484,50	40,391
484,70	39,780
484,90	38,361
485,10	38,104
485,30	41,841
485,50	41,981
485,70	41,758
485,90	39,808
486,10	35,177
486,30	37,073
486,50	40,500
486,70	38,560
486,90	38,236
487,10	42,642
487,30	38,497
487,51	40,367
487,71	36,520
487,91	37,606
488,11	37,058
488,31	34,976
488,51	38,960
488,71	38,278
488,91	39,267
489,11	38,762
489,31	39,389
489,51	38,608
489,71	38,961
489,91	40,843
490,11	38,915
490,31	38,712
490,51	40,676
490,71	41,553
490,91	36,703
491,11	39,981
491,31	42,784
491,51	39,577
491,72	39,414
491,92	40,683
492,12	45,444
492,32	39,618
492,52	42,757
492,72	43,277
492,92	41,476
493,12	41,414
493,32	37,825
493,52	37,237
493,72	38,939
493,92	42,114
494,12	40,313
494,32	43,274
494,52	37,693
494,72	41,681
494,92	41,265
495,12	40,675
495,32	43,860
495,52	40,307
495,72	40,724
495,92	44,068
496,12	44,132
496,32	40,130
496,52	40,633
496,72	40,696
496,92	42,314
497,12	43,821
497,32	42,639
497,52	43,479
497,72	42,606
497,92	43,574
498,12	39,792
498,32	41,908
498,52	43,303
498,72	39,464
498,92	40,415
499,12	44,450
499,32	41,941
499,52	42,033
499,72	41,182
499,92	44,322
500,12	44,244
500,32	45,113
500,52	40,812
500,72	46,581
500,91	43,835
501,11	43,361
501,31	38,126
501,51	44,361
501,71	44,474
501,91	44,074
502,11	41,840
502,31	42,672
502,51	43,121
502,71	43,802
502,91	43,896
503,11	42,192
503,31	43,078
503,51	40,086
503,71	40,246
503,91	45,471
504,11	45,013
504,31	42,388
504,51	42,219
504,71	47,347
504,91	43,978
505,10	41,154
505,30	43,385
505,50	44,367
505,70	43,587
505,90	46,968
506,10	40,068
506,30	43,064
506,50	45,567
506,70	46,004
506,90	42,711
507,10	44,538
507,30	42,753
507,50	43,967
507,70	43,893
507,89	42,796
508,09	42,657
508,29	42,939
508,49	46,592
508,69	41,726
508,89	43,637
509,09	44,012
509,29	41,011
509,49	45,809
509,69	45,679
509,89	44,123
510,09	42,223
510,28	43,736
510,48	43,597
510,68	40,365
510,88	39,503
511,08	45,326
511,28	44,629
511,48	42,561
511,68	40,176
511,88	41,026
512,07	44,969
512,27	40,544
512,47	41,994
512,67	43,157
512,87	40,796
513,07	44,733
513,27	39,492
513,47	43,230
513,67	41,958
513,86	43,624
514,06	44,527
514,26	43,350
514,46	47,575
514,66	42,619
514,86	42,422
515,06	46,979
515,26	43,448
515,45	45,504
515,65	43,448
515,85	41,522
516,05	41,432
516,25	43,761
516,45	44,103
516,65	43,898
516,84	42,560
517,04	47,413
517,24	42,724
517,44	44,338
517,64	45,507
517,84	44,780
518,04	44,668
518,23	45,691
518,43	44,358
518,63	42,920
518,83	42,817
519,03	42,940
519,23	46,355
519,42	42,567
519,62	41,449
519,82	43,129
520,02	42,431
520,22	43,430
520,42	40,138
520,61	43,833
520,81	46,284
521,01	43,841
521,21	42,156
521,41	44,951
521,61	45,573
521,80	40,390
522,00	45,466
522,20	46,196
522,40	45,299
522,60	44,249
522,79	40,831
522,99	43,327
523,19	43,469
523,39	41,933
523,59	43,378
523,78	43,272
523,98	42,108
524,18	43,251
524,38	41,878
524,58	41,947
524,77	44,864
524,97	42,796
525,17	42,985
525,37	43,661
525,57	45,992
525,76	41,005
525,96	44,727
526,16	41,218
526,36	39,946
526,56	44,531
526,75	39,917
526,95	43,789
527,15	40,767
527,35	45,565
527,55	41,723
527,74	44,050
527,94	40,597
528,14	42,315
528,34	41,536
528,53	42,128
528,73	41,245
528,93	42,887
529,13	42,005
529,32	43,563
529,52	42,893
529,72	42,628
529,92	40,966
530,12	41,510
530,31	43,071
530,51	41,856
530,71	46,060
530,91	44,577
531,10	38,511
531,30	43,567
531,50	42,351
531,70	45,518
531,89	42,676
532,09	40,947
532,29	41,826
532,49	40,115
532,68	42,603
532,88	45,108
533,08	40,056
533,28	42,748
533,47	43,059
533,67	45,282
533,87	39,311
534,06	49,772
534,26	40,989
534,46	41,914
534,66	42,581
534,85	43,284
535,05	39,609
535,25	40,777
535,45	38,623
535,64	42,680
535,84	42,087
536,04	39,455
536,23	43,630
536,43	42,186
536,63	40,236
536,83	42,438
537,02	41,318
537,22	39,636
537,42	39,573
537,61	38,988
537,81	42,020
538,01	43,342
538,20	42,546
538,40	38,900
538,60	41,282
538,80	38,769
538,99	39,382
539,19	38,385
539,39	40,202
539,58	39,536
539,78	36,718
539,98	37,455
540,17	36,314
540,37	38,121
540,57	33,981
540,76	34,152
540,96	31,725
541,16	35,916
541,36	32,881
541,55	31,176
541,75	30,514
541,95	32,612
542,14	31,844
542,34	32,042
542,54	30,506
542,73	32,077
542,93	32,296
543,13	31,345
543,32	30,547
543,52	31,544
543,72	30,505
543,91	31,381
544,11	30,744
544,31	30,851
544,50	32,542
544,70	33,145
544,89	33,169
545,09	32,857
545,29	32,691
545,48	32,189
545,68	29,514
545,88	33,351
546,07	32,545
546,27	34,169
546,47	35,243
546,66	35,611
546,86	34,528
547,06	34,559
547,25	36,591
547,45	38,250
547,64	36,909
547,84	38,053
548,04	38,030
548,23	39,894
548,43	38,745
548,63	39,818
548,82	37,999
549,02	37,033
549,21	37,832
549,41	39,121
549,61	40,362
549,80	39,567
550,00	39,493
550,20	36,984
550,39	39,201
550,59	37,422
550,78	38,622
550,98	36,148
551,18	41,705
551,37	38,861
551,57	38,915
551,76	37,614
551,96	40,468
552,16	39,721
552,35	41,087
552,55	39,587
552,74	39,542
552,94	41,439
553,14	40,047
553,33	39,292
553,53	39,247
553,72	40,000
553,92	42,007
554,12	39,798
554,31	39,914
554,51	41,019
554,70	37,254
554,90	40,730
555,09	43,485
555,29	44,238
555,49	41,857
555,68	41,763
555,88	40,815
556,07	40,937
556,27	44,132
556,46	37,311
556,66	38,872
556,86	44,409
557,05	40,438
557,25	38,559
557,44	40,671
557,64	40,004
557,83	40,355
558,03	41,715
558,22	39,837
558,42	41,378
558,62	42,865
558,81	41,574
559,01	40,743
559,20	43,519
559,40	39,740
559,59	39,208
559,79	40,017
559,98	42,638
560,18	40,183
560,37	42,452
560,57	43,329
560,76	38,963
560,96	38,056
561,16	43,780
561,35	40,428
561,55	44,426
561,74	40,854
561,94	40,415
562,13	41,022
562,33	42,688
562,52	41,498
562,72	39,482
562,91	40,161
563,11	42,525
563,30	44,509
563,50	40,931
563,69	41,844
563,89	41,073
564,08	42,787
564,28	40,193
564,47	41,391
564,67	41,336
564,86	42,249
565,06	41,261
565,25	41,926
565,45	41,497
565,64	41,347
565,84	41,154
566,03	41,122
566,23	42,534
566,42	42,300
566,62	41,249
566,81	43,028
567,01	41,434
567,20	42,929
567,40	38,136
567,59	41,022
567,79	43,768
567,98	45,801
568,18	42,748
568,37	42,055
568,57	41,817
568,76	43,247
568,96	40,610
569,15	40,341
569,35	42,375
569,54	44,868
569,73	43,788
569,93	41,375
570,12	41,830
570,32	43,095
570,51	42,202
570,71	42,847
570,90	43,849
571,10	40,537
571,29	39,690
571,49	39,652
571,68	40,783
571,87	42,030
572,07	41,715
572,26	39,554
572,46	42,438
572,65	41,865
572,85	39,496
573,04	41,529
573,24	42,718
573,43	45,261
573,62	41,666
573,82	42,217
574,01	42,985
574,21	41,308
574,40	40,878
574,60	39,657
574,79	44,587
574,98	40,319
575,18	40,591
575,37	39,686
575,57	41,963
575,76	42,272
575,96	41,585
576,15	41,513
576,34	40,196
576,54	43,102
576,73	42,205
576,93	41,821
577,12	40,811
577,31	41,406
577,51	41,131
577,70	40,949
577,90	42,368
578,09	40,927
578,28	39,550
578,48	41,026
578,67	43,118
578,87	41,162
579,06	40,928
579,25	41,758
579,45	41,554
579,64	41,057
579,84	40,460
580,03	39,732
580,22	41,322
580,42	40,288
580,61	41,272
580,81	40,267
581,00	41,813
581,19	41,333
581,39	40,621
581,58	40,141
581,77	40,122
581,97	42,480
582,16	39,741
582,35	40,801
582,55	40,354
582,74	42,530
582,94	40,380
583,13	39,576
583,32	41,037
583,52	40,787
583,71	40,330
583,90	41,217
584,10	40,627
584,29	41,328
584,48	38,615
584,68	41,710
584,87	40,479
585,06	40,259
585,26	38,919
585,45	38,518
585,65	41,503
585,84	40,470
586,03	38,693
586,23	39,383
586,42	39,333
586,61	40,648
586,81	40,148
587,00	39,036
587,19	39,302
587,39	41,566
587,58	39,537
587,77	39,027
587,97	39,701
588,16	38,874
588,35	40,588
588,54	40,203
588,74	39,332
588,93	43,022
589,12	39,479
589,32	39,471
589,51	40,706
589,70	38,549
589,90	40,396
590,09	38,588
590,28	41,545
590,48	38,532
590,67	39,983
590,86	39,720
591,06	40,121
591,25	40,312
591,44	40,777
591,63	38,662
591,83	41,894
592,02	39,437
592,21	39,629
592,41	39,940
592,60	39,781
592,79	39,759
592,98	39,071
593,18	39,690
593,37	40,153
593,56	41,814
593,76	41,045
593,95	37,661
594,14	38,602
594,33	42,650
594,53	39,475
594,72	39,098
594,91	43,231
595,10	40,411
595,30	39,965
595,49	40,600
595,68	42,204
595,88	41,794
596,07	41,046
596,26	40,724
596,45	41,977
596,65	40,399
596,84	38,762
597,03	41,209
597,22	42,098
597,42	42,824
597,61	42,242
597,80	39,813
597,99	40,957
598,19	40,707
598,38	40,967
598,57	40,194
598,76	40,635
598,95	43,534
599,15	42,595
599,34	40,867
599,53	41,145
599,72	40,719
599,92	41,852
600,11	40,792
600,30	42,481
600,49	42,966
600,69	39,068
600,88	41,637
601,07	41,221
601,26	40,453
601,45	40,241
601,65	40,626
601,84	39,840
602,03	41,320
602,22	41,102
602,42	40,633
602,61	39,856
602,80	41,777
602,99	40,382
603,18	37,996
603,38	42,050
603,57	41,432
603,76	39,021
603,95	40,060
604,14	41,400
604,34	40,685
604,53	40,261
604,72	41,204
604,91	41,569
605,10	40,939
605,29	41,913
605,49	39,053
605,68	41,735
605,87	42,860
606,06	39,924
606,25	38,992
606,45	41,700
606,64	41,306
606,83	40,258
607,02	39,652
607,21	40,909
607,40	41,179
607,60	37,406
607,79	37,226
607,98	36,607
608,17	38,553
608,36	37,512
608,55	38,567
608,75	36,832
608,94	37,356
609,13	34,312
609,32	33,189
609,51	35,085
609,70	35,140
609,89	34,988
610,09	33,930
610,28	35,606
610,47	33,606
610,66	33,017
610,85	32,607
611,04	36,951
611,23	33,207
611,43	34,205
611,62	32,449
611,81	33,610
612,00	33,243
612,19	31,702
612,38	34,203
612,57	35,411
612,77	34,944
612,96	35,202
613,15	35,335
613,34	37,379
613,53	37,445
613,72	37,565
613,91	36,231
614,10	35,707
614,29	37,832
614,49	35,714
614,68	35,379
614,87	36,427
615,06	39,424
615,25	35,446
615,44	40,069
615,63	37,847
615,82	37,663
616,01	35,916
616,21	37,559
616,40	39,527
616,59	39,805
616,78	37,047
616,97	37,993
617,16	38,746
617,35	38,721
617,54	39,107
617,73	40,235
617,92	37,788
618,11	39,312
618,31	37,533
618,50	39,136
618,69	36,863
618,88	37,940
619,07	35,950
619,26	36,471
619,45	36,315
619,64	37,499
619,83	37,748
620,02	34,784
620,21	39,378
620,40	39,309
620,59	36,655
620,78	35,369
620,97	37,676
621,17	39,324
621,36	36,772
621,55	35,853
621,74	38,409
621,93	36,795
622,12	38,309
622,31	38,501
622,50	39,559
622,69	40,191
622,88	37,318
623,07	39,450
623,26	38,364
623,45	39,540
623,64	38,145
623,83	37,454
624,02	39,085
624,21	39,882
624,40	37,989
624,59	35,913
624,78	38,073
624,97	39,375
625,16	36,798
625,35	36,488
625,54	37,316
625,73	37,247
625,92	38,007
626,12	39,370
626,31	40,140
626,50	38,541
626,69	38,325
626,88	36,865
627,07	37,409
627,26	38,452
627,45	37,490
627,64	38,251
627,83	39,196
628,02	36,876
628,21	36,825
628,40	37,437
628,59	39,172
628,78	38,138
628,97	36,039
629,16	35,951
629,35	36,076
629,54	39,240
629,73	37,116
629,92	37,446
630,10	37,802
630,29	37,726
630,48	36,921
630,67	37,853
630,86	38,251
631,05	36,686
631,24	37,871
631,43	34,685
631,62	37,102
631,81	38,206
632,00	37,538
632,19	36,593
632,38	37,666
632,57	34,481
632,76	36,778
632,95	37,947
633,14	38,358
633,33	39,081
633,52	37,508
633,71	37,508
633,90	36,808
634,09	39,041
634,28	36,187
634,47	36,955
634,66	37,570
634,85	38,518
635,04	39,118
635,22	37,414
635,41	37,983
635,60	38,198
635,79	39,257
635,98	37,370
636,17	38,811
636,36	36,557
636,55	36,799
636,74	37,349
636,93	39,512
637,12	38,820
637,31	37,649
637,50	36,581
637,69	38,615
637,87	39,349
638,06	37,854
638,25	36,748
638,44	38,318
638,63	35,877
638,82	37,218
639,01	38,410
639,20	37,700
639,39	39,083
639,58	36,395
639,77	38,789
639,95	37,800
640,14	38,813
640,33	36,062
640,52	37,090
640,71	38,512
640,90	35,961
641,09	40,963
641,28	37,453
641,47	39,305
641,66	37,807
641,84	37,628
642,03	37,548
642,22	35,854
642,41	39,555
642,60	37,909
642,79	36,803
642,98	39,762
643,17	36,168
643,35	35,935
643,54	38,001
643,73	37,277
643,92	38,964
644,11	36,657
644,30	36,925
644,49	40,648
644,67	37,706
644,86	35,704
645,05	39,202
645,24	37,058
645,43	38,593
645,62	37,412
645,81	38,365
645,99	40,093
646,18	38,032
646,37	36,100
646,56	36,770
646,75	39,118
646,94	37,643
647,13	36,610
647,31	35,880
647,50	37,981
647,69	38,736
647,88	38,660
648,07	38,541
648,26	41,475
648,44	37,782
648,63	36,679
648,82	37,543
649,01	39,460
649,20	36,207
649,38	36,979
649,57	37,339
649,76	34,996
649,95	37,698
650,14	35,593
650,33	36,385
650,51	37,936
650,70	39,390
650,89	37,267
651,08	35,839
651,27	36,794
651,45	36,548
651,64	34,874
651,83	38,848
652,02	36,531
652,21	39,316
652,39	37,994
652,58	38,355
652,77	38,698
652,96	38,938
653,15	38,329
653,33	38,703
653,52	39,347
653,71	39,488
653,90	39,444
654,09	39,629
654,27	38,301
654,46	41,044
654,65	39,216
654,84	38,525
655,02	40,022
655,21	40,649
655,40	41,071
655,59	39,726
655,77	40,167
655,96	38,537
656,15	39,556
656,34	39,660
656,53	38,989
656,71	39,041
656,90	39,783
657,09	39,010
657,28	39,790
657,46	37,274
657,65	38,324
657,84	38,856
658,03	39,375
658,21	39,215
658,40	36,712
658,59	37,767
658,78	38,402
658,96	37,764
659,15	37,407
659,34	37,859
659,52	37,034
659,71	38,371
659,90	37,212
660,09	36,194
660,27	36,855
660,46	40,470
660,65	38,520
660,84	35,999
661,02	36,572
661,21	37,905
661,40	37,563
661,58	36,936
661,77	37,338
661,96	34,970
662,15	36,534
662,33	35,723
662,52	37,024
662,71	37,927
662,89	34,789
663,08	36,475
663,27	37,105
663,45	38,474
663,64	36,575
663,83	34,416
664,02	35,706
664,20	38,271
664,39	35,032
664,58	36,822
664,76	35,120
664,95	38,480
665,14	35,924
665,32	36,554
665,51	36,574
665,70	39,237
665,88	37,547
666,07	38,340
666,26	37,214
666,44	37,061
666,63	37,462
666,82	35,631
667,00	38,277
667,19	35,984
667,38	35,898
667,56	37,210
667,75	37,773
667,94	37,644
668,12	34,986
668,31	37,905
668,50	38,296
668,68	37,594
668,87	36,873
669,06	37,338
669,24	38,913
669,43	36,107
669,62	36,178
669,80	36,060
669,99	37,126
670,18	37,819
670,36	35,042
670,55	36,465
670,74	37,833
670,92	35,836
671,11	38,338
671,29	36,175
671,48	36,067
671,67	36,425
671,85	37,159
672,04	36,446
672,23	35,287
672,41	37,235
672,60	35,798
672,78	35,280
672,97	37,352
673,16	36,844
673,34	36,565
673,53	36,365
673,71	37,625
673,90	38,643
674,09	36,650
674,27	35,396
674,46	36,162
674,64	36,969
674,83	37,390
675,02	34,250
675,20	36,019
675,39	36,304
675,57	36,233
675,76	35,210
675,95	38,836
676,13	37,841
676,32	36,051
676,50	36,831
676,69	33,770
676,88	35,670
677,06	37,631
677,25	36,523
677,43	38,767
677,62	38,452
677,80	36,261
677,99	35,335
678,18	37,184
678,36	37,138
678,55	35,124
678,73	35,069
678,92	37,036
679,10	37,209
679,29	37,404
679,48	35,471
679,66	35,225
679,85	35,116
680,03	35,924
680,22	35,541
680,40	36,111
680,59	35,892
680,77	36,010
680,96	37,373
681,15	36,774
681,33	38,100
681,52	35,792
681,70	36,100
681,89	39,168
682,07	38,633
682,26	36,274
682,44	37,332
682,63	36,715
682,81	36,382
683,00	37,801
683,18	35,448
683,37	38,123
683,55	36,072
683,74	37,311
683,92	40,953
684,11	35,683
684,29	37,027
684,48	35,329
684,67	35,385
684,85	36,938
685,04	37,963
685,22	37,607
685,41	36,038
685,59	36,998
685,78	35,298
685,96	35,136
686,15	36,097
686,33	35,604
686,52	36,717
686,70	36,224
686,89	37,188
687,07	37,268
687,26	37,052
687,44	36,515
687,62	35,672
687,81	35,772
687,99	36,431
688,18	36,496
688,36	37,489
688,55	36,912
688,73	36,985
688,92	34,916
689,10	36,263
689,29	38,078
689,47	38,173
689,66	35,558
689,84	36,072
690,03	39,019
690,21	37,570
690,40	36,906
690,58	36,016
690,76	36,197
690,95	35,962
691,13	35,875
691,32	36,943
691,50	36,101
691,69	37,898
691,87	35,570
692,06	35,485
692,24	34,928
692,43	36,262
692,61	35,891
692,79	36,424
692,98	35,541
693,16	37,722
693,35	35,857
693,53	37,155
693,72	37,356
693,90	36,945
694,08	35,045
694,27	35,003
694,45	39,100
694,64	39,102
694,82	35,931
695,01	35,026
695,19	35,282
695,37	35,506
695,56	35,146
695,74	36,433
695,93	38,404
696,11	35,334
696,29	37,714
696,48	36,974
696,66	37,958
696,85	37,070
697,03	33,923
697,21	37,722
697,40	36,188
697,58	36,939
697,77	34,454
697,95	37,532
698,13	37,122
698,32	35,530
698,50	34,982
698,69	34,292
698,87	37,623
699,05	36,690
699,24	35,530
699,42	36,371
699,60	33,785
699,79	36,739
699,97	36,337
700,16	33,474
700,34	36,625
700,52	37,522
700,71	34,902
700,89	34,770
701,07	37,262
701,26	37,574
701,44	33,586
701,63	35,942
701,81	37,607
701,99	37,316
702,18	34,012
702,36	35,761
702,54	37,015
702,73	37,124
702,91	35,964
703,09	36,716
703,28	35,363
703,46	36,072
703,64	35,203
703,83	36,692
704,01	36,435
704,19	35,328
704,38	34,987
704,56	35,209
704,74	37,065
704,93	35,484
705,11	36,877
705,29	36,543
705,48	38,427
705,66	35,790
705,84	34,841
706,03	33,726
706,21	35,435
706,39	34,954
706,58	35,450
706,76	33,841
706,94	39,324
707,12	36,738
707,31	35,213
707,49	35,041
707,67	35,640
707,86	37,470
708,04	35,669
708,22	35,638
708,41	36,778
708,59	37,180
708,77	35,370
708,95	35,782
709,14	37,973
709,32	34,822
709,50	34,481
709,69	35,230
709,87	36,476
710,05	33,949
710,23	34,959
710,42	35,055
710,60	35,900
710,78	37,568
710,97	34,342
711,15	36,382
711,33	36,298
711,51	34,723
711,70	34,103
711,88	34,601
712,06	36,221
712,24	36,532
712,43	35,294
712,61	34,815
712,79	36,542
712,97	35,395
713,16	35,985
713,34	34,345
713,52	36,134
713,70	34,802
713,89	35,387
714,07	34,330
714,25	34,941
714,43	37,786
714,62	35,842
714,80	34,964
714,98	33,759
715,16	34,775
715,35	33,860
715,53	34,965
715,71	36,263
715,89	37,966
716,07	35,088
716,26	37,298
716,44	35,343
716,62	36,720
716,80	35,797
716,99	35,774
717,17	37,330
717,35	36,373
717,53	34,874
717,71	33,410
717,90	37,223
718,08	36,026
718,26	33,360
718,44	35,709
718,62	36,534
718,81	35,980
718,99	34,939
719,17	35,582
719,35	36,260
719,53	34,437
719,72	34,868
719,90	36,187
720,08	35,809
720,26	37,014
720,44	33,192
720,62	36,029
720,81	38,230
720,99	37,995
721,17	35,041
721,35	35,269
721,53	36,631
721,72	36,753
721,90	37,023
722,08	34,756
722,26	37,307
722,44	35,678
722,62	33,974
722,81	33,852
722,99	37,032
723,17	34,720
723,35	36,185
723,53	35,368
723,71	37,483
723,89	36,807
724,08	31,647
724,26	35,125
724,44	35,658
724,62	36,575
724,80	35,081
724,98	35,813
725,16	40,041
725,35	35,378
725,53	34,060
725,71	36,172
725,89	35,729
726,07	37,470
726,25	37,605
726,43	35,130
726,61	37,910
726,80	35,844
726,98	35,650
727,16	35,359
727,34	36,538
727,52	36,181
727,70	34,829
727,88	35,060
728,06	33,481
728,25	35,459
728,43	35,142
728,61	34,007
728,79	36,026
728,97	36,363
729,15	33,566
729,33	38,014
729,51	38,527
729,69	38,000
729,87	36,317
730,06	35,844
730,24	36,197
730,42	37,549
730,60	36,650
730,78	36,191
730,96	35,763
731,14	36,514
731,32	35,887
731,50	34,640
731,68	35,846
731,86	36,911
732,04	37,336
732,22	36,316
732,41	37,901
732,59	36,602
732,77	37,393
732,95	38,520
733,13	36,945
733,31	36,544
733,49	34,193
733,67	36,427
733,85	34,161
734,03	36,374
734,21	35,679
734,39	37,824
734,57	37,236
734,75	37,162
734,93	34,757
735,11	36,930
735,29	33,067
735,47	37,208
735,65	36,092
735,84	36,167
736,02	34,816
736,20	39,189
736,38	37,383
736,56	35,521
736,74	34,536
736,92	35,723
737,10	35,234
737,28	36,558
737,46	37,342
737,64	35,676
737,82	35,752
738,00	37,329
738,18	38,189
738,36	37,457
738,54	36,348
738,72	33,844
738,90	37,140
739,08	36,438
739,26	33,442
739,44	35,067
739,62	36,122
739,80	36,644
739,98	35,285
740,16	34,644
740,34	36,040
740,52	38,457
740,70	34,992
740,88	34,519
741,06	37,011
741,24	36,583
741,42	37,155
741,60	32,921
741,78	37,615
741,96	35,541
742,14	34,599
742,32	34,387
742,50	36,027
742,68	36,307
742,86	34,618
743,04	34,320
743,21	37,157
743,39	36,235
743,57	36,005
743,75	34,823
743,93	33,698
744,11	33,048
744,29	34,722
744,47	34,955
744,65	36,027
744,83	34,241
745,01	34,210
745,19	36,319
745,37	38,322
745,55	36,722
745,73	36,700
745,91	34,766
746,09	36,441
746,27	36,368
746,45	32,407
746,62	33,788
746,80	35,046
746,98	36,503
747,16	35,432
747,34	33,380
747,52	35,354
747,70	38,042
747,88	35,419
748,06	33,651
748,24	37,523
748,42	35,525
748,60	35,203
748,78	35,086
748,95	36,979
749,13	38,921
749,31	34,881
749,49	35,817
749,67	35,135
749,85	37,929
750,03	35,862
750,21	34,745
750,39	34,377
750,57	36,133
750,74	35,815
750,92	34,279
751,10	37,175
751,28	33,472
751,46	36,678
751,64	35,182
751,82	37,278
752,00	35,720
752,17	35,485
752,35	32,818
752,53	37,251
752,71	36,267
752,89	36,047
753,07	35,690
753,25	36,262
753,43	34,723
753,60	38,305
753,78	35,144
753,96	37,192
754,14	35,440
754,32	37,261
754,50	37,345
754,68	37,617
754,85	38,429
755,03	37,369
755,21	36,975
755,39	37,805
755,57	36,301
755,75	35,765
755,92	34,277
756,10	35,924
756,28	39,013
756,46	34,006
756,64	36,241
756,82	35,931
756,99	35,553
757,17	34,742
757,35	34,300
757,53	38,027
757,71	37,322
757,89	35,360
758,06	35,406
758,24	36,639
758,42	35,320
758,60	34,341
758,78	35,847
758,95	36,820
759,13	36,369
759,31	35,897
759,49	35,110
759,67	35,590
759,84	35,600
760,02	34,625
760,20	35,502
760,38	36,792
760,56	34,965
760,73	38,052
760,91	35,753
761,09	38,705
761,27	36,629
761,45	35,278
761,62	35,545
761,80	36,109
761,98	36,606
762,16	36,723
762,33	34,967
762,51	36,467
762,69	37,314
762,87	36,055
763,05	35,128
763,22	34,272
763,40	35,024
763,58	35,041
763,76	35,854
763,93	37,038
764,11	38,394
764,29	35,646
764,47	35,734
764,64	37,798
764,82	39,792
765,00	36,475
765,18	33,737
765,35	36,661
765,53	36,635
765,71	35,724
765,89	35,557
766,06	35,272
766,24	37,331
766,42	34,376
766,60	33,629
766,77	34,771
766,95	34,024
767,13	36,197
767,30	35,722
767,48	34,971
767,66	35,340
767,84	34,639
768,01	35,191
768,19	35,755
768,37	37,705
768,54	34,877
768,72	35,977
768,90	35,025
769,08	36,536
769,25	35,020
769,43	35,599
769,61	33,999
769,78	37,266
769,96	36,603
770,14	36,005
770,31	38,879
770,49	37,162
770,67	35,980
770,85	34,118
771,02	37,382
771,20	34,755
771,38	35,140
771,55	35,749
771,73	35,659
771,91	34,934
772,08	38,251
772,26	34,126
772,44	35,840
772,61	34,439
772,79	37,329
772,97	36,379
773,14	34,017
773,32	37,189
773,50	35,376
773,67	34,112
773,85	37,501
774,03	35,641
774,20	34,478
774,38	35,964
774,56	32,730
774,73	33,136
774,91	34,352
775,09	35,673
775,26	38,214
775,44	35,430
775,61	36,773
775,79	35,273
775,97	38,276
776,14	35,930
776,32	35,632
776,50	35,448
776,67	34,990
776,85	36,535
777,03	35,613
777,20	35,541
777,38	36,410
777,55	36,228
777,73	32,190
777,91	33,806
778,08	37,854
778,26	36,415
778,43	36,938
778,61	32,012
778,79	33,851
778,96	35,764
779,14	35,130
779,32	35,647
779,49	37,100
779,67	37,254
779,84	36,522
780,02	35,937
780,20	32,243
780,37	36,044
780,55	29,601
780,72	37,034
780,90	38,632
781,07	36,761
781,25	36,798
781,43	34,944
781,60	36,484
781,78	35,888
781,95	37,741
782,13	35,625
782,30	38,372
782,48	36,644
782,66	35,657
782,83	36,033
783,01	41,238
783,18	37,528
783,36	37,752
783,53	39,070
783,71	35,888
783,89	36,457
784,06	35,915
784,24	35,288
784,41	38,556
784,59	34,792
784,76	37,752
784,94	33,880
785,11	36,800
785,29	35,534
785,46	35,157
785,64	36,728
785,82	37,274
785,99	36,535
786,17	38,564
786,34	37,669
786,52	38,448
786,69	38,824
786,87	36,120
787,04	34,926
787,22	34,116
787,39	38,786
787,57	37,179
787,74	37,770
787,92	39,763
788,09	37,916
788,27	35,206
788,44	35,835
788,62	39,592
788,79	34,753
788,97	36,962
789,14	34,817
789,32	34,495
789,49	38,466
789,67	35,166
789,84	32,147
790,02	36,404
790,19	34,099
790,37	34,018
790,54	37,551
790,72	39,109
790,89	38,503
791,07	37,213
791,24	33,231
791,42	38,380
791,59	40,655
791,77	37,613
791,94	34,915
792,12	36,669
792,29	40,098
792,47	37,409
792,64	39,321
792,81	39,627
792,99	36,071
793,16	35,660
793,34	36,154
793,51	36,536
793,69	37,757
793,86	35,555
794,04	36,106
794,21	38,693
794,39	34,569
794,56	35,663
794,73	36,583
794,91	42,587
795,08	36,816
795,26	37,580
795,43	34,481
795,61	37,115
795,78	38,629
795,95	38,560
796,13	37,330
796,30	39,178
796,48	35,050
796,65	35,430
796,83	39,188
797,00	40,927
797,17	34,208
797,35	35,697
797,52	37,855
797,70	40,524
797,87	39,362
798,04	34,249
798,22	36,143
798,39	36,706
798,57	39,363
798,74	38,368
798,91	35,950
799,09	36,925
799,26	41,169
799,44	36,709
799,61	37,576
799,78	39,739
799,96	38,585
800,13	36,966
800,31	36,895
800,48	40,098
800,65	38,596
800,83	36,056
801,00	37,682
801,17	38,384
801,35	35,517
801,52	36,390
801,70	37,979
801,87	36,014
802,04	40,713
802,22	35,598
802,39	37,286
802,56	39,578
802,74	38,906
802,91	35,564
803,08	34,641
803,26	38,179
803,43	38,339
803,61	34,299
803,78	35,758
803,95	36,927
804,13	42,149
804,30	36,906
804,47	40,424
804,65	40,196
804,82	39,131
804,99	37,470
805,17	36,841
805,34	41,348
805,51	44,041
805,69	33,468
805,86	33,099
806,03	43,176
806,21	39,398
806,38	38,352
806,55	41,697
806,72	45,260
806,90	40,825
807,07	37,762
807,24	39,432
807,42	36,081
807,59	39,721
807,76	31,438
807,94	33,818
808,11	45,093
808,28	43,868
808,45	37,934
808,63	37,455
808,80	39,993
808,97	37,242
809,15	35,667
809,32	40,668
809,49	36,725
809,67	35,070
809,84	39,993
810,01	37,484
810,18	45,557
810,36	41,444
810,53	40,740
810,70	36,955
810,87	38,925
811,05	37,260
811,22	39,590
811,39	38,493
811,57	40,365
811,74	40,617
811,91	36,607
812,08	37,034
812,26	38,699
812,43	37,280
812,60	38,691
812,77	39,733
812,95	39,245
813,12	40,702
813,29	37,304
813,46	40,521
813,64	40,023
813,81	41,641
813,98	38,263
814,15	40,126
814,32	43,139
814,50	43,535
814,67	42,603
814,84	37,757
815,01	39,627
815,19	31,402
815,36	34,020
815,53	37,272
815,70	37,304
815,87	36,250
816,05	35,041
816,22	41,744
816,39	36,202
816,56	40,692
816,74	37,352
816,91	40,359
817,08	40,424
817,25	41,194
817,42	40,727
817,60	39,826
817,77	39,468
817,94	40,024
818,11	40,609
818,28	37,857
818,45	34,960
818,63	39,527
818,80	39,983
818,97	40,298
819,14	43,796
819,31	45,144
819,49	43,774
819,66	34,513
819,83	39,596
820,00	40,849
820,17	38,779
820,34	44,168
820,52	47,139
820,69	41,460
820,86	34,214
821,03	39,788
821,20	44,103
821,37	44,292
821,55	32,116
821,72	36,705
821,89	40,496
822,06	44,441
822,23	35,141
822,40	38,730
822,57	37,632
822,75	45,323
822,92	38,809
823,09	37,478
823,26	43,526
823,43	49,899
823,60	37,210
823,77	36,325
823,94	44,687
824,12	46,584
824,29	39,257
824,46	37,898
824,63	44,871
824,80	43,896
824,97	41,308
825,14	40,787
825,31	45,191
825,49	40,774
825,66	40,513
825,83	35,847
826,00	40,135
826,17	47,113
826,34	42,918
826,51	37,728
826,68	39,851
826,85	39,387
827,02	36,552
827,20	37,655
827,37	36,282
827,54	40,623
827,71	39,286
827,88	45,111
828,05	43,949
828,22	40,204
828,39	47,746
828,56	42,795
828,73	40,519
828,90	46,184
829,07	35,629
829,25	45,065
829,42	42,783
829,59	40,316
829,76	34,156
829,93	41,231
830,10	44,452
830,27	40,925
830,44	41,247
830,61	41,076
830,78	47,818
830,95	39,742
831,12	36,282
831,29	36,739
831,46	39,260
831,63	43,320
831,80	42,077
831,97	34,289
832,14	52,750
832,31	57,263
832,48	40,255
832,65	45,514
832,83	47,648
833,00	43,626
833,17	39,131
833,34	43,190
833,51	46,517
833,68	43,628
833,85	48,104
834,02	41,864
834,19	39,576
834,36	43,854
834,53	35,692
834,70	40,012
834,87	50,330
835,04	42,138
835,21	45,730
835,38	34,015
835,55	39,986
835,72	56,289
835,89	41,190
836,06	44,688
836,23	49,584
836,40	36,218
836,57	39,026
836,74	48,113
836,91	43,716
837,08	53,308
837,25	44,377
837,42	37,420
837,59	36,411
837,76	45,026
837,93	45,078
838,09	39,321
838,26	49,235
838,43	51,344
838,60	44,868
838,77	43,580
838,94	48,781
839,11	47,091
839,28	38,836
839,45	40,277
839,62	42,131
839,79	44,850
839,96	41,762
840,13	51,752
840,30	45,358
840,47	28,986
840,64	37,641
840,81	47,809
840,98	38,080
841,15	50,951
841,32	37,614
841,48	54,248
841,65	42,556
841,82	43,856
841,99	43,806
842,16	34,053
842,33	52,457
842,50	48,955
842,67	39,661
842,84	41,651
843,01	56,928
843,18	41,766
843,35	48,873
843,52	38,406
843,68	48,007
843,85	48,552
844,02	43,190
844,19	39,246
844,36	62,848
844,53	44,395
844,70	45,348
844,87	51,385
845,04	42,215
845,21	40,598
845,37	50,846
845,54	40,369
845,71	44,129
845,88	61,410
846,05	35,604
846,22	31,281
846,39	40,787
846,56	55,624
846,72	29,789
846,89	45,240
847,06	58,146
847,23	46,820
847,40	35,234
847,57	33,818
847,74	40,352
847,90	54,791
848,07	43,925
848,24	45,529
848,41	53,194
848,58	66,174
848,75	40,036
848,92	45,480
849,08	47,979
849,25	39,634
849,42	37,352
849,59	42,756
849,76	38,774
849,93	45,329
850,09	44,808
850,26	33,698
850,43	59,420
850,60	41,446
850,77	40,019
850,94	44,848
851,10	51,760
851,27	44,733
851,44	52,419
851,61	39,477
851,78	64,460
851,95	50,767
852,11	29,500
852,28	44,791
852,45	50,499
852,62	43,545
852,79	39,960
852,95	45,058
853,12	58,186
853,29	44,829
853,46	43,086
853,63	49,583
853,79	48,155
853,96	44,339
854,13	52,741
854,30	34,835
854,46	59,398
854,63	42,821
854,80	45,608
854,97	37,882
855,14	65,446
855,30	47,128
855,47	48,536
855,64	48,854
855,81	45,659
855,97	53,995
856,14	55,367
856,31	34,520
856,48	64,686
856,65	62,986
856,81	36,781
856,98	35,930
857,15	32,579
857,32	50,827
857,48	40,444
857,65	62,131
857,82	62,934
857,99	58,129
858,15	52,807
858,32	47,160
858,49	43,055
858,65	74,831
858,82	55,298
858,99	41,628
859,16	53,719
859,32	56,151
859,49	41,612
859,66	60,443
859,83	46,693
859,99	48,667
860,16	50,587
860,33	36,249
860,49	51,360
860,66	54,106
860,83	60,356
861,00	40,703
861,16	61,476
861,33	56,797
861,50	42,777
861,66	55,545
861,83	70,892
862,00	58,320
862,16	51,976
862,33	45,622
862,50	72,808
862,67	46,898
862,83	55,435
863,00	55,236
863,17	60,764
863,33	53,923
863,50	10,199
863,67	48,953
863,83	60,975
864,00	58,805
864,17	39,140
864,33	46,080
864,50	61,774
864,67	50,203
864,83	43,490
865,00	28,048
865,17	32,023
865,33	65,961
865,50	32,891
865,67	35,443
865,83	59,971
866,00	92,481
866,17	49,696
866,33	60,876
866,50	91,896
866,66	54,545
866,83	62,229
867,00	74,619
867,16	75,441
867,33	83,105
867,50	19,812
867,66	33,360
867,83	55,447
868,00	66,934
868,16	42,152
868,33	33,966
868,49	50,965
868,66	84,484
868,83	48,437
868,99	54,794
869,16	78,541
869,32	68,095
869,49	48,382
869,66	39,251
869,82	77,582
869,99	68,814
870,15	44,665
870,32	74,578
870,49	86,711
870,65	104,472
870,82	74,526
870,98	53,661
871,15	65,766
871,32	53,207
871,48	17,427
871,65	41,555
871,81	68,866
871,98	35,999
872,15	38,945
872,31	29,710
872,48	100,877
872,64	69,772
872,81	30,021
872,97	55,343
873,14	67,345
873,31	90,991
873,47	77,356
873,64	59,092
873,80	104,562
873,97	112,800
874,13	28,305
874,30	38,450
874,46	75,367
874,63	52,241
874,80	49,395
874,96	42,163
875,13	92,858
875,29	44,604
875,46	58,278
875,62	16,367
875,79	95,517
875,95	80,140
876,12	46,142
876,28	17,902
876,45	110,083
876,61	52,959
876,78	49,505
876,94	45,795
877,11	56,810
877,27	91,276
877,44	70,019
877,60	71,115
877,77	99,952
877,94	115,671
878,10	52,419
878,27	64,966
878,43	139,781
878,60	51,907
878,76	78,568
878,93	53,835
879,09	93,742
879,26	108,102
879,42	61,835
879,58	70,523
879,75	102,612
879,91	142,824
880,08	6,290
880,24	67,015
880,41	74,346
880,57	110,310
880,74	56,419
880,90	41,596
881,07	62,982
881,23	162,053
881,40	55,908
881,56	62,573
881,73	127,208
881,89	51,746
882,06	-44,637
882,22	124,761
882,38	145,458
882,55	144,092
882,71	83,524
882,88	42,161
883,04	226,270
883,21	181,853
883,37	64,850
883,54	67,828
883,70	146,784
883,86	66,880
884,03	88,341
884,19	51,458
884,36	73,984
884,52	172,761
884,69	57,213
884,85	38,769
885,01	180,598
885,18	105,440
885,34	33,504
885,51	-4,812
885,67	107,201
>>>>> Data<<<<< Espectral Procesado Extremo
