Fichero De Datos De SpectraSuite
++++++++++++++++++++++++++++++++++++
Fecha: Wed Apr 22 11:50:33 CEST 2009
Usuario: evoflor
Presente Oscuro Del Espectro: Sí
La Referencia de Presente Del Espectro De: Sí
Muestreados de los componentes de Número de espectros: 1
Espectrómetros: USB4F02353
Tiempo de integración (usec): 500000 (USB4F02353)
Promedio de Espectros Hechos un: 5 (USB4F02353)
El Alisar Del Furgón: 0 (USB4F02353)
Párrafo de de Corregir del la del del de Eléctrica del obscuridad: Sí (USB4F02353)
Estrobo/Lámpara Permitido: No (USB4F02353)
Correct for Detector Non-linearity: No (USB4F02353)
Párrafo de de Corregir del la del del de Externa del luz: No (USB4F02353)
Procesado del espectro de Número de pixeles en: 3648
>>>>> Comienza Data<<<<< Espectral Procesado Del EL
177,79	181,536
178,00	181,536
178,22	181,536
178,44	781,923
178,66	-255,584
178,88	143,827
179,09	138,106
179,31	45,296
179,53	465,155
179,75	289,895
179,96	542,629
180,18	-91,215
180,40	317,978
180,62	513,117
180,83	-182,459
181,05	-1162,744
181,27	-115145,000
181,49	-35,098
181,70	318,250
181,92	904,289
182,14	533,870
182,36	17,314
182,58	117,550
182,79	976,094
183,01	-88,249
183,23	173,509
183,45	-348,754
183,66	52,013
183,88	645,559
184,10	-2093,545
184,32	322,884
184,53	214,516
184,75	-217,254
184,97	55,999
185,18	-314,558
185,40	-743,966
185,62	145,046
185,84	276,954
186,05	297,528
186,27	-45,432
186,49	5051,731
186,71	180,199
186,92	101,143
187,14	-342,284
187,36	78,592
187,58	115,449
187,79	-127,120
188,01	208,570
188,23	-309,219
188,45	-27,404
188,66	405,558
188,88	-2780,818
189,10	-1646,450
189,31	-16,800
189,53	27,819
189,75	214,648
189,97	480,942
190,18	107,918
190,40	645,559
190,62	-276,436
190,83	-246,780
191,05	64,300
191,27	241,557
191,49	391,943
191,70	-306,947
191,92	-495,297
192,14	-84,676
192,35	513,117
192,57	2698,429
192,79	28,790
193,01	219,091
193,22	121,304
193,44	-217,995
193,66	90,157
193,87	36,499
194,09	53,923
194,31	160,763
194,53	226,189
194,74	82,653
194,96	151,848
195,18	179,960
195,39	-199,327
195,61	-79,216
195,83	-281,620
196,04	115,609
196,26	-130,879
196,48	-11,153
196,70	225,338
196,91	23,670
197,13	52,266
197,35	-7,681
197,56	766,084
197,78	1416,754
198,00	-94,790
198,21	379,830
198,43	-371,192
198,65	109,618
198,86	388,291
199,08	327,361
199,30	60,010
199,51	-292,980
199,73	320,892
199,95	244,913
200,16	494,788
200,38	225,932
200,60	49,993
200,81	423,865
201,03	141,698
201,25	-1763,450
201,46	140,434
201,68	61,023
201,90	735,114
202,11	-528,798
202,33	302,056
202,55	303,062
202,76	-35,978
202,98	282,038
203,20	-151,178
203,41	-288,658
203,63	177,802
203,85	-128645,000
204,06	183,631
204,28	10,976
204,50	186,971
204,71	300,433
204,93	-137,240
205,15	-100,467
205,36	-268,346
205,58	191,641
205,80	-139,973
206,01	71,770
206,23	108,047
206,45	276,074
206,66	177,879
206,88	101,437
207,10	53,057
207,31	243,106
207,53	220,986
207,75	1,011
207,96	919,739
208,18	-98,200
208,39	63,928
208,61	5809,857
208,83	-441,835
209,04	215,728
209,26	0,253
209,48	250,388
209,69	333,782
209,91	559,274
210,13	51,331
210,34	89,213
210,56	178,567
210,77	-1197,205
210,99	55,357
211,21	5396,765
211,42	-24,883
211,64	3,605
211,86	220,859
212,07	306,857
212,29	219,986
212,50	118,645
212,72	373,635
212,94	152,842
213,15	213,870
213,37	136,580
213,58	-97,661
213,80	-1219,464
214,02	13602,647
214,23	367,783
214,45	286,049
214,67	-1140,793
214,88	51,527
215,10	-296,206
215,31	-133,745
215,53	79,648
215,75	192,426
215,96	1419,534
216,18	-127,535
216,39	205,209
216,61	555,993
216,83	510,022
217,04	1374,663
217,26	55,073
217,47	143,956
217,69	306,279
217,91	123,080
218,12	-118745,000
218,34	103,148
218,55	489,244
218,77	95,369
218,99	55,857
219,20	-217,707
219,42	336,044
219,63	13,550
219,85	-87,302
220,06	-20,981
220,28	160,269
220,50	73,887
220,71	103,485
220,93	4855,566
221,14	-1988,450
221,36	-6,778
221,58	-27,718
221,79	130,617
222,01	907,284
222,22	591,743
222,44	-142,191
222,65	164,195
222,87	-0,385
223,09	153,484
223,30	102,385
223,52	156,239
223,73	194,091
223,95	16,401
224,16	229,990
224,38	108,637
224,60	77,640
224,81	181,543
225,03	102,032
225,24	213,389
225,46	129,975
225,67	50,346
225,89	65,897
226,10	590,798
226,32	438,760
226,54	66,186
226,75	153,721
226,97	121,703
227,18	115,114
227,40	77,949
227,61	79,573
227,83	50,864
228,04	91,822
228,26	78,892
228,47	59,617
228,69	138,144
228,91	145,626
229,12	72,916
229,34	49,388
229,55	58,916
229,77	45,798
229,98	19,398
230,20	68,399
230,41	23,193
230,63	46,311
230,84	72,430
231,06	37,342
231,27	17,632
231,49	46,009
231,71	22,794
231,92	14,717
232,14	21,135
232,35	79,476
232,57	83,402
232,78	25,961
233,00	43,678
233,21	51,266
233,43	9,078
233,64	30,667
233,86	52,104
234,07	27,634
234,29	22,729
234,50	14,709
234,72	40,582
234,93	13,543
235,15	28,980
235,36	15,887
235,58	27,783
235,79	38,004
236,01	21,923
236,22	11,654
236,44	43,557
236,65	13,599
236,87	9,367
237,08	13,279
237,30	-0,365
237,51	32,428
237,73	3,271
237,94	17,751
238,16	17,285
238,37	6,912
238,59	18,409
238,80	11,346
239,02	-2,496
239,23	21,528
239,45	-2,572
239,66	20,859
239,88	20,478
240,09	22,943
240,31	-4,063
240,52	8,328
240,74	9,616
240,95	13,489
241,17	12,004
241,38	5,588
241,60	9,008
241,81	19,962
242,03	11,302
242,24	14,811
242,46	19,923
242,67	6,354
242,89	6,734
243,10	18,938
243,32	21,905
243,53	17,545
243,75	7,858
243,96	10,769
244,18	15,717
244,39	8,507
244,60	11,621
244,82	3,821
245,03	19,621
245,25	12,830
245,46	21,969
245,68	8,728
245,89	13,052
246,11	17,727
246,32	15,106
246,54	5,089
246,75	10,771
246,97	8,944
247,18	14,637
247,39	11,873
247,61	6,941
247,82	7,584
248,04	8,914
248,25	4,168
248,47	15,147
248,68	14,986
248,90	4,631
249,11	6,491
249,33	18,086
249,54	7,698
249,75	9,281
249,97	2,971
250,18	10,399
250,40	16,258
250,61	-6,343
250,83	5,194
251,04	-0,119
251,25	8,067
251,47	3,015
251,68	8,383
251,90	10,973
252,11	15,898
252,33	5,585
252,54	7,812
252,76	10,735
252,97	2,331
253,18	0,580
253,40	6,827
253,61	1,470
253,83	15,311
254,04	8,986
254,25	5,696
254,47	3,688
254,68	7,147
254,90	7,543
255,11	10,724
255,33	10,180
255,54	5,441
255,75	6,888
255,97	9,209
256,18	2,287
256,40	6,624
256,61	6,264
256,82	3,985
257,04	15,131
257,25	3,802
257,47	6,047
257,68	5,422
257,89	7,162
258,11	12,554
258,32	6,018
258,54	4,815
258,75	9,096
258,96	10,780
259,18	7,618
259,39	3,090
259,61	8,724
259,82	1,123
260,03	10,145
260,25	7,404
260,46	4,478
260,68	3,417
260,89	2,598
261,10	5,342
261,32	7,216
261,53	8,039
261,75	10,905
261,96	0,663
262,17	14,095
262,39	11,448
262,60	3,496
262,81	4,109
263,03	8,043
263,24	4,244
263,46	0,449
263,67	4,550
263,88	4,493
264,10	11,678
264,31	3,440
264,52	5,221
264,74	11,338
264,95	3,450
265,17	6,201
265,38	4,849
265,59	9,852
265,81	6,303
266,02	1,431
266,23	3,028
266,45	6,433
266,66	9,034
266,87	10,346
267,09	1,867
267,30	13,347
267,52	10,078
267,73	1,208
267,94	10,147
268,16	9,588
268,37	6,262
268,58	4,413
268,80	8,215
269,01	6,425
269,22	8,813
269,44	8,180
269,65	7,814
269,86	-4,793
270,08	6,507
270,29	2,761
270,50	7,796
270,72	9,756
270,93	4,686
271,14	2,080
271,36	6,821
271,57	9,689
271,78	9,957
272,00	8,580
272,21	8,722
272,42	6,498
272,64	9,618
272,85	1,134
273,06	5,745
273,28	4,577
273,49	6,636
273,70	7,087
273,92	9,313
274,13	9,539
274,34	5,446
274,56	6,379
274,77	1,813
274,98	7,243
275,20	6,166
275,41	6,876
275,62	5,977
275,84	5,402
276,05	7,121
276,26	4,794
276,47	2,155
276,69	12,242
276,90	8,266
277,11	5,842
277,33	5,860
277,54	5,672
277,75	7,659
277,97	6,139
278,18	4,752
278,39	9,415
278,61	2,966
278,82	6,408
279,03	5,331
279,24	6,419
279,46	7,545
279,67	7,249
279,88	7,131
280,10	7,266
280,31	1,779
280,52	6,225
280,73	2,997
280,95	9,449
281,16	7,527
281,37	7,086
281,59	7,658
281,80	12,269
282,01	6,127
282,22	3,923
282,44	3,163
282,65	12,376
282,86	10,938
283,08	6,022
283,29	6,572
283,50	6,234
283,71	7,089
283,93	6,350
284,14	9,047
284,35	3,686
284,56	7,494
284,78	1,802
284,99	6,758
285,20	6,375
285,42	7,899
285,63	7,576
285,84	-0,125
286,05	5,566
286,27	7,237
286,48	4,400
286,69	4,208
286,90	5,315
287,12	6,679
287,33	4,271
287,54	3,989
287,75	9,030
287,97	8,179
288,18	5,733
288,39	2,951
288,60	5,209
288,82	4,735
289,03	6,132
289,24	7,598
289,45	11,064
289,67	8,686
289,88	2,100
290,09	5,809
290,30	6,635
290,52	7,880
290,73	5,974
290,94	3,186
291,15	4,631
291,37	8,045
291,58	5,500
291,79	7,338
292,00	7,912
292,21	6,677
292,43	3,565
292,64	4,671
292,85	5,569
293,06	7,113
293,28	1,970
293,49	1,503
293,70	9,793
293,91	5,917
294,12	6,352
294,34	5,406
294,55	6,182
294,76	5,053
294,97	8,240
295,19	3,273
295,40	3,440
295,61	5,850
295,82	2,241
296,03	6,555
296,25	7,783
296,46	3,807
296,67	1,586
296,88	0,530
297,09	9,974
297,31	7,314
297,52	5,830
297,73	1,741
297,94	9,248
298,15	6,659
298,37	4,992
298,58	9,363
298,79	8,386
299,00	4,082
299,21	3,706
299,43	3,937
299,64	11,202
299,85	6,391
300,06	4,055
300,27	3,293
300,49	8,464
300,70	5,978
300,91	5,097
301,12	5,293
301,33	7,715
301,54	7,966
301,76	6,418
301,97	3,588
302,18	4,277
302,39	9,547
302,60	16,011
302,82	3,584
303,03	9,177
303,24	6,088
303,45	6,104
303,66	3,790
303,87	4,001
304,09	8,274
304,30	5,855
304,51	4,873
304,72	4,061
304,93	7,209
305,14	5,099
305,36	2,999
305,57	5,871
305,78	6,421
305,99	5,592
306,20	7,511
306,41	3,025
306,62	4,800
306,84	4,917
307,05	1,834
307,26	6,178
307,47	10,703
307,68	6,097
307,89	3,808
308,11	7,011
308,32	3,129
308,53	7,109
308,74	4,159
308,95	5,626
309,16	5,300
309,37	8,709
309,59	3,520
309,80	6,481
310,01	7,572
310,22	4,910
310,43	6,691
310,64	7,471
310,85	5,278
311,06	5,562
311,28	6,543
311,49	6,341
311,70	8,147
311,91	4,735
312,12	5,305
312,33	6,930
312,54	6,560
312,75	4,826
312,97	3,362
313,18	8,374
313,39	4,088
313,60	5,707
313,81	6,906
314,02	6,261
314,23	8,005
314,44	3,926
314,65	5,365
314,87	3,359
315,08	7,346
315,29	7,499
315,50	4,622
315,71	8,778
315,92	10,829
316,13	8,034
316,34	6,517
316,55	6,646
316,77	5,069
316,98	5,516
317,19	3,865
317,40	7,341
317,61	9,959
317,82	6,349
318,03	4,409
318,24	5,810
318,45	8,592
318,66	5,442
318,87	2,246
319,09	5,553
319,30	7,019
319,51	7,740
319,72	5,967
319,93	7,505
320,14	8,712
320,35	6,330
320,56	5,510
320,77	5,892
320,98	11,192
321,19	4,656
321,40	6,415
321,62	6,971
321,83	4,389
322,04	6,278
322,25	5,260
322,46	10,863
322,67	10,306
322,88	7,969
323,09	6,414
323,30	6,690
323,51	7,427
323,72	9,628
323,93	4,130
324,14	4,369
324,35	3,217
324,56	3,386
324,77	4,354
324,99	5,852
325,20	0,656
325,41	6,430
325,62	5,781
325,83	4,045
326,04	5,326
326,25	7,489
326,46	3,711
326,67	5,179
326,88	6,995
327,09	4,885
327,30	3,277
327,51	5,222
327,72	7,162
327,93	7,740
328,14	2,468
328,35	5,743
328,56	6,252
328,77	5,100
328,98	6,283
329,19	8,443
329,40	10,027
329,61	7,284
329,82	4,697
330,04	5,481
330,25	5,754
330,46	6,086
330,67	3,362
330,88	6,469
331,09	4,208
331,30	6,152
331,51	5,398
331,72	6,299
331,93	8,864
332,14	4,164
332,35	7,934
332,56	8,010
332,77	5,968
332,98	2,441
333,19	4,939
333,40	7,402
333,61	4,734
333,82	6,724
334,03	6,751
334,24	8,166
334,45	5,146
334,66	6,313
334,87	6,176
335,08	3,841
335,29	5,882
335,50	4,604
335,71	4,875
335,92	6,136
336,13	7,173
336,34	3,784
336,55	5,274
336,76	9,020
336,97	3,644
337,18	5,298
337,39	6,059
337,60	3,854
337,81	7,275
338,02	3,750
338,23	4,573
338,44	5,933
338,65	6,820
338,86	3,536
339,07	5,029
339,28	7,909
339,49	10,538
339,70	5,315
339,91	5,063
340,11	7,278
340,32	4,693
340,53	5,224
340,74	4,036
340,95	3,906
341,16	6,602
341,37	6,029
341,58	4,538
341,79	4,640
342,00	4,939
342,21	6,922
342,42	6,774
342,63	5,748
342,84	0,876
343,05	4,608
343,26	7,149
343,47	6,915
343,68	2,452
343,89	5,234
344,10	6,810
344,31	8,070
344,52	6,043
344,73	4,793
344,94	5,408
345,14	4,051
345,35	5,118
345,56	5,855
345,77	3,814
345,98	5,924
346,19	6,208
346,40	5,813
346,61	6,630
346,82	6,954
347,03	6,333
347,24	6,560
347,45	4,255
347,66	8,748
347,87	3,746
348,08	7,329
348,28	2,422
348,49	5,596
348,70	7,185
348,91	7,152
349,12	4,847
349,33	19,295
349,54	5,018
349,75	6,125
349,96	4,532
350,17	5,859
350,38	3,418
350,59	5,647
350,80	7,548
351,00	9,129
351,21	8,836
351,42	6,760
351,63	2,421
351,84	8,627
352,05	9,682
352,26	7,620
352,47	4,290
352,68	6,891
352,89	7,592
353,09	8,849
353,30	1,232
353,51	4,372
353,72	8,337
353,93	8,970
354,14	2,155
354,35	6,549
354,56	5,747
354,77	6,162
354,98	1,553
355,18	5,817
355,39	9,406
355,60	3,549
355,81	5,777
356,02	6,226
356,23	7,530
356,44	4,406
356,65	4,873
356,85	11,373
357,06	6,580
357,27	7,904
357,48	4,196
357,69	8,663
357,90	5,399
358,11	2,378
358,32	3,936
358,52	6,456
358,73	5,050
358,94	1,883
359,15	4,060
359,36	6,074
359,57	5,854
359,78	7,028
359,98	4,952
360,19	3,372
360,40	4,757
360,61	9,225
360,82	4,343
361,03	8,393
361,24	10,883
361,44	2,479
361,65	5,811
361,86	5,740
362,07	5,470
362,28	5,625
362,49	6,296
362,70	6,337
362,90	6,385
363,11	5,041
363,32	3,080
363,53	5,922
363,74	9,765
363,95	9,413
364,15	4,683
364,36	8,853
364,57	5,387
364,78	6,180
364,99	7,441
365,20	9,302
365,40	8,240
365,61	2,977
365,82	7,179
366,03	7,092
366,24	6,708
366,45	5,510
366,65	4,969
366,86	6,212
367,07	8,427
367,28	5,704
367,49	6,620
367,69	9,063
367,90	4,826
368,11	5,985
368,32	5,316
368,53	5,945
368,73	7,269
368,94	2,038
369,15	4,937
369,36	8,711
369,57	7,912
369,78	4,432
369,98	9,070
370,19	11,015
370,40	5,974
370,61	5,965
370,82	3,858
371,02	9,476
371,23	12,365
371,44	5,017
371,65	6,836
371,85	11,206
372,06	8,436
372,27	3,878
372,48	6,300
372,69	5,535
372,89	4,951
373,10	7,093
373,31	5,662
373,52	7,003
373,73	8,639
373,93	7,879
374,14	4,978
374,35	4,241
374,56	8,608
374,76	6,663
374,97	9,232
375,18	7,478
375,39	8,167
375,60	9,542
375,80	11,846
376,01	8,902
376,22	7,581
376,43	7,237
376,63	7,206
376,84	2,186
377,05	8,349
377,26	4,571
377,46	6,046
377,67	5,964
377,88	10,019
378,09	6,870
378,29	5,592
378,50	7,531
378,71	11,827
378,92	7,542
379,12	7,625
379,33	6,699
379,54	7,190
379,75	7,401
379,95	4,037
380,16	8,786
380,37	12,044
380,58	9,802
380,78	9,684
380,99	6,695
381,20	6,152
381,41	10,905
381,61	8,522
381,82	7,700
382,03	11,015
382,24	7,752
382,44	9,153
382,65	8,084
382,86	6,959
383,06	7,357
383,27	10,796
383,48	6,475
383,69	9,998
383,89	9,315
384,10	8,025
384,31	9,176
384,51	9,023
384,72	11,506
384,93	7,759
385,14	7,728
385,34	9,398
385,55	6,021
385,76	7,277
385,96	12,576
386,17	10,922
386,38	11,113
386,59	10,190
386,79	8,886
387,00	10,739
387,21	12,982
387,41	9,978
387,62	7,530
387,83	11,139
388,03	7,057
388,24	8,726
388,45	14,827
388,66	15,399
388,86	10,972
389,07	9,406
389,28	14,537
389,48	15,101
389,69	8,430
389,90	11,405
390,10	14,321
390,31	16,760
390,52	8,296
390,72	11,059
390,93	14,516
391,14	12,166
391,34	16,238
391,55	13,943
391,76	17,229
391,96	15,055
392,17	13,649
392,38	14,006
392,58	13,143
392,79	15,871
393,00	11,747
393,20	10,467
393,41	12,268
393,62	11,757
393,82	12,976
394,03	14,117
394,24	15,200
394,44	14,482
394,65	17,093
394,86	12,631
395,06	16,626
395,27	12,827
395,48	11,836
395,68	17,029
395,89	18,175
396,10	16,541
396,30	16,623
396,51	10,523
396,72	20,088
396,92	16,530
397,13	16,135
397,34	16,921
397,54	21,728
397,75	16,156
397,95	11,537
398,16	16,768
398,37	17,955
398,57	17,156
398,78	21,237
398,99	20,086
399,19	20,287
399,40	20,086
399,60	15,704
399,81	18,969
400,02	20,585
400,22	18,606
400,43	19,189
400,64	16,510
400,84	15,318
401,05	21,378
401,25	20,697
401,46	18,344
401,67	19,135
401,87	18,021
402,08	17,256
402,29	18,118
402,49	24,003
402,70	23,101
402,90	17,390
403,11	20,751
403,32	22,911
403,52	19,011
403,73	21,884
403,93	20,850
404,14	29,634
404,35	18,289
404,55	18,482
404,76	21,246
404,96	19,115
405,17	26,572
405,38	26,677
405,58	19,901
405,79	22,391
405,99	25,200
406,20	22,373
406,40	20,057
406,61	23,166
406,82	22,221
407,02	23,190
407,23	22,279
407,43	24,744
407,64	21,381
407,85	26,041
408,05	21,636
408,26	31,516
408,46	26,288
408,67	20,302
408,87	25,159
409,08	23,740
409,29	28,268
409,49	29,170
409,70	27,342
409,90	26,157
410,11	28,936
410,31	29,840
410,52	27,693
410,72	24,273
410,93	31,930
411,14	26,274
411,34	24,201
411,55	29,295
411,75	31,385
411,96	29,371
412,16	30,626
412,37	29,768
412,57	33,603
412,78	26,750
412,99	26,558
413,19	27,737
413,40	26,618
413,60	25,496
413,81	26,726
414,01	29,823
414,22	29,587
414,42	31,182
414,63	24,574
414,83	33,005
415,04	33,995
415,24	32,014
415,45	29,269
415,65	33,381
415,86	31,798
416,07	31,794
416,27	33,719
416,48	35,632
416,68	32,283
416,89	29,361
417,09	32,850
417,30	36,694
417,50	32,342
417,71	39,561
417,91	31,025
418,12	34,163
418,32	32,596
418,53	31,383
418,73	30,448
418,94	32,575
419,14	34,692
419,35	30,782
419,55	33,881
419,76	37,681
419,96	30,813
420,17	30,779
420,37	31,335
420,58	34,989
420,78	34,666
420,99	32,604
421,19	35,675
421,40	34,151
421,60	38,345
421,81	34,407
422,01	37,095
422,22	35,949
422,42	36,310
422,63	36,935
422,83	32,635
423,04	36,482
423,24	41,514
423,45	32,064
423,65	36,736
423,86	39,642
424,06	37,211
424,27	30,648
424,47	34,712
424,67	31,637
424,88	37,440
425,08	37,274
425,29	39,683
425,49	40,126
425,70	30,914
425,90	36,022
426,11	33,847
426,31	35,206
426,52	39,642
426,72	33,480
426,93	38,254
427,13	38,429
427,33	36,976
427,54	38,999
427,74	40,021
427,95	40,775
428,15	36,407
428,36	35,293
428,56	34,536
428,77	38,800
428,97	39,743
429,18	40,513
429,38	34,101
429,58	39,595
429,79	40,668
429,99	36,052
430,20	34,012
430,40	38,978
430,61	36,009
430,81	36,057
431,01	39,051
431,22	40,013
431,42	42,019
431,63	36,443
431,83	41,440
432,04	39,540
432,24	41,889
432,44	36,514
432,65	36,316
432,85	40,088
433,06	34,552
433,26	35,347
433,47	36,604
433,67	38,216
433,87	34,225
434,08	34,598
434,28	36,242
434,49	36,877
434,69	40,696
434,89	34,512
435,10	34,237
435,30	37,248
435,51	36,010
435,71	36,924
435,91	35,159
436,12	35,963
436,32	38,626
436,53	37,392
436,73	36,479
436,93	42,052
437,14	41,850
437,34	39,856
437,55	37,516
437,75	39,575
437,95	45,510
438,16	40,954
438,36	41,356
438,57	40,451
438,77	34,915
438,97	42,592
439,18	42,041
439,38	38,115
439,58	40,228
439,79	41,432
439,99	36,124
440,20	45,734
440,40	37,395
440,60	42,471
440,81	40,573
441,01	40,086
441,21	39,421
441,42	42,578
441,62	42,598
441,83	40,288
442,03	40,635
442,23	41,961
442,44	40,601
442,64	42,437
442,84	40,069
443,05	35,800
443,25	36,852
443,45	41,063
443,66	43,555
443,86	38,101
444,06	39,195
444,27	39,503
444,47	36,730
444,67	38,827
444,88	42,183
445,08	39,956
445,28	40,392
445,49	38,803
445,69	38,882
445,90	42,260
446,10	43,720
446,30	39,224
446,51	43,863
446,71	46,757
446,91	47,870
447,12	40,604
447,32	40,158
447,52	42,628
447,72	43,180
447,93	38,196
448,13	36,438
448,33	45,295
448,54	46,091
448,74	37,622
448,94	40,422
449,15	43,693
449,35	43,421
449,55	38,125
449,76	44,161
449,96	43,290
450,16	46,198
450,37	39,009
450,57	40,912
450,77	37,941
450,98	44,235
451,18	41,428
451,38	41,142
451,58	40,511
451,79	42,525
451,99	40,098
452,19	44,202
452,40	41,910
452,60	40,930
452,80	37,429
453,00	43,330
453,21	44,924
453,41	45,026
453,61	40,709
453,82	44,178
454,02	36,444
454,22	46,113
454,42	42,166
454,63	39,976
454,83	43,180
455,03	43,557
455,24	45,656
455,44	39,867
455,64	39,407
455,84	44,842
456,05	38,381
456,25	39,265
456,45	44,047
456,65	44,024
456,86	44,151
457,06	41,176
457,26	41,938
457,47	46,913
457,67	45,699
457,87	37,007
458,07	36,013
458,28	47,578
458,48	41,836
458,68	37,177
458,88	44,914
459,09	45,234
459,29	44,276
459,49	37,769
459,69	45,086
459,90	43,344
460,10	41,073
460,30	41,475
460,50	43,371
460,71	44,579
460,91	35,506
461,11	40,595
461,31	42,276
461,52	47,562
461,72	42,227
461,92	44,436
462,12	48,239
462,32	39,375
462,53	39,665
462,73	39,628
462,93	44,994
463,13	44,557
463,34	40,181
463,54	40,095
463,74	42,126
463,94	40,726
464,14	42,151
464,35	37,896
464,55	46,003
464,75	47,660
464,95	42,276
465,16	37,991
465,36	48,238
465,56	41,074
465,76	38,771
465,96	43,197
466,17	36,366
466,37	39,557
466,57	44,079
466,77	41,848
466,97	41,825
467,18	45,302
467,38	42,270
467,58	43,283
467,78	44,110
467,98	44,291
468,19	42,209
468,39	45,172
468,59	43,631
468,79	45,163
468,99	43,003
469,19	38,835
469,40	46,701
469,60	32,968
469,80	41,201
470,00	42,162
470,20	46,938
470,41	42,188
470,61	41,675
470,81	43,562
471,01	41,568
471,21	43,494
471,41	41,117
471,62	42,446
471,82	40,065
472,02	39,354
472,22	38,240
472,42	39,849
472,62	46,145
472,83	40,841
473,03	43,028
473,23	43,140
473,43	46,554
473,63	40,511
473,83	44,939
474,03	41,644
474,24	49,496
474,44	41,103
474,64	41,041
474,84	40,226
475,04	40,412
475,24	41,978
475,45	41,764
475,65	39,909
475,85	48,149
476,05	37,059
476,25	42,185
476,45	39,993
476,65	49,407
476,85	42,857
477,06	41,369
477,26	42,063
477,46	43,389
477,66	40,131
477,86	41,886
478,06	38,578
478,26	41,884
478,46	41,569
478,67	42,773
478,87	44,305
479,07	41,128
479,27	41,795
479,47	40,893
479,67	36,476
479,87	38,157
480,07	42,069
480,28	39,646
480,48	39,855
480,68	40,639
480,88	44,566
481,08	42,842
481,28	41,290
481,48	42,655
481,68	41,097
481,88	38,297
482,08	40,317
482,29	46,483
482,49	39,073
482,69	40,751
482,89	41,575
483,09	43,777
483,29	39,696
483,49	38,343
483,69	39,174
483,89	38,399
484,09	37,735
484,29	34,708
484,50	40,675
484,70	38,463
484,90	39,169
485,10	39,359
485,30	38,667
485,50	41,202
485,70	40,128
485,90	40,348
486,10	34,522
486,30	36,482
486,50	38,995
486,70	37,904
486,90	37,177
487,10	41,506
487,30	39,241
487,51	41,601
487,71	35,750
487,91	38,292
488,11	41,523
488,31	37,134
488,51	41,364
488,71	39,283
488,91	40,570
489,11	37,650
489,31	36,428
489,51	42,127
489,71	38,465
489,91	37,646
490,11	41,032
490,31	39,130
490,51	40,496
490,71	36,687
490,91	38,440
491,11	40,619
491,31	41,276
491,51	36,774
491,72	38,356
491,92	41,511
492,12	43,965
492,32	40,313
492,52	41,214
492,72	41,183
492,92	39,549
493,12	40,441
493,32	38,212
493,52	39,264
493,72	39,382
493,92	38,832
494,12	40,537
494,32	41,681
494,52	40,325
494,72	41,869
494,92	39,601
495,12	39,364
495,32	44,843
495,52	39,882
495,72	40,818
495,92	43,295
496,12	44,159
496,32	39,600
496,52	41,999
496,72	39,173
496,92	44,654
497,12	41,535
497,32	42,153
497,52	42,439
497,72	42,541
497,92	42,772
498,12	41,262
498,32	40,207
498,52	38,757
498,72	40,155
498,92	39,820
499,12	43,556
499,32	41,664
499,52	40,172
499,72	42,615
499,92	41,608
500,12	42,156
500,32	42,681
500,52	41,209
500,72	46,746
500,91	45,967
501,11	42,772
501,31	37,557
501,51	44,571
501,71	46,488
501,91	44,280
502,11	43,703
502,31	42,476
502,51	43,722
502,71	42,450
502,91	41,678
503,11	44,283
503,31	44,102
503,51	38,693
503,71	38,565
503,91	45,362
504,11	42,830
504,31	44,178
504,51	43,481
504,71	43,956
504,91	45,110
505,10	44,333
505,30	42,687
505,50	43,919
505,70	41,322
505,90	41,130
506,10	40,750
506,30	41,657
506,50	43,281
506,70	42,247
506,90	40,563
507,10	41,915
507,30	44,154
507,50	44,784
507,70	43,897
507,89	43,610
508,09	42,499
508,29	41,261
508,49	43,790
508,69	44,264
508,89	42,820
509,09	43,159
509,29	43,715
509,49	46,656
509,69	48,359
509,89	42,447
510,09	39,895
510,28	43,336
510,48	42,602
510,68	44,389
510,88	43,890
511,08	41,220
511,28	44,893
511,48	40,853
511,68	40,584
511,88	40,733
512,07	44,514
512,27	43,121
512,47	44,114
512,67	43,505
512,87	41,544
513,07	40,557
513,27	38,649
513,47	40,420
513,67	39,975
513,86	44,625
514,06	40,807
514,26	39,560
514,46	46,189
514,66	42,671
514,86	46,323
515,06	46,539
515,26	46,549
515,45	41,538
515,65	41,430
515,85	45,025
516,05	41,913
516,25	41,687
516,45	43,607
516,65	40,634
516,84	43,960
517,04	44,407
517,24	42,436
517,44	44,536
517,64	42,628
517,84	43,796
518,04	43,206
518,23	45,672
518,43	46,726
518,63	40,218
518,83	41,298
519,03	43,287
519,23	43,482
519,42	42,774
519,62	42,553
519,82	44,970
520,02	43,368
520,22	41,259
520,42	42,095
520,61	43,813
520,81	46,264
521,01	46,425
521,21	39,624
521,41	43,669
521,61	44,075
521,80	41,775
522,00	42,201
522,20	46,326
522,40	43,672
522,60	42,943
522,79	43,198
522,99	43,809
523,19	40,930
523,39	40,861
523,59	41,467
523,78	44,501
523,98	42,943
524,18	41,322
524,38	40,769
524,58	41,902
524,77	46,436
524,97	43,740
525,17	44,089
525,37	41,555
525,57	45,716
525,76	41,638
525,96	46,620
526,16	40,829
526,36	41,037
526,56	42,277
526,75	40,532
526,95	43,719
527,15	41,179
527,35	43,757
527,55	43,293
527,74	44,726
527,94	43,880
528,14	41,189
528,34	42,284
528,53	42,260
528,73	43,191
528,93	44,763
529,13	41,719
529,32	42,771
529,52	44,937
529,72	43,221
529,92	42,874
530,12	41,712
530,31	40,792
530,51	42,407
530,71	42,041
530,91	44,606
531,10	36,691
531,30	39,490
531,50	40,136
531,70	42,593
531,89	42,213
532,09	40,834
532,29	39,929
532,49	41,689
532,68	44,945
532,88	38,540
533,08	41,819
533,28	42,065
533,47	43,941
533,67	43,409
533,87	38,982
534,06	47,944
534,26	42,850
534,46	41,872
534,66	39,812
534,85	41,192
535,05	38,365
535,25	41,406
535,45	44,278
535,64	46,062
535,84	41,722
536,04	37,758
536,23	40,551
536,43	42,684
536,63	40,467
536,83	40,328
537,02	40,679
537,22	38,784
537,42	38,312
537,61	39,668
537,81	41,811
538,01	37,915
538,20	39,303
538,40	36,716
538,60	38,772
538,80	38,673
538,99	38,428
539,19	36,326
539,39	36,695
539,58	38,537
539,78	32,766
539,98	35,508
540,17	32,549
540,37	34,764
540,57	33,881
540,76	32,100
540,96	31,420
541,16	35,155
541,36	30,582
541,55	27,573
541,75	27,419
541,95	29,346
542,14	28,516
542,34	27,703
542,54	28,422
542,73	29,854
542,93	30,356
543,13	28,628
543,32	28,648
543,52	28,757
543,72	27,910
543,91	28,170
544,11	28,454
544,31	28,440
544,50	27,713
544,70	29,442
544,89	29,299
545,09	30,427
545,29	31,338
545,48	29,029
545,68	28,736
545,88	30,185
546,07	29,890
546,27	30,411
546,47	32,418
546,66	32,897
546,86	34,308
547,06	31,698
547,25	31,920
547,45	35,830
547,64	34,510
547,84	37,122
548,04	37,657
548,23	39,031
548,43	37,246
548,63	38,871
548,82	36,958
549,02	36,767
549,21	36,875
549,41	37,488
549,61	36,728
549,80	38,241
550,00	37,923
550,20	34,971
550,39	39,789
550,59	37,801
550,78	41,089
550,98	36,475
551,18	39,964
551,37	38,924
551,57	39,251
551,76	38,580
551,96	38,015
552,16	37,908
552,35	40,099
552,55	41,635
552,74	39,139
552,94	41,846
553,14	39,681
553,33	39,572
553,53	41,501
553,72	39,885
553,92	41,044
554,12	39,035
554,31	40,081
554,51	41,670
554,70	39,641
554,90	39,429
555,09	42,684
555,29	42,358
555,49	39,425
555,68	42,565
555,88	39,383
556,07	39,648
556,27	43,516
556,46	41,424
556,66	39,344
556,86	44,371
557,05	42,068
557,25	42,302
557,44	40,545
557,64	42,268
557,83	41,893
558,03	41,843
558,22	42,333
558,42	40,844
558,62	43,718
558,81	41,578
559,01	38,868
559,20	42,655
559,40	39,849
559,59	40,397
559,79	40,517
559,98	42,071
560,18	42,533
560,37	45,531
560,57	43,611
560,76	41,896
560,96	40,766
561,16	42,843
561,35	41,133
561,55	45,104
561,74	42,230
561,94	42,595
562,13	41,143
562,33	43,039
562,52	42,314
562,72	42,291
562,91	41,556
563,11	44,033
563,30	46,791
563,50	40,287
563,69	40,939
563,89	42,090
564,08	41,506
564,28	40,337
564,47	40,586
564,67	40,551
564,86	39,940
565,06	40,907
565,25	41,094
565,45	41,286
565,64	43,305
565,84	41,291
566,03	39,472
566,23	43,855
566,42	41,825
566,62	43,946
566,81	42,017
567,01	41,728
567,20	43,385
567,40	40,194
567,59	39,401
567,79	44,642
567,98	42,916
568,18	44,068
568,37	43,198
568,57	43,506
568,76	44,713
568,96	42,240
569,15	40,013
569,35	42,245
569,54	44,424
569,73	43,824
569,93	42,379
570,12	42,123
570,32	43,966
570,51	42,077
570,71	42,801
570,90	43,946
571,10	42,550
571,29	40,931
571,49	38,653
571,68	41,426
571,87	41,925
572,07	40,830
572,26	38,646
572,46	41,725
572,65	42,392
572,85	39,484
573,04	39,238
573,24	42,526
573,43	44,621
573,62	42,064
573,82	41,726
574,01	40,109
574,21	42,280
574,40	40,282
574,60	39,746
574,79	42,621
574,98	40,039
575,18	41,409
575,37	40,057
575,57	41,002
575,76	41,093
575,96	41,241
576,15	40,633
576,34	39,984
576,54	41,025
576,73	40,512
576,93	41,210
577,12	40,297
577,31	41,233
577,51	39,406
577,70	39,792
577,90	39,952
578,09	38,190
578,28	39,872
578,48	39,628
578,67	42,749
578,87	39,997
579,06	38,897
579,25	40,330
579,45	40,541
579,64	38,740
579,84	40,056
580,03	40,076
580,22	42,617
580,42	38,289
580,61	41,714
580,81	39,973
581,00	39,661
581,19	41,271
581,39	39,762
581,58	39,452
581,77	39,616
581,97	43,902
582,16	38,979
582,35	38,711
582,55	38,888
582,74	42,242
582,94	39,001
583,13	37,919
583,32	38,670
583,52	40,278
583,71	40,358
583,90	40,170
584,10	39,645
584,29	39,609
584,48	37,567
584,68	40,487
584,87	40,328
585,06	39,979
585,26	38,718
585,45	39,218
585,65	41,095
585,84	38,390
586,03	39,772
586,23	38,414
586,42	37,359
586,61	42,044
586,81	39,913
587,00	39,133
587,19	39,028
587,39	40,605
587,58	39,366
587,77	39,849
587,97	38,880
588,16	38,876
588,35	39,964
588,54	40,558
588,74	38,844
588,93	40,834
589,12	39,721
589,32	40,099
589,51	38,781
589,70	38,508
589,90	38,320
590,09	38,876
590,28	41,818
590,48	37,681
590,67	39,695
590,86	40,175
591,06	40,220
591,25	41,807
591,44	41,402
591,63	38,706
591,83	39,440
592,02	40,847
592,21	39,605
592,41	39,372
592,60	40,573
592,79	40,438
592,98	38,993
593,18	39,842
593,37	39,814
593,56	40,904
593,76	41,625
593,95	40,492
594,14	39,263
594,33	41,795
594,53	39,994
594,72	38,985
594,91	43,031
595,10	40,108
595,30	40,906
595,49	39,174
595,68	42,975
595,88	41,142
596,07	38,691
596,26	40,938
596,45	39,529
596,65	39,473
596,84	39,735
597,03	41,225
597,22	43,336
597,42	42,246
597,61	40,068
597,80	40,633
597,99	41,787
598,19	41,472
598,38	39,856
598,57	39,961
598,76	41,800
598,95	42,681
599,15	41,353
599,34	41,490
599,53	41,212
599,72	41,565
599,92	40,371
600,11	40,383
600,30	41,302
600,49	42,147
600,69	39,732
600,88	41,179
601,07	41,169
601,26	38,969
601,45	41,569
601,65	40,600
601,84	42,289
602,03	41,709
602,22	41,854
602,42	41,430
602,61	40,094
602,80	42,277
602,99	39,311
603,18	39,673
603,38	40,485
603,57	40,186
603,76	40,573
603,95	39,479
604,14	42,172
604,34	41,311
604,53	40,663
604,72	41,274
604,91	41,027
605,10	41,074
605,29	39,621
605,49	39,493
605,68	41,711
605,87	42,889
606,06	40,005
606,25	39,400
606,45	41,898
606,64	40,000
606,83	41,026
607,02	40,204
607,21	41,669
607,40	39,229
607,60	37,653
607,79	39,280
607,98	37,472
608,17	37,171
608,36	37,476
608,55	35,587
608,75	36,931
608,94	36,478
609,13	32,654
609,32	32,892
609,51	33,459
609,70	32,383
609,89	35,047
610,09	32,806
610,28	36,010
610,47	33,754
610,66	32,401
610,85	31,022
611,04	33,764
611,23	33,040
611,43	32,507
611,62	30,894
611,81	32,631
612,00	32,913
612,19	32,362
612,38	33,289
612,57	34,244
612,77	32,650
612,96	33,344
613,15	34,339
613,34	36,574
613,53	37,670
613,72	37,291
613,91	36,807
614,10	36,675
614,29	39,392
614,49	35,429
614,68	36,981
614,87	37,658
615,06	40,433
615,25	37,365
615,44	37,932
615,63	37,836
615,82	38,681
616,01	38,060
616,21	38,966
616,40	39,529
616,59	42,014
616,78	38,809
616,97	39,856
617,16	39,056
617,35	40,836
617,54	40,233
617,73	39,707
617,92	39,781
618,11	38,859
618,31	36,627
618,50	40,099
618,69	38,466
618,88	38,930
619,07	38,177
619,26	35,869
619,45	37,500
619,64	38,512
619,83	38,487
620,02	37,905
620,21	39,208
620,40	40,307
620,59	37,921
620,78	37,415
620,97	38,754
621,17	39,662
621,36	37,730
621,55	39,008
621,74	38,930
621,93	39,232
622,12	38,156
622,31	38,910
622,50	37,721
622,69	41,465
622,88	39,792
623,07	40,722
623,26	39,795
623,45	42,401
623,64	39,426
623,83	40,039
624,02	40,528
624,21	40,179
624,40	40,446
624,59	39,088
624,78	39,329
624,97	40,116
625,16	38,604
625,35	36,630
625,54	38,588
625,73	39,110
625,92	39,798
626,12	41,531
626,31	41,292
626,50	39,457
626,69	39,839
626,88	38,229
627,07	39,839
627,26	39,117
627,45	39,358
627,64	39,400
627,83	40,678
628,02	39,648
628,21	39,234
628,40	39,049
628,59	40,241
628,78	39,271
628,97	37,183
629,16	38,360
629,35	36,355
629,54	43,000
629,73	37,440
629,92	37,421
630,10	39,606
630,29	38,111
630,48	37,484
630,67	37,386
630,86	39,482
631,05	38,934
631,24	40,290
631,43	37,187
631,62	37,262
631,81	38,506
632,00	39,088
632,19	37,847
632,38	39,496
632,57	38,900
632,76	38,467
632,95	40,946
633,14	41,185
633,33	39,272
633,52	40,648
633,71	38,825
633,90	38,293
634,09	39,087
634,28	38,697
634,47	38,705
634,66	40,438
634,85	39,534
635,04	41,612
635,22	40,403
635,41	38,961
635,60	42,430
635,79	41,441
635,98	36,892
636,17	40,442
636,36	39,378
636,55	37,797
636,74	38,260
636,93	39,558
637,12	41,050
637,31	38,868
637,50	38,583
637,69	39,122
637,87	38,471
638,06	39,844
638,25	40,121
638,44	41,042
638,63	37,007
638,82	38,206
639,01	39,121
639,20	39,641
639,39	40,825
639,58	37,984
639,77	39,131
639,95	38,140
640,14	41,949
640,33	39,626
640,52	38,172
640,71	40,129
640,90	40,767
641,09	42,063
641,28	38,598
641,47	40,269
641,66	40,584
641,84	40,924
642,03	39,875
642,22	40,593
642,41	41,017
642,60	39,652
642,79	39,582
642,98	39,334
643,17	38,074
643,35	40,064
643,54	41,007
643,73	40,380
643,92	41,348
644,11	38,619
644,30	36,971
644,49	42,131
644,67	38,558
644,86	38,037
645,05	42,218
645,24	38,811
645,43	40,555
645,62	39,583
645,81	39,031
645,99	42,153
646,18	40,741
646,37	38,785
646,56	39,460
646,75	41,757
646,94	40,563
647,13	38,941
647,31	39,638
647,50	40,083
647,69	41,517
647,88	39,510
648,07	38,156
648,26	44,521
648,44	39,566
648,63	39,162
648,82	38,493
649,01	40,288
649,20	38,285
649,38	41,143
649,57	39,405
649,76	38,183
649,95	40,365
650,14	37,442
650,33	39,240
650,51	39,144
650,70	40,517
650,89	37,846
651,08	37,962
651,27	39,555
651,45	38,583
651,64	39,618
651,83	40,263
652,02	39,607
652,21	38,343
652,39	41,282
652,58	40,534
652,77	39,876
652,96	40,612
653,15	39,771
653,33	40,549
653,52	39,972
653,71	41,912
653,90	41,121
654,09	40,976
654,27	40,352
654,46	40,958
654,65	40,346
654,84	39,359
655,02	41,679
655,21	41,860
655,40	41,273
655,59	40,735
655,77	41,094
655,96	40,379
656,15	40,892
656,34	41,205
656,53	39,874
656,71	40,873
656,90	41,751
657,09	41,065
657,28	41,222
657,46	39,830
657,65	40,384
657,84	40,282
658,03	40,752
658,21	38,812
658,40	38,582
658,59	39,514
658,78	41,990
658,96	40,366
659,15	39,966
659,34	39,581
659,52	41,487
659,71	40,420
659,90	37,923
660,09	38,284
660,27	39,469
660,46	40,626
660,65	39,091
660,84	40,486
661,02	39,928
661,21	39,776
661,40	40,733
661,58	39,983
661,77	39,947
661,96	37,112
662,15	38,872
662,33	37,493
662,52	40,170
662,71	42,076
662,89	38,400
663,08	38,958
663,27	39,283
663,45	37,950
663,64	39,725
663,83	38,518
664,02	39,960
664,20	40,893
664,39	37,784
664,58	39,010
664,76	39,997
664,95	38,511
665,14	38,765
665,32	38,953
665,51	39,232
665,70	39,760
665,88	40,419
666,07	39,811
666,26	40,630
666,44	40,456
666,63	39,455
666,82	39,481
667,00	39,888
667,19	37,493
667,38	40,823
667,56	40,987
667,75	40,306
667,94	41,194
668,12	37,213
668,31	39,526
668,50	40,222
668,68	40,825
668,87	39,056
669,06	40,251
669,24	40,909
669,43	38,890
669,62	38,737
669,80	36,331
669,99	39,574
670,18	40,436
670,36	38,087
670,55	38,560
670,74	38,864
670,92	37,020
671,11	39,942
671,29	39,354
671,48	39,963
671,67	39,386
671,85	39,538
672,04	39,964
672,23	38,142
672,41	39,971
672,60	38,804
672,78	38,319
672,97	39,657
673,16	39,637
673,34	39,743
673,53	38,909
673,71	38,863
673,90	41,137
674,09	39,612
674,27	38,377
674,46	37,912
674,64	40,080
674,83	38,048
675,02	38,457
675,20	39,200
675,39	39,132
675,57	40,865
675,76	37,244
675,95	40,942
676,13	40,106
676,32	39,417
676,50	38,097
676,69	36,957
676,88	39,122
677,06	38,915
677,25	39,461
677,43	42,263
677,62	40,787
677,80	38,813
677,99	39,417
678,18	40,221
678,36	41,771
678,55	37,619
678,73	38,872
678,92	40,834
679,10	39,852
679,29	40,368
679,48	38,087
679,66	39,950
679,85	38,032
680,03	41,127
680,22	39,003
680,40	39,496
680,59	39,082
680,77	39,017
680,96	39,410
681,15	39,177
681,33	41,541
681,52	38,603
681,70	38,742
681,89	41,312
682,07	40,101
682,26	40,443
682,44	40,876
682,63	41,929
682,81	40,305
683,00	40,394
683,18	39,171
683,37	40,082
683,55	37,946
683,74	39,945
683,92	43,839
684,11	40,250
684,29	40,510
684,48	37,682
684,67	39,222
684,85	39,447
685,04	39,848
685,22	39,386
685,41	39,602
685,59	40,477
685,78	38,306
685,96	38,461
686,15	40,372
686,33	38,654
686,52	39,927
686,70	39,268
686,89	41,297
687,07	40,936
687,26	40,682
687,44	40,196
687,62	38,840
687,81	39,997
687,99	39,097
688,18	39,825
688,36	40,953
688,55	40,391
688,73	39,322
688,92	37,439
689,10	39,745
689,29	39,979
689,47	42,504
689,66	39,280
689,84	39,787
690,03	42,372
690,21	40,630
690,40	38,521
690,58	39,115
690,76	38,738
690,95	39,973
691,13	39,148
691,32	39,605
691,50	40,147
691,69	42,195
691,87	39,123
692,06	38,631
692,24	37,906
692,43	39,671
692,61	38,290
692,79	38,149
692,98	36,692
693,16	40,281
693,35	38,616
693,53	39,827
693,72	39,733
693,90	39,602
694,08	38,151
694,27	37,641
694,45	41,682
694,64	42,264
694,82	39,250
695,01	37,790
695,19	38,571
695,37	37,594
695,56	38,614
695,74	39,220
695,93	41,345
696,11	38,361
696,29	38,856
696,48	40,196
696,66	40,510
696,85	39,590
697,03	38,094
697,21	40,712
697,40	38,902
697,58	41,695
697,77	38,771
697,95	39,714
698,13	40,581
698,32	39,075
698,50	38,596
698,69	38,051
698,87	40,274
699,05	39,168
699,24	37,806
699,42	38,750
699,60	36,407
699,79	38,594
699,97	39,327
700,16	36,854
700,34	40,427
700,52	40,765
700,71	38,590
700,89	38,153
701,07	39,426
701,26	38,856
701,44	38,199
701,63	36,489
701,81	38,166
701,99	40,298
702,18	37,277
702,36	37,598
702,54	39,627
702,73	38,523
702,91	38,384
703,09	40,386
703,28	38,483
703,46	40,261
703,64	37,413
703,83	38,153
704,01	40,365
704,19	39,212
704,38	36,441
704,56	38,267
704,74	39,285
704,93	39,643
705,11	38,133
705,29	38,170
705,48	42,502
705,66	40,060
705,84	38,831
706,03	37,328
706,21	38,513
706,39	38,291
706,58	37,443
706,76	38,117
706,94	39,313
707,12	38,729
707,31	38,039
707,49	37,528
707,67	37,591
707,86	40,399
708,04	38,624
708,22	36,489
708,41	38,689
708,59	37,923
708,77	36,443
708,95	37,987
709,14	40,940
709,32	39,554
709,50	37,179
709,69	37,193
709,87	39,253
710,05	39,138
710,23	37,726
710,42	36,549
710,60	39,546
710,78	38,934
710,97	36,324
711,15	37,741
711,33	39,273
711,51	36,703
711,70	37,052
711,88	36,733
712,06	40,070
712,24	38,618
712,43	38,427
712,61	36,653
712,79	38,466
712,97	37,814
713,16	39,289
713,34	37,621
713,52	39,599
713,70	39,538
713,89	37,523
714,07	39,380
714,25	37,877
714,43	38,723
714,62	36,778
714,80	37,634
714,98	36,765
715,16	38,478
715,35	37,264
715,53	36,637
715,71	40,077
715,89	39,780
716,07	37,500
716,26	41,001
716,44	40,076
716,62	40,126
716,80	38,900
716,99	39,458
717,17	38,804
717,35	37,684
717,53	38,352
717,71	36,631
717,90	38,787
718,08	38,511
718,26	36,068
718,44	41,064
718,62	40,334
718,81	39,476
718,99	38,909
719,17	38,249
719,35	38,498
719,53	38,282
719,72	37,517
719,90	38,663
720,08	37,843
720,26	40,926
720,44	38,956
720,62	37,421
720,81	40,770
720,99	41,179
721,17	38,644
721,35	39,048
721,53	40,216
721,72	40,712
721,90	39,022
722,08	38,829
722,26	40,393
722,44	39,275
722,62	38,195
722,81	36,562
722,99	39,589
723,17	38,240
723,35	38,160
723,53	38,992
723,71	40,083
723,89	39,693
724,08	37,190
724,26	37,797
724,44	39,672
724,62	39,854
724,80	36,616
724,98	39,139
725,16	40,931
725,35	39,300
725,53	38,413
725,71	38,102
725,89	38,887
726,07	40,341
726,25	40,913
726,43	38,733
726,61	39,652
726,80	39,980
726,98	38,749
727,16	38,835
727,34	38,821
727,52	38,689
727,70	36,205
727,88	37,026
728,06	37,246
728,25	36,174
728,43	37,520
728,61	38,234
728,79	36,841
728,97	37,476
729,15	38,116
729,33	41,405
729,51	39,931
729,69	39,746
729,87	39,191
730,06	39,930
730,24	38,953
730,42	41,005
730,60	38,108
730,78	39,071
730,96	38,283
731,14	39,234
731,32	39,955
731,50	35,990
731,68	38,279
731,86	39,295
732,04	38,530
732,22	38,475
732,41	40,679
732,59	39,112
732,77	39,696
732,95	41,208
733,13	40,189
733,31	40,205
733,49	37,569
733,67	38,381
733,85	38,297
734,03	38,680
734,21	37,510
734,39	38,184
734,57	37,856
734,75	39,032
734,93	39,561
735,11	39,175
735,29	38,053
735,47	39,976
735,65	36,645
735,84	38,549
736,02	40,050
736,20	42,378
736,38	38,551
736,56	36,981
736,74	38,451
736,92	38,696
737,10	39,646
737,28	38,053
737,46	39,840
737,64	37,789
737,82	36,914
738,00	39,254
738,18	39,309
738,36	40,172
738,54	38,169
738,72	37,399
738,90	38,263
739,08	40,563
739,26	36,115
739,44	38,367
739,62	39,942
739,80	40,747
739,98	39,101
740,16	39,811
740,34	37,195
740,52	41,106
740,70	36,835
740,88	38,958
741,06	39,033
741,24	39,663
741,42	39,993
741,60	38,708
741,78	41,720
741,96	38,869
742,14	38,463
742,32	35,977
742,50	39,897
742,68	40,095
742,86	38,854
743,04	37,837
743,21	39,595
743,39	39,700
743,57	37,681
743,75	38,289
743,93	33,634
744,11	36,657
744,29	37,432
744,47	40,602
744,65	38,230
744,83	38,847
745,01	39,018
745,19	38,997
745,37	40,670
745,55	39,890
745,73	40,441
745,91	39,111
746,09	38,143
746,27	38,570
746,45	35,677
746,62	38,788
746,80	38,612
746,98	38,793
747,16	39,523
747,34	38,614
747,52	40,162
747,70	39,539
747,88	37,384
748,06	38,280
748,24	41,421
748,42	39,330
748,60	38,426
748,78	37,123
748,95	40,306
749,13	41,863
749,31	36,018
749,49	39,964
749,67	40,244
749,85	40,746
750,03	37,847
750,21	38,861
750,39	39,673
750,57	43,254
750,74	40,350
750,92	36,298
751,10	39,782
751,28	36,945
751,46	37,487
751,64	41,577
751,82	38,931
752,00	40,144
752,17	39,940
752,35	38,033
752,53	38,181
752,71	38,883
752,89	38,063
753,07	36,532
753,25	41,027
753,43	38,166
753,60	40,741
753,78	37,479
753,96	40,497
754,14	39,000
754,32	38,704
754,50	40,844
754,68	40,846
754,85	39,443
755,03	39,638
755,21	38,785
755,39	40,800
755,57	40,334
755,75	40,453
755,92	36,791
756,10	39,943
756,28	40,629
756,46	38,653
756,64	38,512
756,82	39,593
756,99	38,844
757,17	38,074
757,35	36,052
757,53	41,648
757,71	40,245
757,89	38,525
758,06	37,318
758,24	39,646
758,42	39,244
758,60	37,841
758,78	39,202
758,95	40,080
759,13	39,702
759,31	38,294
759,49	38,341
759,67	38,707
759,84	37,857
760,02	38,121
760,20	39,173
760,38	39,744
760,56	39,104
760,73	41,884
760,91	39,268
761,09	41,398
761,27	40,829
761,45	37,465
761,62	39,016
761,80	38,394
761,98	39,781
762,16	39,416
762,33	39,053
762,51	41,627
762,69	38,996
762,87	38,338
763,05	39,729
763,22	39,174
763,40	38,536
763,58	37,848
763,76	39,020
763,93	40,466
764,11	39,990
764,29	38,173
764,47	38,344
764,64	39,145
764,82	41,571
765,00	39,078
765,18	35,867
765,35	37,160
765,53	39,104
765,71	39,293
765,89	38,418
766,06	38,171
766,24	39,533
766,42	37,883
766,60	36,851
766,77	37,372
766,95	38,014
767,13	38,955
767,30	37,511
767,48	38,994
767,66	38,180
767,84	38,317
768,01	36,964
768,19	39,450
768,37	39,120
768,54	38,029
768,72	39,691
768,90	39,156
769,08	39,519
769,25	36,383
769,43	37,348
769,61	38,054
769,78	40,396
769,96	38,039
770,14	38,599
770,31	39,547
770,49	40,535
770,67	39,472
770,85	37,597
771,02	40,084
771,20	39,111
771,38	40,083
771,55	37,326
771,73	38,625
771,91	37,467
772,08	39,626
772,26	37,595
772,44	40,303
772,61	38,199
772,79	39,143
772,97	39,772
773,14	39,016
773,32	38,662
773,50	38,557
773,67	37,683
773,85	38,424
774,03	38,515
774,20	40,973
774,38	38,391
774,56	40,775
774,73	36,520
774,91	38,175
775,09	38,117
775,26	40,470
775,44	39,817
775,61	38,345
775,79	38,508
775,97	39,568
776,14	36,682
776,32	38,190
776,50	38,549
776,67	39,148
776,85	40,422
777,03	37,080
777,20	42,243
777,38	40,387
777,55	40,988
777,73	38,061
777,91	38,124
778,08	41,048
778,26	38,467
778,43	41,407
778,61	35,682
778,79	39,121
778,96	36,371
779,14	38,141
779,32	37,620
779,49	39,594
779,67	42,275
779,84	38,824
780,02	39,144
780,20	36,202
780,37	40,225
780,55	33,858
780,72	39,865
780,90	38,962
781,07	40,528
781,25	39,288
781,43	40,740
781,60	38,892
781,78	40,292
781,95	38,946
782,13	39,792
782,30	41,731
782,48	37,862
782,66	38,066
782,83	36,962
783,01	43,410
783,18	40,574
783,36	37,799
783,53	43,769
783,71	39,386
783,89	39,820
784,06	38,748
784,24	39,869
784,41	39,471
784,59	39,340
784,76	39,558
784,94	37,706
785,11	39,588
785,29	39,582
785,46	39,645
785,64	40,925
785,82	40,708
785,99	38,094
786,17	37,312
786,34	39,372
786,52	39,941
786,69	42,482
786,87	40,601
787,04	39,082
787,22	35,811
787,39	40,892
787,57	41,177
787,74	39,808
787,92	41,577
788,09	41,362
788,27	40,032
788,44	39,224
788,62	40,245
788,79	39,556
788,97	40,752
789,14	39,755
789,32	38,892
789,49	39,451
789,67	40,959
789,84	39,212
790,02	42,235
790,19	40,920
790,37	39,121
790,54	43,518
790,72	43,820
790,89	43,548
791,07	44,112
791,24	36,503
791,42	44,254
791,59	39,616
791,77	37,891
791,94	38,027
792,12	35,651
792,29	40,791
792,47	39,082
792,64	42,573
792,81	41,921
792,99	40,701
793,16	39,813
793,34	42,280
793,51	38,971
793,69	41,958
793,86	37,769
794,04	40,010
794,21	42,919
794,39	37,295
794,56	40,441
794,73	40,530
794,91	41,828
795,08	40,755
795,26	40,280
795,43	40,064
795,61	41,743
795,78	43,927
795,95	40,938
796,13	40,021
796,30	41,968
796,48	38,009
796,65	40,897
796,83	42,073
797,00	43,263
797,17	40,834
797,35	40,458
797,52	37,833
797,70	46,552
797,87	41,408
798,04	39,870
798,22	36,975
798,39	41,808
798,57	39,871
798,74	42,249
798,91	38,785
799,09	38,859
799,26	41,232
799,44	38,215
799,61	37,732
799,78	41,284
799,96	44,015
800,13	39,800
800,31	40,744
800,48	42,371
800,65	44,489
800,83	41,328
801,00	39,644
801,17	39,779
801,35	40,571
801,52	40,632
801,70	40,360
801,87	40,845
802,04	43,562
802,22	39,825
802,39	41,241
802,56	48,140
802,74	42,394
802,91	37,315
803,08	38,309
803,26	39,981
803,43	45,075
803,61	40,234
803,78	40,239
803,95	40,648
804,13	41,198
804,30	39,962
804,47	44,485
804,65	39,682
804,82	40,459
804,99	41,948
805,17	40,560
805,34	45,774
805,51	46,975
805,69	39,882
805,86	39,420
806,03	46,599
806,21	46,664
806,38	39,470
806,55	47,470
806,72	45,848
806,90	44,795
807,07	39,598
807,24	39,042
807,42	43,399
807,59	43,265
807,76	37,143
807,94	40,611
808,11	43,113
808,28	46,589
808,45	41,464
808,63	43,995
808,80	40,529
808,97	42,436
809,15	39,536
809,32	42,867
809,49	37,896
809,67	37,298
809,84	43,060
810,01	42,516
810,18	49,735
810,36	44,708
810,53	45,168
810,70	39,878
810,87	42,185
811,05	41,176
811,22	44,871
811,39	39,596
811,57	46,411
811,74	42,328
811,91	38,707
812,08	42,966
812,26	42,105
812,43	40,243
812,60	41,843
812,77	39,778
812,95	44,067
813,12	44,601
813,29	38,508
813,46	40,605
813,64	44,735
813,81	41,759
813,98	39,070
814,15	47,829
814,32	43,757
814,50	43,658
814,67	43,092
814,84	45,549
815,01	47,141
815,19	39,102
815,36	36,342
815,53	39,474
815,70	43,280
815,87	42,828
816,05	38,304
816,22	42,103
816,39	43,797
816,56	47,706
816,74	44,600
816,91	43,186
817,08	47,197
817,25	46,533
817,42	44,489
817,60	44,265
817,77	43,022
817,94	45,178
818,11	40,493
818,28	43,840
818,45	45,074
818,63	42,930
818,80	38,801
818,97	41,312
819,14	46,057
819,31	52,487
819,49	39,260
819,66	36,999
819,83	47,763
820,00	47,703
820,17	42,770
820,34	43,286
820,52	46,675
820,69	51,146
820,86	37,649
821,03	43,153
821,20	44,388
821,37	45,593
821,55	36,057
821,72	40,478
821,89	43,498
822,06	47,847
822,23	37,056
822,40	38,438
822,57	43,982
822,75	51,324
822,92	36,661
823,09	39,653
823,26	47,953
823,43	48,797
823,60	44,616
823,77	41,041
823,94	48,535
824,12	50,000
824,29	41,213
824,46	42,300
824,63	51,627
824,80	46,745
824,97	45,214
825,14	43,224
825,31	47,012
825,49	45,797
825,66	42,897
825,83	41,181
826,00	46,038
826,17	54,422
826,34	47,626
826,51	38,888
826,68	43,629
826,85	45,526
827,02	46,000
827,20	45,334
827,37	44,921
827,54	43,338
827,71	40,972
827,88	45,120
828,05	45,822
828,22	46,142
828,39	48,121
828,56	44,207
828,73	47,016
828,90	45,209
829,07	36,947
829,25	46,428
829,42	42,294
829,59	42,244
829,76	41,185
829,93	42,793
830,10	46,581
830,27	42,514
830,44	46,380
830,61	43,858
830,78	55,157
830,95	47,328
831,12	42,636
831,29	42,128
831,46	46,054
831,63	43,622
831,80	44,364
831,97	46,024
832,14	45,798
832,31	52,463
832,48	44,829
832,65	48,004
832,83	45,227
833,00	48,983
833,17	40,024
833,34	46,674
833,51	49,656
833,68	51,856
833,85	45,170
834,02	42,010
834,19	42,940
834,36	50,495
834,53	35,956
834,70	42,656
834,87	56,930
835,04	44,960
835,21	48,783
835,38	41,981
835,55	45,152
835,72	50,900
835,89	43,469
836,06	42,790
836,23	57,057
836,40	38,009
836,57	44,857
836,74	49,812
836,91	51,375
837,08	56,157
837,25	48,520
837,42	35,426
837,59	45,362
837,76	49,491
837,93	48,176
838,09	40,101
838,26	46,511
838,43	54,206
838,60	44,623
838,77	47,490
838,94	53,262
839,11	42,427
839,28	46,002
839,45	46,214
839,62	46,204
839,79	44,933
839,96	45,374
840,13	46,751
840,30	44,135
840,47	34,665
840,64	43,930
840,81	49,564
840,98	41,166
841,15	52,741
841,32	36,596
841,48	56,037
841,65	53,266
841,82	48,773
841,99	40,636
842,16	37,793
842,33	49,429
842,50	49,445
842,67	41,832
842,84	41,345
843,01	47,438
843,18	42,845
843,35	44,690
843,52	48,270
843,68	54,399
843,85	46,940
844,02	45,561
844,19	46,266
844,36	56,190
844,53	48,621
844,70	55,132
844,87	56,042
845,04	55,982
845,21	37,700
845,37	48,656
845,54	46,538
845,71	49,861
845,88	58,819
846,05	49,509
846,22	31,828
846,39	53,654
846,56	59,595
846,72	43,481
846,89	49,568
847,06	60,641
847,23	53,712
847,40	43,577
847,57	43,249
847,74	51,018
847,90	59,866
848,07	48,037
848,24	42,515
848,41	52,732
848,58	68,192
848,75	38,000
848,92	49,177
849,08	49,271
849,25	52,930
849,42	39,807
849,59	48,899
849,76	39,845
849,93	50,832
850,09	54,089
850,26	39,363
850,43	54,930
850,60	51,916
850,77	56,563
850,94	45,883
851,10	59,981
851,27	45,323
851,44	46,423
851,61	46,632
851,78	58,110
851,95	58,108
852,11	43,450
852,28	51,097
852,45	60,063
852,62	47,623
852,79	43,269
852,95	47,683
853,12	59,030
853,29	53,902
853,46	41,930
853,63	47,210
853,79	41,175
853,96	47,938
854,13	60,880
854,30	43,074
854,46	75,468
854,63	53,552
854,80	43,018
854,97	43,700
855,14	65,575
855,30	59,430
855,47	47,404
855,64	60,225
855,81	51,943
855,97	61,387
856,14	55,156
856,31	45,938
856,48	66,970
856,65	74,800
856,81	57,515
856,98	41,386
857,15	57,895
857,32	64,686
857,48	40,207
857,65	57,558
857,82	54,817
857,99	54,623
858,15	59,050
858,32	47,809
858,49	64,679
858,65	66,717
858,82	58,580
858,99	57,380
859,16	53,743
859,32	60,957
859,49	52,388
859,66	39,533
859,83	47,095
859,99	52,132
860,16	46,408
860,33	39,536
860,49	59,414
860,66	53,538
860,83	54,009
861,00	52,000
861,16	63,955
861,33	58,279
861,50	39,458
861,66	56,892
861,83	68,898
862,00	66,622
862,16	56,341
862,33	49,378
862,50	77,763
862,67	51,574
862,83	40,128
863,00	60,527
863,17	74,097
863,33	68,239
863,50	47,610
863,67	62,599
863,83	65,374
864,00	77,922
864,17	45,699
864,33	58,297
864,50	64,756
864,67	65,999
864,83	54,137
865,00	52,282
865,17	60,277
865,33	65,833
865,50	49,476
865,67	40,867
865,83	68,691
866,00	63,160
866,17	68,832
866,33	60,259
866,50	79,044
866,66	79,758
866,83	49,869
867,00	64,262
867,16	67,172
867,33	88,896
867,50	32,643
867,66	36,340
867,83	90,937
868,00	66,788
868,16	53,228
868,33	43,508
868,49	44,516
868,66	88,917
868,83	53,817
868,99	62,843
869,16	82,245
869,32	82,204
869,49	71,273
869,66	41,707
869,82	86,760
869,99	92,316
870,15	45,190
870,32	70,644
870,49	72,778
870,65	131,063
870,82	73,031
870,98	76,733
871,15	89,727
871,32	54,112
871,48	13,398
871,65	47,687
871,81	59,285
871,98	36,246
872,15	62,617
872,31	55,470
872,48	76,766
872,64	84,523
872,81	50,348
872,97	47,366
873,14	87,238
873,31	66,758
873,47	83,342
873,64	40,351
873,80	107,994
873,97	91,057
874,13	46,764
874,30	53,268
874,46	106,417
874,63	49,314
874,80	59,670
874,96	29,382
875,13	102,086
875,29	46,573
875,46	82,108
875,62	34,220
875,79	90,289
875,95	49,684
876,12	52,631
876,28	25,729
876,45	99,717
876,61	66,197
876,78	26,090
876,94	52,068
877,11	94,812
877,27	86,845
877,44	48,847
877,60	9,494
877,77	71,383
877,94	105,525
878,10	36,391
878,27	87,889
878,43	154,812
878,60	70,700
878,76	56,418
878,93	55,674
879,09	108,794
879,26	117,433
879,42	72,230
879,58	47,448
879,75	103,823
879,91	91,521
880,08	-15,015
880,24	59,882
880,41	73,236
880,57	104,404
880,74	40,070
880,90	106,784
881,07	50,199
881,23	111,573
881,40	57,187
881,56	59,709
881,73	116,949
881,89	93,540
882,06	37,896
882,22	177,272
882,38	157,258
882,55	138,072
882,71	38,241
882,88	49,763
883,04	222,410
883,21	168,932
883,37	39,913
883,54	93,974
883,70	161,467
883,86	105,174
884,03	62,003
884,19	26,960
884,36	169,156
884,52	212,434
884,69	84,689
884,85	83,474
885,01	298,140
885,18	135,721
885,34	24,278
885,51	-5,196
885,67	80,807
>>>>> Data<<<<< Espectral Procesado Extremo
