Fichero De Datos De SpectraSuite
++++++++++++++++++++++++++++++++++++
Fecha: Wed Apr 22 12:10:13 CEST 2009
Usuario: evoflor
Presente Oscuro Del Espectro: Sí
La Referencia de Presente Del Espectro De: Sí
Muestreados de los componentes de Número de espectros: 1
Espectrómetros: USB4F02353
Tiempo de integración (usec): 500000 (USB4F02353)
Promedio de Espectros Hechos un: 5 (USB4F02353)
El Alisar Del Furgón: 0 (USB4F02353)
Párrafo de de Corregir del la del del de Eléctrica del obscuridad: Sí (USB4F02353)
Estrobo/Lámpara Permitido: No (USB4F02353)
Correct for Detector Non-linearity: No (USB4F02353)
Párrafo de de Corregir del la del del de Externa del luz: No (USB4F02353)
Procesado del espectro de Número de pixeles en: 3648
>>>>> Comienza Data<<<<< Espectral Procesado Del EL
177,79	426,292
178,00	426,292
178,22	426,292
178,44	1038,791
178,66	-109,894
178,88	208,241
179,09	-141,574
179,31	215,948
179,53	242,322
179,75	173,404
179,96	597,155
180,18	-132,831
180,40	404,045
180,62	303,103
180,83	-174,917
181,05	-2008,171
181,27	-189870,000
181,49	52,891
181,70	89,885
181,92	744,518
182,14	371,295
182,36	24,149
182,58	135,300
182,79	851,652
183,01	80,577
183,23	212,270
183,45	-85,754
183,66	-19,779
183,88	698,647
184,10	-3501,273
184,32	120,223
184,53	158,627
184,75	-204,419
184,97	59,973
185,18	-140,357
185,40	-371,971
185,62	81,704
185,84	223,952
186,05	144,467
186,27	-166,424
186,49	1695,000
186,71	2,814
186,92	139,262
187,14	-248,948
187,36	137,396
187,58	75,048
187,79	1,413
188,01	261,468
188,23	-135,426
188,45	91,206
188,66	325,312
188,88	-3239,455
189,10	-2222,700
189,31	-24,522
189,53	1,588
189,75	284,250
189,97	93,346
190,18	-31,030
190,40	799,235
190,62	-235,693
190,83	-313,366
191,05	-38,680
191,27	195,343
191,49	409,827
191,70	-432,548
191,92	-7,373
192,14	-54,325
192,35	711,326
192,57	4036,286
192,79	50,043
193,01	132,349
193,22	137,274
193,44	-3,020
193,66	96,759
193,87	327,559
194,09	40,185
194,31	61,740
194,53	956,434
194,74	65,274
194,96	28,734
195,18	153,336
195,39	-351,372
195,61	-108,963
195,83	-297,326
196,04	98,848
196,26	-153,618
196,48	38,192
196,70	483,042
196,91	134,094
197,13	328,025
197,35	-72,901
197,56	766,161
197,78	1275,896
198,00	578,811
198,21	428,010
198,43	-643,430
198,65	211,480
198,86	330,108
199,08	324,492
199,30	183,947
199,51	-254,951
199,73	304,237
199,95	369,728
200,16	269,885
200,38	296,346
200,60	130,913
200,81	383,448
201,03	-2,527
201,25	-2042,700
201,46	184,361
201,68	106,004
201,90	3578,864
202,11	-333,092
202,33	156,679
202,55	-90,375
202,76	-179,142
202,98	206,864
203,20	0,144
203,41	-288,789
203,63	149,644
203,85	-170970,000
204,06	133,573
204,28	-45,470
204,50	99,190
204,71	502,420
204,93	359,760
205,15	485,151
205,36	-197,839
205,58	359,251
205,80	-128,748
206,01	97,767
206,23	74,440
206,45	209,655
206,66	129,712
206,88	-143,647
207,10	224,932
207,31	274,132
207,53	56,486
207,75	54,868
207,96	839,328
208,18	-273,328
208,39	123,819
208,61	4807,714
208,83	-480,049
209,04	354,540
209,26	-319,217
209,48	234,334
209,69	184,306
209,91	504,628
210,13	54,685
210,34	141,574
210,56	167,810
210,77	-1388,740
210,99	92,026
211,21	6139,412
211,42	-126,088
211,64	-16,041
211,86	83,912
212,07	252,269
212,29	244,825
212,50	123,855
212,72	377,192
212,94	48,047
213,15	165,422
213,37	158,049
213,58	-19,889
213,80	-3888,214
214,02	8733,529
214,23	364,544
214,45	418,918
214,67	-1744,756
214,88	-262,651
215,10	-220,194
215,31	1,900
215,53	-10,295
215,75	245,687
215,96	1302,298
216,18	291,127
216,39	160,181
216,61	455,830
216,83	68,170
217,04	576,067
217,26	27,532
217,47	177,816
217,69	363,370
217,91	-129,820
218,12	-60270,000
218,34	140,333
218,55	365,172
218,77	12,131
218,99	135,240
219,20	-133,516
219,42	437,607
219,63	46,119
219,85	-61,123
220,06	280,269
220,28	186,588
220,50	145,601
220,71	84,179
220,93	2699,434
221,14	-2024,700
221,36	156,654
221,58	-52,309
221,79	-95,956
222,01	1233,362
222,22	662,961
222,44	-293,596
222,65	167,138
222,87	710,979
223,09	128,640
223,30	105,534
223,52	70,215
223,73	211,221
223,95	130,521
224,16	302,412
224,38	217,464
224,60	83,958
224,81	179,513
225,03	81,244
225,24	177,848
225,46	116,561
225,67	-2,823
225,89	35,301
226,10	430,934
226,32	899,760
226,54	7,334
226,75	72,213
226,97	135,106
227,18	108,279
227,40	51,051
227,61	68,532
227,83	39,891
228,04	82,880
228,26	96,531
228,47	47,763
228,69	140,351
228,91	155,482
229,12	91,011
229,34	52,752
229,55	51,560
229,77	54,209
229,98	28,640
230,20	28,160
230,41	-2,402
230,63	85,295
230,84	69,003
231,06	26,504
231,27	3,298
231,49	48,473
231,71	12,625
231,92	18,860
232,14	12,931
232,35	66,983
232,57	21,104
232,78	5,066
233,00	53,078
233,21	38,594
233,43	4,661
233,64	19,448
233,86	38,950
234,07	26,828
234,29	7,574
234,50	18,221
234,72	44,610
234,93	5,128
235,15	11,409
235,36	24,668
235,58	34,835
235,79	42,069
236,01	24,034
236,22	16,291
236,44	42,206
236,65	23,113
236,87	21,129
237,08	6,568
237,30	-4,786
237,51	18,281
237,73	-5,470
237,94	-0,672
238,16	10,516
238,37	7,177
238,59	8,196
238,80	13,263
239,02	3,213
239,23	12,285
239,45	-12,216
239,66	25,282
239,88	22,891
240,09	21,907
240,31	1,277
240,52	4,499
240,74	12,538
240,95	19,873
241,17	-2,187
241,38	7,230
241,60	9,296
241,81	16,636
242,03	1,387
242,24	7,164
242,46	18,884
242,67	3,608
242,89	10,335
243,10	15,166
243,32	16,170
243,53	11,033
243,75	12,048
243,96	3,415
244,18	10,770
244,39	6,968
244,60	7,071
244,82	7,580
245,03	11,690
245,25	9,443
245,46	25,393
245,68	1,771
245,89	12,137
246,11	17,057
246,32	10,602
246,54	7,382
246,75	10,897
246,97	12,221
247,18	15,244
247,39	3,725
247,61	5,735
247,82	8,023
248,04	2,030
248,25	8,905
248,47	9,619
248,68	14,269
248,90	-1,012
249,11	4,962
249,33	14,883
249,54	6,360
249,75	12,067
249,97	-2,445
250,18	14,096
250,40	16,658
250,61	-7,541
250,83	1,209
251,04	-0,809
251,25	15,375
251,47	0,854
251,68	11,022
251,90	12,633
252,11	7,437
252,33	4,334
252,54	9,264
252,76	6,589
252,97	0,046
253,18	1,165
253,40	5,608
253,61	2,754
253,83	6,031
254,04	8,490
254,25	3,526
254,47	7,197
254,68	4,677
254,90	4,704
255,11	4,315
255,33	4,976
255,54	-0,518
255,75	3,533
255,97	3,586
256,18	-1,146
256,40	4,555
256,61	1,587
256,82	-0,368
257,04	10,704
257,25	-0,706
257,47	5,390
257,68	2,564
257,89	9,682
258,11	7,394
258,32	1,127
258,54	8,168
258,75	10,909
258,96	11,769
259,18	3,682
259,39	6,313
259,61	6,888
259,82	2,042
260,03	8,085
260,25	9,914
260,46	6,105
260,68	1,083
260,89	4,439
261,10	3,319
261,32	2,378
261,53	7,259
261,75	5,672
261,96	-1,124
262,17	10,718
262,39	8,442
262,60	1,789
262,81	-2,327
263,03	9,557
263,24	5,623
263,46	3,402
263,67	2,524
263,88	2,532
264,10	5,839
264,31	1,782
264,52	3,708
264,74	7,101
264,95	1,554
265,17	5,688
265,38	4,651
265,59	7,668
265,81	7,188
266,02	-1,913
266,23	0,037
266,45	12,369
266,66	9,571
266,87	9,607
267,09	1,112
267,30	8,314
267,52	5,019
267,73	5,708
267,94	3,642
268,16	7,910
268,37	4,431
268,58	5,120
268,80	1,745
269,01	3,021
269,22	7,424
269,44	7,635
269,65	4,022
269,86	0,341
270,08	7,838
270,29	1,172
270,50	4,497
270,72	6,964
270,93	-0,909
271,14	-0,768
271,36	2,420
271,57	6,258
271,78	3,997
272,00	2,517
272,21	2,652
272,42	4,901
272,64	8,137
272,85	2,492
273,06	0,944
273,28	3,814
273,49	6,781
273,70	4,653
273,92	4,920
274,13	4,700
274,34	3,107
274,56	5,401
274,77	2,206
274,98	6,112
275,20	4,562
275,41	4,160
275,62	4,691
275,84	1,964
276,05	12,112
276,26	2,361
276,47	-1,486
276,69	5,004
276,90	4,489
277,11	4,242
277,33	4,196
277,54	7,343
277,75	3,709
277,97	1,131
278,18	2,409
278,39	6,324
278,61	0,278
278,82	5,113
279,03	4,687
279,24	4,595
279,46	3,490
279,67	6,298
279,88	4,205
280,10	7,597
280,31	1,068
280,52	6,067
280,73	1,054
280,95	5,596
281,16	5,431
281,37	4,405
281,59	6,431
281,80	8,750
282,01	2,444
282,22	1,681
282,44	2,309
282,65	6,394
282,86	8,813
283,08	2,342
283,29	4,278
283,50	4,018
283,71	3,850
283,93	3,869
284,14	5,974
284,35	1,449
284,56	5,318
284,78	2,293
284,99	1,689
285,20	8,015
285,42	2,491
285,63	2,904
285,84	1,968
286,05	2,129
286,27	3,976
286,48	2,706
286,69	0,496
286,90	1,771
287,12	1,203
287,33	0,424
287,54	2,457
287,75	6,257
287,97	6,162
288,18	3,229
288,39	0,057
288,60	3,778
288,82	3,692
289,03	2,747
289,24	5,094
289,45	7,385
289,67	2,219
289,88	0,652
290,09	2,437
290,30	6,256
290,52	1,760
290,73	3,633
290,94	-1,155
291,15	4,039
291,37	4,036
291,58	4,008
291,79	2,615
292,00	4,049
292,21	4,845
292,43	2,782
292,64	0,329
292,85	2,249
293,06	7,273
293,28	1,655
293,49	0,184
293,70	7,448
293,91	3,566
294,12	2,375
294,34	1,828
294,55	4,272
294,76	0,999
294,97	6,023
295,19	-0,591
295,40	6,362
295,61	3,383
295,82	-0,877
296,03	4,132
296,25	7,682
296,46	1,558
296,67	1,914
296,88	0,429
297,09	4,053
297,31	3,860
297,52	2,347
297,73	-0,124
297,94	5,740
298,15	5,467
298,37	3,900
298,58	6,985
298,79	4,735
299,00	2,671
299,21	0,251
299,43	2,868
299,64	7,824
299,85	5,828
300,06	2,452
300,27	1,404
300,49	9,026
300,70	5,177
300,91	3,578
301,12	2,634
301,33	4,957
301,54	2,556
301,76	5,223
301,97	2,654
302,18	2,686
302,39	8,027
302,60	12,470
302,82	1,669
303,03	6,432
303,24	0,763
303,45	2,644
303,66	3,891
303,87	1,906
304,09	6,744
304,30	1,725
304,51	2,496
304,72	1,520
304,93	5,901
305,14	5,481
305,36	0,219
305,57	1,091
305,78	7,057
305,99	2,796
306,20	3,487
306,41	2,318
306,62	1,741
306,84	1,592
307,05	1,517
307,26	2,012
307,47	6,407
307,68	1,530
307,89	4,761
308,11	5,820
308,32	2,316
308,53	2,758
308,74	-0,444
308,95	2,289
309,16	5,753
309,37	6,035
309,59	1,289
309,80	2,622
310,01	4,799
310,22	5,749
310,43	0,470
310,64	3,341
310,85	3,576
311,06	4,005
311,28	3,753
311,49	5,785
311,70	7,398
311,91	0,913
312,12	1,421
312,33	2,796
312,54	5,774
312,75	0,820
312,97	2,250
313,18	5,519
313,39	4,527
313,60	1,103
313,81	3,853
314,02	1,998
314,23	2,113
314,44	2,915
314,65	4,810
314,87	1,303
315,08	2,264
315,29	6,442
315,50	3,510
315,71	6,332
315,92	7,836
316,13	4,482
316,34	5,794
316,55	4,814
316,77	0,983
316,98	-0,771
317,19	3,262
317,40	4,870
317,61	5,619
317,82	1,173
318,03	1,071
318,24	1,552
318,45	5,882
318,66	1,870
318,87	2,027
319,09	5,191
319,30	3,125
319,51	3,145
319,72	6,067
319,93	5,959
320,14	2,010
320,35	6,152
320,56	1,067
320,77	3,406
320,98	7,173
321,19	3,705
321,40	1,603
321,62	5,598
321,83	2,829
322,04	1,649
322,25	4,160
322,46	7,683
322,67	6,554
322,88	3,516
323,09	2,259
323,30	4,670
323,51	5,505
323,72	4,890
323,93	2,397
324,14	0,723
324,35	2,119
324,56	-0,077
324,77	1,908
324,99	4,604
325,20	-2,253
325,41	3,345
325,62	5,637
325,83	0,958
326,04	2,877
326,25	3,589
326,46	0,916
326,67	3,328
326,88	6,083
327,09	-0,552
327,30	3,038
327,51	4,197
327,72	5,294
327,93	3,334
328,14	-0,438
328,35	1,939
328,56	6,127
328,77	2,911
328,98	3,471
329,19	5,003
329,40	4,308
329,61	1,915
329,82	0,619
330,04	3,926
330,25	3,679
330,46	5,051
330,67	1,474
330,88	4,147
331,09	4,738
331,30	4,800
331,51	4,896
331,72	3,367
331,93	3,482
332,14	2,699
332,35	0,889
332,56	1,250
332,77	3,917
332,98	0,866
333,19	1,813
333,40	3,965
333,61	4,840
333,82	4,715
334,03	3,709
334,24	6,177
334,45	3,940
334,66	6,625
334,87	4,771
335,08	1,456
335,29	3,922
335,50	0,508
335,71	0,471
335,92	4,946
336,13	7,253
336,34	0,241
336,55	7,025
336,76	5,757
336,97	4,010
337,18	-0,027
337,39	1,671
337,60	5,096
337,81	5,650
338,02	1,916
338,23	3,410
338,44	2,888
338,65	2,317
338,86	2,197
339,07	2,155
339,28	4,661
339,49	4,109
339,70	1,762
339,91	0,237
340,11	7,466
340,32	3,147
340,53	-0,644
340,74	0,240
340,95	3,633
341,16	2,479
341,37	3,993
341,58	0,580
341,79	5,190
342,00	2,849
342,21	2,700
342,42	2,040
342,63	3,187
342,84	2,348
343,05	2,792
343,26	5,522
343,47	3,782
343,68	0,619
343,89	2,110
344,10	4,075
344,31	5,116
344,52	4,066
344,73	1,939
344,94	4,548
345,14	2,150
345,35	3,144
345,56	5,303
345,77	0,167
345,98	3,429
346,19	2,249
346,40	2,549
346,61	4,011
346,82	1,548
347,03	3,631
347,24	4,374
347,45	2,099
347,66	8,094
347,87	2,963
348,08	5,887
348,28	-0,315
348,49	4,975
348,70	4,919
348,91	6,008
349,12	2,452
349,33	17,462
349,54	3,644
349,75	4,866
349,96	4,860
350,17	3,716
350,38	5,173
350,59	4,402
350,80	2,940
351,00	5,443
351,21	6,923
351,42	-1,848
351,63	-0,621
351,84	2,845
352,05	5,055
352,26	3,950
352,47	4,408
352,68	5,496
352,89	5,906
353,09	7,889
353,30	1,444
353,51	2,635
353,72	6,634
353,93	5,756
354,14	2,649
354,35	4,657
354,56	5,748
354,77	4,924
354,98	2,362
355,18	5,142
355,39	7,849
355,60	0,923
355,81	3,754
356,02	4,271
356,23	4,837
356,44	-0,811
356,65	2,990
356,85	9,678
357,06	8,040
357,27	6,021
357,48	0,899
357,69	3,831
357,90	3,610
358,11	0,231
358,32	3,997
358,52	5,723
358,73	3,308
358,94	0,388
359,15	5,595
359,36	3,234
359,57	2,821
359,78	4,138
359,98	2,551
360,19	2,198
360,40	4,670
360,61	6,524
360,82	3,212
361,03	7,419
361,24	5,323
361,44	2,721
361,65	4,995
361,86	2,179
362,07	3,442
362,28	0,297
362,49	-0,092
362,70	3,968
362,90	5,591
363,11	3,648
363,32	-0,063
363,53	3,020
363,74	6,666
363,95	4,187
364,15	3,476
364,36	4,762
364,57	3,058
364,78	2,911
364,99	1,786
365,20	6,192
365,40	7,144
365,61	2,110
365,82	7,744
366,03	4,628
366,24	3,672
366,45	2,987
366,65	3,205
366,86	2,923
367,07	5,357
367,28	2,725
367,49	5,017
367,69	5,708
367,90	3,940
368,11	3,523
368,32	0,282
368,53	3,904
368,73	7,299
368,94	1,589
369,15	3,475
369,36	6,706
369,57	1,518
369,78	2,778
369,98	4,339
370,19	7,412
370,40	3,769
370,61	5,655
370,82	4,254
371,02	7,147
371,23	6,631
371,44	4,860
371,65	2,809
371,85	8,120
372,06	3,937
372,27	3,324
372,48	2,495
372,69	1,500
372,89	3,583
373,10	-0,066
373,31	4,659
373,52	4,377
373,73	9,166
373,93	3,970
374,14	5,762
374,35	5,646
374,56	7,149
374,76	6,184
374,97	1,846
375,18	5,876
375,39	5,104
375,60	5,850
375,80	5,192
376,01	1,016
376,22	5,261
376,43	4,736
376,63	5,869
376,84	1,906
377,05	2,841
377,26	2,174
377,46	3,653
377,67	2,597
377,88	5,230
378,09	7,668
378,29	3,414
378,50	3,439
378,71	9,493
378,92	2,111
379,12	3,434
379,33	5,499
379,54	7,098
379,75	5,771
379,95	3,230
380,16	6,245
380,37	9,436
380,58	5,213
380,78	5,262
380,99	3,109
381,20	4,123
381,41	1,366
381,61	5,249
381,82	6,835
382,03	5,655
382,24	5,478
382,44	5,701
382,65	8,606
382,86	5,269
383,06	5,070
383,27	5,742
383,48	4,338
383,69	7,382
383,89	7,029
384,10	6,588
384,31	3,881
384,51	4,841
384,72	6,183
384,93	3,781
385,14	5,261
385,34	6,833
385,55	5,662
385,76	3,505
385,96	9,346
386,17	5,379
386,38	6,488
386,59	11,071
386,79	6,887
387,00	11,720
387,21	10,380
387,41	7,976
387,62	5,869
387,83	12,550
388,03	6,012
388,24	2,331
388,45	5,264
388,66	9,717
388,86	8,959
389,07	4,026
389,28	10,180
389,48	9,216
389,69	6,731
389,90	6,063
390,10	9,452
390,31	12,264
390,52	2,621
390,72	6,394
390,93	7,125
391,14	7,657
391,34	8,648
391,55	12,581
391,76	13,943
391,96	8,095
392,17	8,599
392,38	11,149
392,58	10,566
392,79	11,010
393,00	5,073
393,20	6,623
393,41	11,743
393,62	10,219
393,82	8,927
394,03	11,581
394,24	11,964
394,44	13,826
394,65	15,844
394,86	9,700
395,06	14,448
395,27	8,686
395,48	7,992
395,68	12,628
395,89	12,723
396,10	14,462
396,30	10,861
396,51	9,481
396,72	10,552
396,92	8,400
397,13	14,025
397,34	7,861
397,54	15,304
397,75	13,002
397,95	11,440
398,16	13,796
398,37	15,042
398,57	11,689
398,78	14,031
398,99	17,337
399,19	16,060
399,40	19,113
399,60	13,437
399,81	17,084
400,02	15,431
400,22	16,899
400,43	17,297
400,64	15,246
400,84	19,831
401,05	19,551
401,25	18,645
401,46	17,022
401,67	18,006
401,87	14,536
402,08	15,965
402,29	16,757
402,49	21,978
402,70	19,124
402,90	14,911
403,11	18,784
403,32	20,006
403,52	17,333
403,73	25,214
403,93	21,108
404,14	22,711
404,35	19,973
404,55	17,376
404,76	17,409
404,96	21,173
405,17	22,051
405,38	23,906
405,58	15,397
405,79	21,993
405,99	22,855
406,20	20,321
406,40	18,773
406,61	26,176
406,82	18,627
407,02	25,658
407,23	22,631
407,43	21,054
407,64	20,767
407,85	23,445
408,05	19,950
408,26	29,034
408,46	28,922
408,67	20,101
408,87	21,988
409,08	26,241
409,29	28,232
409,49	27,107
409,70	24,264
409,90	25,357
410,11	25,702
410,31	27,602
410,52	25,183
410,72	24,927
410,93	26,517
411,14	23,469
411,34	20,294
411,55	29,636
411,75	28,365
411,96	24,839
412,16	27,038
412,37	24,544
412,57	27,032
412,78	28,722
412,99	26,042
413,19	29,038
413,40	29,604
413,60	25,362
413,81	27,250
414,01	27,007
414,22	26,523
414,42	25,732
414,63	24,990
414,83	32,655
415,04	32,363
415,24	29,205
415,45	28,650
415,65	34,666
415,86	29,731
416,07	26,323
416,27	27,592
416,48	35,918
416,68	34,395
416,89	30,609
417,09	31,591
417,30	35,899
417,50	32,563
417,71	33,321
417,91	30,659
418,12	29,851
418,32	32,887
418,53	28,154
418,73	33,735
418,94	30,619
419,14	30,512
419,35	27,085
419,55	31,487
419,76	34,811
419,96	28,270
420,17	27,260
420,37	33,499
420,58	32,203
420,78	31,321
420,99	34,521
421,19	34,141
421,40	33,555
421,60	35,000
421,81	32,427
422,01	35,790
422,22	32,473
422,42	35,375
422,63	41,012
422,83	34,868
423,04	39,035
423,24	40,732
423,45	32,428
423,65	39,324
423,86	38,319
424,06	36,094
424,27	33,930
424,47	31,842
424,67	35,217
424,88	37,369
425,08	33,745
425,29	41,450
425,49	33,632
425,70	28,985
425,90	37,550
426,11	33,779
426,31	35,099
426,52	35,886
426,72	34,775
426,93	34,146
427,13	38,257
427,33	36,173
427,54	38,650
427,74	38,367
427,95	39,703
428,15	34,102
428,36	38,488
428,56	30,499
428,77	36,084
428,97	32,680
429,18	37,090
429,38	33,871
429,58	37,436
429,79	40,021
429,99	35,984
430,20	35,049
430,40	40,727
430,61	35,611
430,81	32,491
431,01	34,651
431,22	37,883
431,42	37,916
431,63	34,673
431,83	39,005
432,04	33,710
432,24	40,766
432,44	33,899
432,65	36,594
432,85	35,661
433,06	36,960
433,26	32,261
433,47	30,187
433,67	36,897
433,87	36,316
434,08	29,558
434,28	36,521
434,49	35,373
434,69	39,233
434,89	32,632
435,10	35,859
435,30	40,526
435,51	32,284
435,71	35,381
435,91	37,417
436,12	34,456
436,32	34,136
436,53	37,492
436,73	35,664
436,93	38,586
437,14	38,243
437,34	38,205
437,55	34,952
437,75	39,648
437,95	40,604
438,16	36,396
438,36	35,880
438,57	35,277
438,77	36,697
438,97	43,537
439,18	42,613
439,38	40,170
439,58	37,722
439,79	40,446
439,99	35,273
440,20	39,180
440,40	37,359
440,60	39,063
440,81	40,316
441,01	36,548
441,21	39,494
441,42	41,171
441,62	43,413
441,83	37,226
442,03	38,836
442,23	41,817
442,44	38,547
442,64	37,555
442,84	38,119
443,05	37,040
443,25	37,882
443,45	41,618
443,66	35,976
443,86	36,581
444,06	39,525
444,27	34,468
444,47	36,978
444,67	37,278
444,88	38,953
445,08	38,656
445,28	40,113
445,49	35,813
445,69	34,625
445,90	37,531
446,10	41,864
446,30	40,343
446,51	37,923
446,71	43,269
446,91	43,248
447,12	38,836
447,32	32,372
447,52	44,372
447,72	42,736
447,93	36,795
448,13	36,477
448,33	46,080
448,54	41,564
448,74	39,145
448,94	38,060
449,15	42,393
449,35	36,863
449,55	40,030
449,76	45,607
449,96	39,708
450,16	40,467
450,37	38,218
450,57	36,423
450,77	35,280
450,98	46,081
451,18	40,940
451,38	38,553
451,58	40,023
451,79	42,061
451,99	39,644
452,19	36,728
452,40	43,317
452,60	39,551
452,80	35,288
453,00	38,674
453,21	41,529
453,41	44,086
453,61	41,090
453,82	41,596
454,02	39,677
454,22	43,644
454,42	38,192
454,63	40,636
454,83	38,187
455,03	39,082
455,24	39,074
455,44	40,688
455,64	41,044
455,84	39,003
456,05	39,008
456,25	32,327
456,45	39,483
456,65	39,425
456,86	41,858
457,06	37,947
457,26	44,382
457,47	42,761
457,67	40,438
457,87	35,592
458,07	41,182
458,28	42,586
458,48	38,958
458,68	35,000
458,88	42,474
459,09	39,410
459,29	47,508
459,49	39,849
459,69	43,475
459,90	40,016
460,10	39,160
460,30	40,215
460,50	39,813
460,71	40,758
460,91	36,283
461,11	38,584
461,31	37,358
461,52	43,878
461,72	38,332
461,92	39,641
462,12	46,362
462,32	40,239
462,53	40,122
462,73	37,521
462,93	41,815
463,13	41,475
463,34	36,632
463,54	38,366
463,74	43,084
463,94	38,682
464,14	39,993
464,35	37,356
464,55	45,823
464,75	41,372
464,95	41,817
465,16	36,006
465,36	41,661
465,56	40,714
465,76	38,282
465,96	36,433
466,17	39,472
466,37	37,844
466,57	40,444
466,77	38,428
466,97	39,260
467,18	42,510
467,38	42,495
467,58	43,284
467,78	44,763
467,98	40,690
468,19	40,077
468,39	41,311
468,59	42,950
468,79	38,767
468,99	38,767
469,19	34,120
469,40	44,539
469,60	33,750
469,80	37,785
470,00	43,435
470,20	43,425
470,41	38,346
470,61	42,836
470,81	38,219
471,01	36,254
471,21	38,921
471,41	38,734
471,62	41,194
471,82	39,339
472,02	37,092
472,22	43,008
472,42	39,987
472,62	41,958
472,83	40,946
473,03	40,357
473,23	36,846
473,43	44,156
473,63	38,740
473,83	43,997
474,03	36,884
474,24	46,069
474,44	37,426
474,64	40,452
474,84	37,959
475,04	40,223
475,24	41,403
475,45	41,384
475,65	38,655
475,85	40,520
476,05	36,655
476,25	40,161
476,45	40,270
476,65	45,339
476,85	39,871
477,06	39,483
477,26	36,118
477,46	38,552
477,66	40,256
477,86	42,147
478,06	38,144
478,26	44,471
478,46	38,577
478,67	40,487
478,87	37,437
479,07	39,170
479,27	42,082
479,47	42,032
479,67	36,304
479,87	40,275
480,07	39,174
480,28	37,379
480,48	36,553
480,68	39,107
480,88	45,196
481,08	37,395
481,28	39,213
481,48	40,632
481,68	39,330
481,88	34,991
482,08	34,979
482,29	42,523
482,49	33,623
482,69	38,660
482,89	37,215
483,09	41,671
483,29	37,942
483,49	38,105
483,69	37,988
483,89	37,798
484,09	34,765
484,29	34,501
484,50	38,417
484,70	40,524
484,90	37,718
485,10	36,244
485,30	39,484
485,50	41,548
485,70	37,414
485,90	35,193
486,10	34,136
486,30	34,187
486,50	38,455
486,70	37,222
486,90	40,231
487,10	38,892
487,30	34,081
487,51	37,703
487,71	33,628
487,91	34,931
488,11	38,458
488,31	33,076
488,51	37,275
488,71	35,304
488,91	38,135
489,11	35,170
489,31	35,670
489,51	35,121
489,71	37,059
489,91	37,071
490,11	34,406
490,31	36,324
490,51	39,439
490,71	38,916
490,91	36,343
491,11	35,713
491,31	36,477
491,51	33,587
491,72	35,611
491,92	35,767
492,12	39,542
492,32	37,849
492,52	41,024
492,72	38,148
492,92	36,675
493,12	36,849
493,32	35,510
493,52	34,552
493,72	37,399
493,92	39,040
494,12	38,202
494,32	37,001
494,52	35,649
494,72	35,845
494,92	37,008
495,12	38,531
495,32	43,539
495,52	38,349
495,72	38,806
495,92	41,497
496,12	40,655
496,32	35,836
496,52	38,606
496,72	35,759
496,92	41,352
497,12	38,190
497,32	40,729
497,52	41,443
497,72	40,815
497,92	41,564
498,12	36,628
498,32	38,963
498,52	38,662
498,72	37,042
498,92	37,748
499,12	41,547
499,32	38,883
499,52	38,028
499,72	39,685
499,92	39,955
500,12	40,042
500,32	39,272
500,52	37,287
500,72	44,226
500,91	39,093
501,11	37,004
501,31	35,495
501,51	42,992
501,71	41,050
501,91	42,243
502,11	37,221
502,31	40,320
502,51	41,451
502,71	37,991
502,91	39,411
503,11	39,111
503,31	41,623
503,51	37,906
503,71	38,679
503,91	43,050
504,11	41,166
504,31	38,730
504,51	41,309
504,71	43,640
504,91	38,646
505,10	41,530
505,30	39,322
505,50	43,603
505,70	36,785
505,90	40,189
506,10	36,567
506,30	39,945
506,50	41,085
506,70	42,225
506,90	39,570
507,10	40,674
507,30	39,241
507,50	42,273
507,70	40,329
507,89	38,202
508,09	39,833
508,29	40,139
508,49	40,015
508,69	37,907
508,89	36,345
509,09	39,377
509,29	42,719
509,49	41,932
509,69	43,682
509,89	40,509
510,09	36,634
510,28	40,243
510,48	40,224
510,68	40,592
510,88	41,261
511,08	36,722
511,28	39,646
511,48	39,681
511,68	37,545
511,88	37,141
512,07	38,835
512,27	40,476
512,47	38,108
512,67	37,231
512,87	38,499
513,07	38,539
513,27	37,367
513,47	36,261
513,67	37,816
513,86	38,838
514,06	40,760
514,26	39,029
514,46	40,748
514,66	37,873
514,86	39,780
515,06	40,178
515,26	42,453
515,45	40,025
515,65	39,055
515,85	39,353
516,05	37,949
516,25	39,259
516,45	41,882
516,65	40,147
516,84	38,956
517,04	43,152
517,24	39,081
517,44	38,903
517,64	43,305
517,84	43,031
518,04	39,907
518,23	40,625
518,43	42,246
518,63	38,533
518,83	39,061
519,03	39,937
519,23	42,032
519,42	37,974
519,62	38,456
519,82	39,261
520,02	38,427
520,22	39,818
520,42	37,377
520,61	39,615
520,81	40,079
521,01	43,846
521,21	36,225
521,41	41,395
521,61	43,688
521,80	36,671
522,00	37,235
522,20	39,586
522,40	40,460
522,60	40,172
522,79	37,752
522,99	40,665
523,19	37,333
523,39	41,763
523,59	37,911
523,78	40,926
523,98	38,390
524,18	38,360
524,38	36,923
524,58	37,184
524,77	42,934
524,97	39,387
525,17	40,352
525,37	37,804
525,57	42,428
525,76	40,455
525,96	42,272
526,16	36,975
526,36	37,926
526,56	39,145
526,75	40,411
526,95	41,002
527,15	37,033
527,35	39,340
527,55	38,899
527,74	42,165
527,94	39,874
528,14	37,946
528,34	38,325
528,53	40,208
528,73	38,785
528,93	42,722
529,13	36,102
529,32	40,085
529,52	41,072
529,72	38,122
529,92	37,775
530,12	39,763
530,31	34,111
530,51	40,000
530,71	42,143
530,91	39,533
531,10	35,767
531,30	38,240
531,50	37,869
531,70	39,616
531,89	38,122
532,09	38,491
532,29	35,211
532,49	37,235
532,68	37,435
532,88	36,647
533,08	35,138
533,28	37,802
533,47	38,511
533,67	40,028
533,87	37,628
534,06	42,753
534,26	36,537
534,46	37,767
534,66	37,227
534,85	39,259
535,05	31,724
535,25	37,775
535,45	35,565
535,64	38,278
535,84	37,913
536,04	37,304
536,23	36,837
536,43	41,113
536,63	36,364
536,83	36,685
537,02	35,886
537,22	37,270
537,42	35,412
537,61	34,737
537,81	38,333
538,01	35,388
538,20	36,014
538,40	35,634
538,60	35,756
538,80	34,039
538,99	34,656
539,19	33,694
539,39	33,999
539,58	34,379
539,78	30,456
539,98	31,899
540,17	29,827
540,37	33,597
540,57	30,386
540,76	30,096
540,96	28,193
541,16	30,952
541,36	27,615
541,55	25,877
541,75	24,641
541,95	25,534
542,14	25,601
542,34	24,467
542,54	24,294
542,73	26,801
542,93	26,035
543,13	25,259
543,32	25,695
543,52	26,464
543,72	25,109
543,91	26,245
544,11	24,658
544,31	25,875
544,50	25,109
544,70	26,494
544,89	27,908
545,09	29,740
545,29	25,445
545,48	27,464
545,68	27,128
545,88	28,585
546,07	26,759
546,27	27,587
546,47	27,739
546,66	29,267
546,86	31,590
547,06	29,657
547,25	30,235
547,45	30,764
547,64	31,653
547,84	33,566
548,04	33,070
548,23	33,962
548,43	34,767
548,63	36,759
548,82	34,965
549,02	33,758
549,21	34,033
549,41	34,101
549,61	35,726
549,80	32,645
550,00	34,343
550,20	33,268
550,39	35,250
550,59	31,070
550,78	35,002
550,98	34,230
551,18	35,731
551,37	37,555
551,57	34,647
551,76	36,117
551,96	35,305
552,16	35,628
552,35	35,635
552,55	37,267
552,74	35,105
552,94	39,448
553,14	35,954
553,33	33,360
553,53	36,081
553,72	36,947
553,92	37,323
554,12	35,062
554,31	36,544
554,51	37,546
554,70	35,242
554,90	36,351
555,09	39,213
555,29	37,638
555,49	37,219
555,68	39,783
555,88	34,867
556,07	35,707
556,27	37,663
556,46	36,620
556,66	35,129
556,86	39,403
557,05	36,085
557,25	35,161
557,44	37,470
557,64	35,279
557,83	38,738
558,03	36,142
558,22	36,950
558,42	37,720
558,62	39,601
558,81	38,426
559,01	35,212
559,20	36,925
559,40	35,680
559,59	37,485
559,79	35,884
559,98	37,485
560,18	38,671
560,37	37,065
560,57	37,341
560,76	34,435
560,96	34,644
561,16	38,588
561,35	36,149
561,55	40,112
561,74	37,468
561,94	38,144
562,13	37,933
562,33	38,129
562,52	38,530
562,72	36,191
562,91	37,122
563,11	36,349
563,30	39,876
563,50	34,804
563,69	35,117
563,89	36,546
564,08	36,544
564,28	36,739
564,47	36,623
564,67	37,772
564,86	38,893
565,06	37,644
565,25	37,851
565,45	36,394
565,64	39,377
565,84	36,574
566,03	35,695
566,23	38,627
566,42	37,474
566,62	36,956
566,81	35,758
567,01	38,745
567,20	39,126
567,40	35,338
567,59	36,556
567,79	38,590
567,98	39,325
568,18	39,290
568,37	38,836
568,57	38,655
568,76	40,307
568,96	35,509
569,15	36,300
569,35	37,014
569,54	40,414
569,73	39,422
569,93	38,081
570,12	37,855
570,32	38,595
570,51	36,971
570,71	37,212
570,90	39,770
571,10	37,212
571,29	38,047
571,49	36,990
571,68	40,040
571,87	38,179
572,07	37,807
572,26	35,686
572,46	38,696
572,65	38,862
572,85	36,710
573,04	35,964
573,24	39,525
573,43	42,541
573,62	39,136
573,82	39,300
574,01	37,187
574,21	37,317
574,40	36,934
574,60	36,285
574,79	37,606
574,98	37,271
575,18	38,633
575,37	35,321
575,57	37,216
575,76	37,358
575,96	37,038
576,15	37,074
576,34	38,080
576,54	38,284
576,73	38,370
576,93	37,012
577,12	37,051
577,31	39,128
577,51	38,045
577,70	37,894
577,90	37,259
578,09	35,569
578,28	35,390
578,48	37,757
578,67	40,113
578,87	36,785
579,06	36,041
579,25	36,842
579,45	38,373
579,64	35,586
579,84	36,826
580,03	35,788
580,22	38,558
580,42	35,940
580,61	37,228
580,81	35,354
581,00	38,769
581,19	38,017
581,39	36,277
581,58	37,812
581,77	38,194
581,97	37,638
582,16	35,133
582,35	34,914
582,55	36,705
582,74	38,821
582,94	37,465
583,13	35,181
583,32	36,314
583,52	37,116
583,71	37,008
583,90	36,464
584,10	36,444
584,29	37,645
584,48	35,352
584,68	35,431
584,87	37,265
585,06	35,251
585,26	35,487
585,45	35,995
585,65	35,672
585,84	34,607
586,03	36,119
586,23	33,386
586,42	36,307
586,61	36,563
586,81	36,304
587,00	36,978
587,19	36,038
587,39	38,162
587,58	35,594
587,77	36,101
587,97	35,615
588,16	36,660
588,35	35,824
588,54	35,992
588,74	35,703
588,93	37,402
589,12	35,247
589,32	35,221
589,51	34,982
589,70	34,172
589,90	33,809
590,09	36,580
590,28	37,912
590,48	35,822
590,67	35,585
590,86	36,081
591,06	35,410
591,25	36,290
591,44	36,204
591,63	36,105
591,83	36,576
592,02	36,189
592,21	34,074
592,41	36,385
592,60	36,224
592,79	36,027
592,98	35,538
593,18	35,994
593,37	35,533
593,56	36,633
593,76	37,184
593,95	34,314
594,14	33,842
594,33	38,663
594,53	37,125
594,72	35,227
594,91	38,869
595,10	36,592
595,30	35,941
595,49	35,292
595,68	37,625
595,88	36,870
596,07	36,705
596,26	37,868
596,45	38,049
596,65	33,204
596,84	35,200
597,03	37,061
597,22	37,541
597,42	38,332
597,61	36,262
597,80	37,310
597,99	36,124
598,19	37,911
598,38	37,877
598,57	35,471
598,76	35,999
598,95	37,824
599,15	36,467
599,34	36,097
599,53	37,115
599,72	37,944
599,92	39,232
600,11	37,472
600,30	36,484
600,49	39,696
600,69	37,526
600,88	37,534
601,07	36,495
601,26	37,701
601,45	37,715
601,65	34,613
601,84	36,033
602,03	36,446
602,22	39,367
602,42	38,295
602,61	36,830
602,80	38,629
602,99	37,345
603,18	35,913
603,38	36,682
603,57	37,315
603,76	37,379
603,95	34,894
604,14	37,591
604,34	37,342
604,53	35,978
604,72	37,802
604,91	38,758
605,10	35,282
605,29	37,007
605,49	34,718
605,68	36,322
605,87	37,284
606,06	36,454
606,25	35,917
606,45	35,449
606,64	35,701
606,83	36,687
607,02	36,113
607,21	36,239
607,40	36,596
607,60	33,789
607,79	33,074
607,98	33,196
608,17	32,855
608,36	32,435
608,55	32,483
608,75	32,703
608,94	32,116
609,13	30,089
609,32	28,269
609,51	27,143
609,70	28,654
609,89	30,008
610,09	28,758
610,28	31,598
610,47	29,613
610,66	28,246
610,85	27,524
611,04	31,832
611,23	27,159
611,43	29,723
611,62	28,788
611,81	29,055
612,00	29,216
612,19	27,927
612,38	28,157
612,57	30,399
612,77	30,997
612,96	29,705
613,15	30,450
613,34	32,081
613,53	32,304
613,72	32,921
613,91	33,085
614,10	32,054
614,29	35,082
614,49	32,354
614,68	30,608
614,87	34,364
615,06	34,697
615,25	32,263
615,44	34,011
615,63	33,311
615,82	32,290
616,01	33,724
616,21	33,294
616,40	34,578
616,59	35,151
616,78	34,163
616,97	36,025
617,16	34,269
617,35	34,004
617,54	35,364
617,73	35,163
617,92	35,408
618,11	36,106
618,31	31,463
618,50	34,707
618,69	34,509
618,88	33,410
619,07	32,744
619,26	32,480
619,45	32,944
619,64	32,736
619,83	32,243
620,02	32,797
620,21	34,748
620,40	34,409
620,59	32,043
620,78	31,386
620,97	33,390
621,17	35,125
621,36	33,466
621,55	34,048
621,74	33,595
621,93	34,029
622,12	32,890
622,31	32,254
622,50	34,514
622,69	35,452
622,88	34,365
623,07	35,237
623,26	34,249
623,45	35,625
623,64	33,262
623,83	34,166
624,02	35,799
624,21	35,395
624,40	33,849
624,59	31,398
624,78	34,385
624,97	36,507
625,16	32,290
625,35	30,204
625,54	33,496
625,73	33,442
625,92	33,093
626,12	35,473
626,31	36,500
626,50	34,989
626,69	33,319
626,88	31,752
627,07	33,017
627,26	34,015
627,45	31,882
627,64	31,899
627,83	35,665
628,02	31,588
628,21	33,183
628,40	32,063
628,59	35,188
628,78	32,835
628,97	31,102
629,16	32,037
629,35	32,878
629,54	35,671
629,73	33,250
629,92	31,226
630,10	33,821
630,29	34,595
630,48	31,237
630,67	31,183
630,86	32,338
631,05	33,343
631,24	34,033
631,43	31,643
631,62	34,902
631,81	32,625
632,00	33,458
632,19	30,895
632,38	33,827
632,57	35,581
632,76	32,327
632,95	32,105
633,14	35,464
633,33	34,012
633,52	34,225
633,71	33,713
633,90	32,454
634,09	34,164
634,28	32,619
634,47	31,815
634,66	33,699
634,85	32,904
635,04	35,113
635,22	33,647
635,41	33,256
635,60	35,884
635,79	32,587
635,98	32,537
636,17	34,046
636,36	33,275
636,55	32,631
636,74	30,884
636,93	33,290
637,12	33,009
637,31	33,324
637,50	31,915
637,69	34,821
637,87	35,406
638,06	33,358
638,25	32,417
638,44	34,182
638,63	31,388
638,82	33,265
639,01	33,324
639,20	32,379
639,39	34,976
639,58	31,066
639,77	33,461
639,95	33,050
640,14	32,594
640,33	32,445
640,52	33,072
640,71	36,049
640,90	33,699
641,09	34,323
641,28	30,796
641,47	34,417
641,66	32,993
641,84	34,238
642,03	31,261
642,22	32,846
642,41	34,301
642,60	33,258
642,79	33,504
642,98	33,635
643,17	32,694
643,35	31,737
643,54	32,455
643,73	34,655
643,92	34,045
644,11	31,887
644,30	31,783
644,49	34,716
644,67	31,497
644,86	31,249
645,05	35,662
645,24	32,783
645,43	33,004
645,62	33,338
645,81	34,621
645,99	34,024
646,18	34,086
646,37	32,554
646,56	33,686
646,75	33,863
646,94	34,874
647,13	33,617
647,31	33,741
647,50	32,445
647,69	35,848
647,88	33,574
648,07	34,224
648,26	36,042
648,44	34,360
648,63	32,778
648,82	33,180
649,01	37,142
649,20	30,899
649,38	33,070
649,57	32,589
649,76	30,991
649,95	34,817
650,14	31,737
650,33	32,602
650,51	33,950
650,70	34,880
650,89	32,889
651,08	33,403
651,27	34,612
651,45	31,223
651,64	32,361
651,83	33,786
652,02	34,329
652,21	32,465
652,39	35,301
652,58	34,824
652,77	34,078
652,96	34,414
653,15	33,830
653,33	33,956
653,52	34,062
653,71	36,258
653,90	34,888
654,09	34,659
654,27	34,284
654,46	36,675
654,65	35,195
654,84	35,877
655,02	36,638
655,21	35,814
655,40	36,868
655,59	34,256
655,77	36,493
655,96	34,970
656,15	37,120
656,34	37,448
656,53	36,298
656,71	35,269
656,90	35,400
657,09	36,278
657,28	36,101
657,46	35,291
657,65	34,550
657,84	32,901
658,03	34,064
658,21	33,549
658,40	34,779
658,59	33,828
658,78	34,370
658,96	32,430
659,15	32,101
659,34	34,216
659,52	32,826
659,71	33,404
659,90	32,010
660,09	33,235
660,27	32,047
660,46	34,715
660,65	33,026
660,84	33,180
661,02	34,234
661,21	34,961
661,40	33,181
661,58	31,753
661,77	33,528
661,96	28,929
662,15	33,026
662,33	32,387
662,52	34,171
662,71	33,282
662,89	31,880
663,08	32,841
663,27	32,645
663,45	33,047
663,64	32,825
663,83	29,892
664,02	32,216
664,20	34,596
664,39	30,897
664,58	33,677
664,76	32,061
664,95	33,617
665,14	32,382
665,32	32,782
665,51	33,241
665,70	33,793
665,88	34,530
666,07	33,404
666,26	35,351
666,44	34,572
666,63	31,804
666,82	32,218
667,00	33,455
667,19	32,055
667,38	31,966
667,56	33,370
667,75	33,179
667,94	33,785
668,12	31,264
668,31	32,263
668,50	34,033
668,68	33,692
668,87	31,391
669,06	33,502
669,24	34,344
669,43	32,295
669,62	30,289
669,80	30,804
669,99	33,269
670,18	33,582
670,36	31,486
670,55	32,668
670,74	32,822
670,92	31,826
671,11	32,749
671,29	31,699
671,48	33,142
671,67	33,008
671,85	34,139
672,04	32,534
672,23	30,808
672,41	32,897
672,60	32,381
672,78	30,615
672,97	33,177
673,16	32,647
673,34	32,676
673,53	31,420
673,71	31,811
673,90	35,044
674,09	31,728
674,27	31,157
674,46	34,167
674,64	34,356
674,83	32,240
675,02	30,878
675,20	33,492
675,39	31,110
675,57	32,882
675,76	31,926
675,95	34,347
676,13	32,884
676,32	33,966
676,50	32,290
676,69	31,609
676,88	32,131
677,06	30,779
677,25	33,616
677,43	35,114
677,62	32,954
677,80	33,356
677,99	32,619
678,18	34,179
678,36	34,724
678,55	31,098
678,73	33,445
678,92	32,198
679,10	32,997
679,29	32,074
679,48	31,410
679,66	32,801
679,85	32,125
680,03	32,965
680,22	32,017
680,40	31,273
680,59	33,227
680,77	30,912
680,96	33,226
681,15	32,030
681,33	33,768
681,52	31,816
681,70	32,911
681,89	35,104
682,07	34,266
682,26	31,936
682,44	33,536
682,63	32,847
682,81	32,263
683,00	32,783
683,18	31,953
683,37	33,712
683,55	31,304
683,74	33,718
683,92	37,552
684,11	32,399
684,29	33,683
684,48	30,978
684,67	31,141
684,85	32,291
685,04	33,285
685,22	31,929
685,41	31,650
685,59	34,497
685,78	32,416
685,96	32,614
686,15	32,856
686,33	31,367
686,52	32,788
686,70	33,867
686,89	32,355
687,07	34,318
687,26	34,641
687,44	33,408
687,62	32,136
687,81	32,133
687,99	34,325
688,18	32,770
688,36	32,552
688,55	33,492
688,73	32,266
688,92	32,489
689,10	32,445
689,29	32,938
689,47	33,727
689,66	31,775
689,84	31,191
690,03	31,904
690,21	32,278
690,40	33,280
690,58	31,971
690,76	30,938
690,95	32,945
691,13	32,160
691,32	32,235
691,50	33,005
691,69	33,069
691,87	31,969
692,06	31,396
692,24	32,666
692,43	34,864
692,61	30,023
692,79	31,124
692,98	32,085
693,16	35,047
693,35	31,500
693,53	32,304
693,72	32,879
693,90	33,840
694,08	30,984
694,27	30,800
694,45	34,233
694,64	35,023
694,82	31,829
695,01	31,536
695,19	31,360
695,37	32,387
695,56	32,048
695,74	31,769
695,93	34,082
696,11	30,572
696,29	32,782
696,48	33,154
696,66	33,379
696,85	32,979
697,03	31,427
697,21	32,231
697,40	33,743
697,58	31,916
697,77	32,533
697,95	32,857
698,13	34,908
698,32	31,030
698,50	32,596
698,69	32,798
698,87	34,311
699,05	32,051
699,24	31,841
699,42	31,456
699,60	29,709
699,79	30,929
699,97	30,972
700,16	30,207
700,34	34,843
700,52	31,502
700,71	31,303
700,89	30,081
701,07	33,343
701,26	32,040
701,44	31,030
701,63	29,856
701,81	31,613
701,99	33,347
702,18	29,604
702,36	30,389
702,54	31,852
702,73	32,030
702,91	30,898
703,09	33,204
703,28	28,897
703,46	33,084
703,64	32,556
703,83	31,819
704,01	31,823
704,19	32,039
704,38	29,418
704,56	31,022
704,74	32,622
704,93	31,671
705,11	32,758
705,29	30,812
705,48	35,332
705,66	32,423
705,84	31,086
706,03	29,680
706,21	31,789
706,39	30,766
706,58	31,031
706,76	31,891
706,94	33,293
707,12	31,959
707,31	30,994
707,49	30,087
707,67	32,666
707,86	31,864
708,04	31,182
708,22	31,892
708,41	32,259
708,59	32,292
708,77	28,031
708,95	32,171
709,14	35,239
709,32	32,098
709,50	30,161
709,69	28,539
709,87	31,802
710,05	30,452
710,23	32,744
710,42	30,572
710,60	33,142
710,78	33,398
710,97	32,123
711,15	31,227
711,33	32,809
711,51	30,646
711,70	29,852
711,88	30,359
712,06	33,287
712,24	31,921
712,43	32,109
712,61	30,578
712,79	30,151
712,97	30,188
713,16	32,956
713,34	31,360
713,52	33,348
713,70	32,886
713,89	31,498
714,07	30,381
714,25	31,383
714,43	33,626
714,62	30,364
714,80	31,734
714,98	29,658
715,16	31,196
715,35	30,477
715,53	30,912
715,71	33,661
715,89	34,318
716,07	32,433
716,26	34,552
716,44	33,524
716,62	33,378
716,80	31,501
716,99	30,765
717,17	34,194
717,35	32,045
717,53	30,111
717,71	31,414
717,90	33,158
718,08	31,464
718,26	29,042
718,44	33,227
718,62	32,990
718,81	32,184
718,99	31,250
719,17	32,239
719,35	32,472
719,53	31,425
719,72	31,672
719,90	32,842
720,08	32,234
720,26	34,909
720,44	30,402
720,62	30,136
720,81	34,628
720,99	34,383
721,17	31,899
721,35	32,111
721,53	32,113
721,72	33,813
721,90	32,909
722,08	32,154
722,26	33,317
722,44	32,104
722,62	31,283
722,81	31,086
722,99	31,620
723,17	30,617
723,35	32,892
723,53	32,012
723,71	36,027
723,89	35,525
724,08	28,159
724,26	31,956
724,44	31,276
724,62	31,897
724,80	30,983
724,98	32,051
725,16	35,641
725,35	31,076
725,53	30,639
725,71	28,918
725,89	31,834
726,07	34,389
726,25	33,764
726,43	32,128
726,61	33,897
726,80	34,272
726,98	31,102
727,16	32,993
727,34	32,324
727,52	33,396
727,70	31,376
727,88	30,156
728,06	29,820
728,25	28,671
728,43	32,853
728,61	33,227
728,79	31,571
728,97	32,926
729,15	30,532
729,33	32,544
729,51	32,004
729,69	32,155
729,87	31,106
730,06	32,276
730,24	30,288
730,42	34,911
730,60	30,768
730,78	35,066
730,96	32,093
731,14	32,290
731,32	32,079
731,50	30,117
731,68	31,212
731,86	33,109
732,04	32,862
732,22	31,157
732,41	34,397
732,59	33,443
732,77	33,154
732,95	34,748
733,13	32,812
733,31	33,628
733,49	30,255
733,67	32,907
733,85	34,345
734,03	32,923
734,21	33,032
734,39	31,996
734,57	34,456
734,75	34,853
734,93	31,817
735,11	31,861
735,29	29,983
735,47	34,583
735,65	32,518
735,84	31,396
736,02	30,713
736,20	35,207
736,38	32,180
736,56	31,188
736,74	32,919
736,92	31,436
737,10	31,747
737,28	32,101
737,46	34,375
737,64	32,895
737,82	33,489
738,00	31,734
738,18	34,485
738,36	33,114
738,54	33,017
738,72	31,753
738,90	33,786
739,08	34,072
739,26	30,372
739,44	32,064
739,62	33,136
739,80	32,633
739,98	33,407
740,16	31,804
740,34	32,838
740,52	35,490
740,70	30,576
740,88	30,789
741,06	33,588
741,24	32,795
741,42	33,912
741,60	31,474
741,78	31,639
741,96	33,950
742,14	31,069
742,32	32,139
742,50	32,199
742,68	31,981
742,86	31,581
743,04	31,030
743,21	34,167
743,39	33,254
743,57	33,242
743,75	30,567
743,93	29,447
744,11	29,682
744,29	31,106
744,47	33,539
744,65	32,455
744,83	31,860
745,01	31,624
745,19	31,528
745,37	33,601
745,55	34,143
745,73	31,898
745,91	30,410
746,09	31,128
746,27	29,923
746,45	28,695
746,62	33,212
746,80	31,403
746,98	32,533
747,16	31,347
747,34	32,817
747,52	31,055
747,70	31,894
747,88	31,695
748,06	30,647
748,24	31,351
748,42	34,930
748,60	32,068
748,78	30,573
748,95	33,187
749,13	35,703
749,31	31,642
749,49	31,513
749,67	33,573
749,85	32,787
750,03	32,012
750,21	32,118
750,39	33,150
750,57	36,459
750,74	32,492
750,92	30,298
751,10	32,258
751,28	30,779
751,46	32,549
751,64	31,159
751,82	33,083
752,00	33,826
752,17	32,858
752,35	30,855
752,53	32,124
752,71	32,798
752,89	32,813
753,07	30,468
753,25	32,378
753,43	31,188
753,60	33,361
753,78	29,524
753,96	35,529
754,14	31,620
754,32	32,832
754,50	33,129
754,68	33,930
754,85	32,048
755,03	31,519
755,21	33,957
755,39	33,163
755,57	32,964
755,75	32,372
755,92	32,954
756,10	34,053
756,28	33,275
756,46	31,347
756,64	30,992
756,82	34,261
756,99	31,317
757,17	31,135
757,35	32,618
757,53	35,177
757,71	36,164
757,89	32,123
758,06	31,904
758,24	31,995
758,42	32,992
758,60	32,285
758,78	32,307
758,95	32,881
759,13	34,470
759,31	31,144
759,49	31,693
759,67	33,254
759,84	32,982
760,02	31,727
760,20	32,014
760,38	32,518
760,56	32,630
760,73	31,880
760,91	31,421
761,09	35,309
761,27	31,129
761,45	32,064
761,62	31,194
761,80	31,288
761,98	32,456
762,16	32,026
762,33	31,243
762,51	34,932
762,69	32,872
762,87	31,946
763,05	32,578
763,22	32,106
763,40	33,852
763,58	31,263
763,76	32,021
763,93	35,606
764,11	33,986
764,29	29,946
764,47	33,333
764,64	34,028
764,82	34,176
765,00	31,481
765,18	28,743
765,35	32,103
765,53	32,627
765,71	32,266
765,89	31,472
766,06	30,195
766,24	33,213
766,42	30,649
766,60	32,401
766,77	33,322
766,95	32,141
767,13	32,948
767,30	31,589
767,48	30,777
767,66	31,704
767,84	31,364
768,01	31,764
768,19	34,534
768,37	32,099
768,54	31,572
768,72	32,825
768,90	32,559
769,08	32,933
769,25	33,407
769,43	31,088
769,61	30,352
769,78	32,285
769,96	31,123
770,14	34,039
770,31	33,764
770,49	34,141
770,67	33,689
770,85	30,519
771,02	31,271
771,20	34,146
771,38	33,245
771,55	32,605
771,73	30,939
771,91	33,673
772,08	34,464
772,26	32,036
772,44	32,402
772,61	31,946
772,79	30,843
772,97	31,458
773,14	30,234
773,32	33,810
773,50	31,598
773,67	32,463
773,85	34,346
774,03	32,813
774,20	31,056
774,38	32,164
774,56	32,245
774,73	29,900
774,91	32,753
775,09	31,107
775,26	33,553
775,44	32,215
775,61	32,307
775,79	30,280
775,97	32,376
776,14	32,151
776,32	32,291
776,50	31,866
776,67	31,686
776,85	32,338
777,03	30,230
777,20	33,245
777,38	33,100
777,55	34,762
777,73	31,021
777,91	31,093
778,08	33,692
778,26	32,027
778,43	32,496
778,61	26,090
778,79	33,261
778,96	30,524
779,14	31,791
779,32	32,595
779,49	33,875
779,67	35,894
779,84	32,581
780,02	33,773
780,20	30,176
780,37	32,602
780,55	28,050
780,72	32,588
780,90	31,856
781,07	32,093
781,25	32,652
781,43	32,730
781,60	33,269
781,78	32,234
781,95	32,476
782,13	32,549
782,30	34,654
782,48	35,243
782,66	31,722
782,83	30,314
783,01	35,294
783,18	36,097
783,36	34,145
783,53	34,098
783,71	33,019
783,89	29,653
784,06	33,798
784,24	32,780
784,41	35,073
784,59	32,635
784,76	33,656
784,94	32,164
785,11	35,620
785,29	33,931
785,46	33,159
785,64	32,562
785,82	34,416
785,99	32,913
786,17	32,017
786,34	30,715
786,52	33,784
786,69	34,098
786,87	33,229
787,04	32,890
787,22	31,828
787,39	30,617
787,57	34,193
787,74	33,014
787,92	34,965
788,09	34,433
788,27	32,429
788,44	31,422
788,62	34,940
788,79	31,654
788,97	35,158
789,14	34,657
789,32	32,098
789,49	32,541
789,67	37,431
789,84	33,342
790,02	36,290
790,19	33,984
790,37	33,821
790,54	35,354
790,72	38,712
790,89	35,484
791,07	34,644
791,24	29,286
791,42	35,562
791,59	35,881
791,77	31,949
791,94	29,593
792,12	33,358
792,29	33,366
792,47	33,489
792,64	36,251
792,81	35,400
792,99	31,800
793,16	33,235
793,34	34,622
793,51	33,452
793,69	34,840
793,86	33,890
794,04	33,206
794,21	36,461
794,39	29,319
794,56	31,518
794,73	35,738
794,91	35,718
795,08	35,196
795,26	34,443
795,43	31,161
795,61	36,539
795,78	38,476
795,95	35,869
796,13	34,622
796,30	35,560
796,48	34,291
796,65	34,037
796,83	31,212
797,00	39,995
797,17	31,766
797,35	33,156
797,52	35,194
797,70	39,337
797,87	34,109
798,04	29,148
798,22	36,976
798,39	31,846
798,57	36,044
798,74	34,116
798,91	30,327
799,09	30,696
799,26	36,533
799,44	34,630
799,61	34,343
799,78	34,137
799,96	39,933
800,13	31,971
800,31	33,242
800,48	37,807
800,65	36,804
800,83	33,028
801,00	31,969
801,17	32,918
801,35	37,135
801,52	33,652
801,70	35,308
801,87	32,574
802,04	35,719
802,22	34,821
802,39	31,888
802,56	37,012
802,74	33,568
802,91	31,658
803,08	28,701
803,26	35,161
803,43	40,136
803,61	35,764
803,78	35,183
803,95	33,375
804,13	37,054
804,30	34,641
804,47	36,897
804,65	36,747
804,82	37,847
804,99	32,971
805,17	33,134
805,34	37,645
805,51	38,771
805,69	33,312
805,86	27,637
806,03	40,114
806,21	36,495
806,38	34,075
806,55	38,896
806,72	37,415
806,90	39,414
807,07	32,712
807,24	35,380
807,42	30,991
807,59	35,833
807,76	27,940
807,94	37,694
808,11	39,825
808,28	37,564
808,45	37,804
808,63	37,530
808,80	39,048
808,97	37,383
809,15	32,684
809,32	35,943
809,49	34,898
809,67	35,364
809,84	36,797
810,01	37,420
810,18	45,105
810,36	33,628
810,53	36,224
810,70	34,614
810,87	35,361
811,05	33,066
811,22	40,660
811,39	33,546
811,57	36,195
811,74	36,489
811,91	31,656
812,08	36,205
812,26	35,563
812,43	34,368
812,60	35,955
812,77	34,352
812,95	38,020
813,12	38,650
813,29	32,831
813,46	36,235
813,64	37,602
813,81	36,229
813,98	33,587
814,15	37,056
814,32	33,944
814,50	39,985
814,67	36,426
814,84	33,757
815,01	40,529
815,19	28,405
815,36	33,179
815,53	32,144
815,70	34,743
815,87	38,262
816,05	33,161
816,22	38,820
816,39	41,309
816,56	41,535
816,74	38,974
816,91	34,729
817,08	45,998
817,25	41,123
817,42	33,837
817,60	35,404
817,77	37,356
817,94	36,629
818,11	36,667
818,28	35,435
818,45	42,072
818,63	35,669
818,80	40,969
818,97	38,731
819,14	42,635
819,31	40,683
819,49	39,653
819,66	33,913
819,83	40,351
820,00	37,955
820,17	33,940
820,34	35,409
820,52	41,356
820,69	40,875
820,86	35,203
821,03	36,794
821,20	38,317
821,37	40,564
821,55	30,756
821,72	36,094
821,89	42,798
822,06	39,421
822,23	34,378
822,40	32,046
822,57	41,605
822,75	43,150
822,92	39,429
823,09	33,542
823,26	42,187
823,43	43,479
823,60	33,661
823,77	39,580
823,94	34,344
824,12	44,051
824,29	36,413
824,46	33,560
824,63	43,781
824,80	42,634
824,97	34,825
825,14	39,194
825,31	41,871
825,49	40,115
825,66	34,965
825,83	34,245
826,00	35,894
826,17	43,005
826,34	31,850
826,51	30,731
826,68	38,424
826,85	41,276
827,02	37,854
827,20	32,682
827,37	40,287
827,54	37,928
827,71	39,947
827,88	35,715
828,05	43,428
828,22	37,813
828,39	36,117
828,56	37,455
828,73	41,049
828,90	40,446
829,07	35,641
829,25	35,444
829,42	44,347
829,59	34,349
829,76	37,160
829,93	36,752
830,10	39,004
830,27	36,636
830,44	38,308
830,61	37,446
830,78	46,689
830,95	37,523
831,12	33,646
831,29	37,031
831,46	31,258
831,63	36,285
831,80	35,647
831,97	37,087
832,14	43,638
832,31	48,856
832,48	36,983
832,65	41,295
832,83	37,934
833,00	36,142
833,17	32,159
833,34	42,261
833,51	41,589
833,68	43,397
833,85	40,107
834,02	32,290
834,19	40,942
834,36	46,160
834,53	30,731
834,70	42,014
834,87	48,727
835,04	40,746
835,21	42,519
835,38	34,912
835,55	41,492
835,72	55,681
835,89	35,071
836,06	39,830
836,23	51,144
836,40	37,286
836,57	35,927
836,74	41,563
836,91	39,504
837,08	47,455
837,25	37,303
837,42	34,559
837,59	36,425
837,76	45,485
837,93	33,380
838,09	32,351
838,26	50,070
838,43	46,473
838,60	38,249
838,77	38,178
838,94	43,831
839,11	33,217
839,28	46,285
839,45	41,146
839,62	41,146
839,79	46,193
839,96	41,411
840,13	37,571
840,30	37,902
840,47	34,134
840,64	41,794
840,81	43,688
840,98	43,012
841,15	46,488
841,32	34,757
841,48	43,822
841,65	45,873
841,82	42,372
841,99	42,306
842,16	34,449
842,33	44,336
842,50	43,187
842,67	39,754
842,84	38,142
843,01	43,505
843,18	40,945
843,35	41,318
843,52	37,519
843,68	40,543
843,85	43,378
844,02	38,492
844,19	33,411
844,36	54,906
844,53	51,686
844,70	36,756
844,87	47,112
845,04	42,591
845,21	27,586
845,37	46,451
845,54	39,308
845,71	30,230
845,88	56,041
846,05	27,859
846,22	32,626
846,39	42,973
846,56	55,548
846,72	26,527
846,89	40,707
847,06	55,522
847,23	45,281
847,40	34,721
847,57	37,567
847,74	41,297
847,90	55,314
848,07	43,346
848,24	38,293
848,41	45,160
848,58	54,003
848,75	42,285
848,92	37,852
849,08	47,907
849,25	47,071
849,42	33,363
849,59	42,872
849,76	46,075
849,93	42,215
850,09	43,844
850,26	29,567
850,43	50,519
850,60	43,817
850,77	43,439
850,94	41,629
851,10	47,433
851,27	47,807
851,44	44,270
851,61	37,488
851,78	56,122
851,95	48,313
852,11	44,492
852,28	48,305
852,45	44,919
852,62	48,913
852,79	37,887
852,95	29,826
853,12	52,634
853,29	42,145
853,46	41,933
853,63	47,113
853,79	45,539
853,96	40,891
854,13	52,088
854,30	46,716
854,46	64,888
854,63	45,813
854,80	44,383
854,97	40,470
855,14	67,655
855,30	57,130
855,47	41,755
855,64	50,876
855,81	34,234
855,97	57,429
856,14	45,657
856,31	36,001
856,48	54,754
856,65	64,860
856,81	42,368
856,98	40,579
857,15	50,581
857,32	58,984
857,48	43,213
857,65	57,198
857,82	64,456
857,99	40,756
858,15	44,119
858,32	40,302
858,49	45,587
858,65	69,919
858,82	47,636
858,99	40,691
859,16	51,875
859,32	66,274
859,49	40,300
859,66	54,716
859,83	46,720
859,99	39,479
860,16	54,920
860,33	43,209
860,49	49,695
860,66	64,627
860,83	50,592
861,00	49,457
861,16	65,638
861,33	42,121
861,50	37,662
861,66	46,630
861,83	69,991
862,00	50,354
862,16	43,181
862,33	33,541
862,50	78,787
862,67	49,628
862,83	41,438
863,00	58,338
863,17	74,965
863,33	51,827
863,50	24,060
863,67	37,403
863,83	50,327
864,00	57,260
864,17	35,192
864,33	53,161
864,50	63,285
864,67	51,163
864,83	48,205
865,00	35,409
865,17	43,254
865,33	73,675
865,50	35,018
865,67	36,349
865,83	45,577
866,00	85,033
866,17	59,646
866,33	72,382
866,50	65,007
866,66	61,802
866,83	42,381
867,00	52,821
867,16	66,234
867,33	75,407
867,50	31,736
867,66	41,389
867,83	62,033
868,00	63,399
868,16	51,797
868,33	34,370
868,49	47,879
868,66	68,842
868,83	54,585
868,99	53,739
869,16	78,582
869,32	55,611
869,49	52,226
869,66	47,064
869,82	87,139
869,99	63,853
870,15	57,700
870,32	69,988
870,49	81,685
870,65	108,314
870,82	62,289
870,98	52,436
871,15	91,791
871,32	62,562
871,48	-3,801
871,65	31,303
871,81	56,159
871,98	45,420
872,15	45,646
872,31	37,238
872,48	93,294
872,64	72,191
872,81	54,319
872,97	47,875
873,14	88,333
873,31	74,419
873,47	36,725
873,64	77,425
873,80	113,525
873,97	110,176
874,13	31,841
874,30	51,095
874,46	79,817
874,63	57,084
874,80	64,652
874,96	44,262
875,13	105,942
875,29	46,854
875,46	81,499
875,62	65,785
875,79	84,739
875,95	52,524
876,12	45,619
876,28	20,909
876,45	90,794
876,61	64,782
876,78	65,407
876,94	87,608
877,11	84,409
877,27	73,683
877,44	59,789
877,60	26,993
877,77	120,326
877,94	111,871
878,10	63,616
878,27	72,465
878,43	106,715
878,60	20,238
878,76	62,309
878,93	16,661
879,09	142,332
879,26	114,850
879,42	49,215
879,58	83,160
879,75	103,073
879,91	137,498
880,08	-40,684
880,24	65,581
880,41	40,556
880,57	125,540
880,74	56,118
880,90	40,498
881,07	61,862
881,23	90,147
881,40	57,196
881,56	76,942
881,73	111,462
881,89	102,057
882,06	15,676
882,22	175,948
882,38	195,128
882,55	98,158
882,71	92,934
882,88	56,352
883,04	135,472
883,21	174,029
883,37	67,759
883,54	63,273
883,70	232,421
883,86	114,203
884,03	64,815
884,19	44,247
884,36	161,976
884,52	220,361
884,69	50,682
884,85	20,765
885,01	210,969
885,18	103,169
885,34	121,759
885,51	31,456
885,67	72,118
>>>>> Data<<<<< Espectral Procesado Extremo
