Fichero De Datos De SpectraSuite
++++++++++++++++++++++++++++++++++++
Fecha: Wed Apr 22 12:12:23 CEST 2009
Usuario: evoflor
Presente Oscuro Del Espectro: Sí
La Referencia de Presente Del Espectro De: Sí
Muestreados de los componentes de Número de espectros: 1
Espectrómetros: USB4F02353
Tiempo de integración (usec): 500000 (USB4F02353)
Promedio de Espectros Hechos un: 5 (USB4F02353)
El Alisar Del Furgón: 0 (USB4F02353)
Párrafo de de Corregir del la del del de Eléctrica del obscuridad: Sí (USB4F02353)
Estrobo/Lámpara Permitido: No (USB4F02353)
Correct for Detector Non-linearity: No (USB4F02353)
Párrafo de de Corregir del la del del de Externa del luz: No (USB4F02353)
Procesado del espectro de Número de pixeles en: 3648
>>>>> Comienza Data<<<<< Espectral Procesado Del EL
177,79	273,457
178,00	273,457
178,22	273,457
178,44	1389,945
178,66	-132,586
178,88	224,381
179,09	-189,426
179,31	346,635
179,53	458,251
179,75	-20,437
179,96	306,164
180,18	-275,431
180,40	700,685
180,62	437,971
180,83	-373,905
181,05	-762,378
181,27	-83215,000
181,49	-51,772
181,70	268,135
181,92	673,680
182,14	486,491
182,36	21,577
182,58	580,850
182,79	729,085
183,01	37,595
183,23	195,571
183,45	-341,892
183,66	-284,580
183,88	256,559
184,10	-2462,091
184,32	248,304
184,53	267,218
184,75	-171,404
184,97	24,409
185,18	-202,096
185,40	-326,514
185,62	144,607
185,84	6,801
186,05	221,010
186,27	-50,450
186,49	3996,731
186,71	105,111
186,92	136,536
187,14	-153,624
187,36	110,781
187,58	89,000
187,79	59,552
188,01	347,009
188,23	-272,202
188,45	161,391
188,66	359,442
188,88	-3034,818
189,10	-1435,150
189,31	-42,176
189,53	40,173
189,75	506,170
189,97	115,827
190,18	175,601
190,40	891,853
190,62	-175,605
190,83	-403,531
191,05	135,159
191,27	356,043
191,49	448,800
191,70	-278,918
191,92	-949,280
192,14	13,219
192,35	566,883
192,57	1271,857
192,79	-37,655
193,01	146,248
193,22	81,905
193,44	-55,998
193,66	69,433
193,87	-78,126
194,09	-92,508
194,31	168,775
194,53	865,140
194,74	145,831
194,96	12,040
195,18	127,664
195,39	-440,409
195,61	-83,775
195,83	-374,598
196,04	147,680
196,26	-169,422
196,48	-48,772
196,70	331,839
196,91	16,066
197,13	1,051
197,35	131,223
197,56	480,542
197,78	1238,918
198,00	569,336
198,21	543,762
198,43	-677,413
198,65	130,092
198,86	351,133
199,08	140,049
199,30	228,573
199,51	-658,029
199,73	217,568
199,95	232,710
200,16	641,981
200,38	287,541
200,60	127,696
200,81	284,186
201,03	-35,557
201,25	-1849,150
201,46	50,454
201,68	29,232
201,90	9,432
202,11	-695,477
202,33	262,504
202,55	556,438
202,76	-60,200
202,98	415,383
203,20	-503,918
203,41	-310,079
203,63	188,029
203,85	-88615,000
204,06	-11,566
204,28	-70,398
204,50	211,137
204,71	320,345
204,93	-191,080
205,15	182,877
205,36	-143,623
205,58	363,560
205,80	44,338
206,01	64,529
206,23	126,882
206,45	271,347
206,66	143,423
206,88	15,941
207,10	180,943
207,31	211,543
207,53	312,329
207,75	52,171
207,96	1238,918
208,18	-125,111
208,39	143,939
208,61	3971,857
208,83	-235,587
209,04	218,662
209,26	143,249
209,48	303,211
209,69	177,766
209,91	685,524
210,13	61,686
210,34	-64,370
210,56	192,827
210,77	-1463,110
210,99	92,468
211,21	3942,059
211,42	-162,212
211,64	0,915
211,86	242,250
212,07	241,207
212,29	239,444
212,50	111,942
212,72	309,673
212,94	157,194
213,15	178,589
213,37	122,696
213,58	-134,623
213,80	-850,536
214,02	8071,471
214,23	345,648
214,45	426,279
214,67	-1442,866
214,88	-49,715
215,10	-198,794
215,31	-28,570
215,53	43,898
215,75	141,591
215,96	1523,075
216,18	931,197
216,39	169,562
216,61	319,247
216,83	419,710
217,04	2239,494
217,26	20,992
217,47	121,292
217,69	241,730
217,91	82,436
218,12	-18415,000
218,34	96,462
218,55	359,191
218,77	75,275
218,99	76,167
219,20	-65,528
219,42	500,023
219,63	-102,591
219,85	-13,058
220,06	18,904
220,28	186,159
220,50	48,312
220,71	82,450
220,93	4321,038
221,14	-1831,150
221,36	-26,606
221,58	216,882
221,79	157,906
222,01	484,612
222,22	73,783
222,44	348,483
222,65	175,394
222,87	116,189
223,09	94,140
223,30	76,208
223,52	76,795
223,73	148,324
223,95	-36,176
224,16	177,144
224,38	352,879
224,60	54,911
224,81	140,870
225,03	56,955
225,24	178,499
225,46	114,311
225,67	33,915
225,89	32,349
226,10	272,334
226,32	514,520
226,54	-16,586
226,75	-20,166
226,97	146,257
227,18	130,552
227,40	81,070
227,61	26,238
227,83	83,557
228,04	113,124
228,26	67,279
228,47	44,715
228,69	287,805
228,91	92,468
229,12	45,491
229,34	41,313
229,55	54,854
229,77	21,941
229,98	-3,176
230,20	-5,486
230,41	-5,086
230,63	50,272
230,84	46,994
231,06	56,033
231,27	37,685
231,49	70,411
231,71	28,594
231,92	34,754
232,14	30,223
232,35	59,610
232,57	69,044
232,78	4,915
233,00	36,282
233,21	37,888
233,43	7,241
233,64	27,554
233,86	40,133
234,07	12,324
234,29	28,912
234,50	35,164
234,72	41,775
234,93	27,206
235,15	21,102
235,36	27,896
235,58	19,664
235,79	27,766
236,01	13,943
236,22	17,968
236,44	51,105
236,65	8,438
236,87	8,552
237,08	7,639
237,30	-3,105
237,51	34,102
237,73	-8,818
237,94	1,797
238,16	22,260
238,37	6,066
238,59	6,783
238,80	19,960
239,02	2,953
239,23	39,721
239,45	-3,119
239,66	20,810
239,88	31,818
240,09	29,697
240,31	1,544
240,52	5,409
240,74	12,376
240,95	14,694
241,17	3,763
241,38	5,831
241,60	13,423
241,81	28,940
242,03	9,682
242,24	10,747
242,46	19,367
242,67	8,279
242,89	11,522
243,10	21,370
243,32	16,827
243,53	16,665
243,75	5,839
243,96	7,316
244,18	21,142
244,39	13,388
244,60	6,896
244,82	0,441
245,03	17,013
245,25	11,209
245,46	24,126
245,68	4,670
245,89	21,911
246,11	17,628
246,32	15,870
246,54	5,568
246,75	17,243
246,97	18,625
247,18	16,060
247,39	8,242
247,61	13,314
247,82	0,789
248,04	7,250
248,25	2,450
248,47	11,721
248,68	11,641
248,90	4,246
249,11	7,364
249,33	20,335
249,54	11,187
249,75	12,247
249,97	7,194
250,18	14,967
250,40	17,279
250,61	-4,429
250,83	3,707
251,04	3,831
251,25	12,785
251,47	1,884
251,68	11,787
251,90	11,047
252,11	12,016
252,33	9,801
252,54	8,117
252,76	6,611
252,97	4,451
253,18	1,480
253,40	7,145
253,61	3,205
253,83	11,948
254,04	8,874
254,25	7,529
254,47	2,253
254,68	10,038
254,90	6,457
255,11	11,388
255,33	12,076
255,54	4,198
255,75	7,806
255,97	8,967
256,18	5,217
256,40	7,431
256,61	8,261
256,82	2,084
257,04	13,993
257,25	5,611
257,47	6,480
257,68	2,879
257,89	11,006
258,11	9,081
258,32	7,419
258,54	7,854
258,75	11,730
258,96	12,694
259,18	7,683
259,39	6,120
259,61	12,713
259,82	7,651
260,03	8,501
260,25	8,963
260,46	5,570
260,68	5,190
260,89	4,419
261,10	6,173
261,32	5,745
261,53	7,903
261,75	8,489
261,96	-0,064
262,17	11,591
262,39	16,288
262,60	6,406
262,81	-0,936
263,03	14,276
263,24	8,166
263,46	7,153
263,67	4,073
263,88	7,293
264,10	6,009
264,31	1,346
264,52	5,847
264,74	9,602
264,95	7,226
265,17	7,249
265,38	5,307
265,59	10,409
265,81	9,135
266,02	3,842
266,23	-0,788
266,45	10,808
266,66	13,910
266,87	8,517
267,09	6,105
267,30	8,966
267,52	13,206
267,73	3,685
267,94	5,742
268,16	9,309
268,37	7,453
268,58	7,661
268,80	7,522
269,01	6,445
269,22	11,539
269,44	7,435
269,65	2,738
269,86	2,983
270,08	9,402
270,29	5,203
270,50	6,909
270,72	12,010
270,93	7,239
271,14	3,341
271,36	6,327
271,57	8,804
271,78	9,675
272,00	10,513
272,21	7,905
272,42	9,894
272,64	7,937
272,85	3,829
273,06	4,592
273,28	9,624
273,49	9,633
273,70	6,748
273,92	9,577
274,13	8,025
274,34	5,319
274,56	8,175
274,77	3,648
274,98	8,772
275,20	5,186
275,41	8,372
275,62	9,262
275,84	10,999
276,05	14,745
276,26	5,976
276,47	4,755
276,69	11,360
276,90	9,782
277,11	3,216
277,33	6,919
277,54	6,247
277,75	9,601
277,97	4,784
278,18	7,114
278,39	8,274
278,61	5,882
278,82	5,164
279,03	7,930
279,24	4,089
279,46	2,708
279,67	8,382
279,88	5,837
280,10	11,017
280,31	2,476
280,52	6,336
280,73	4,762
280,95	9,868
281,16	10,784
281,37	10,679
281,59	12,200
281,80	13,344
282,01	7,852
282,22	9,952
282,44	3,781
282,65	12,266
282,86	9,660
283,08	5,551
283,29	5,658
283,50	10,150
283,71	7,044
283,93	7,931
284,14	8,424
284,35	6,539
284,56	7,697
284,78	5,060
284,99	8,041
285,20	12,350
285,42	8,097
285,63	7,861
285,84	2,414
286,05	6,099
286,27	6,451
286,48	6,558
286,69	4,866
286,90	5,650
287,12	4,773
287,33	2,616
287,54	6,086
287,75	8,072
287,97	7,736
288,18	3,994
288,39	6,092
288,60	8,516
288,82	5,962
289,03	6,674
289,24	6,317
289,45	10,419
289,67	9,796
289,88	3,876
290,09	6,646
290,30	9,086
290,52	6,513
290,73	5,208
290,94	2,458
291,15	5,534
291,37	5,879
291,58	7,533
291,79	3,509
292,00	7,713
292,21	9,415
292,43	3,498
292,64	4,218
292,85	3,574
293,06	10,089
293,28	4,954
293,49	3,681
293,70	8,620
293,91	6,112
294,12	5,875
294,34	6,230
294,55	7,125
294,76	4,935
294,97	8,397
295,19	4,011
295,40	8,306
295,61	7,313
295,82	3,337
296,03	6,389
296,25	7,184
296,46	5,329
296,67	3,539
296,88	2,644
297,09	7,579
297,31	4,152
297,52	6,904
297,73	4,454
297,94	7,151
298,15	7,417
298,37	4,831
298,58	7,022
298,79	6,770
299,00	4,070
299,21	4,299
299,43	5,263
299,64	9,951
299,85	8,584
300,06	5,931
300,27	1,161
300,49	9,721
300,70	5,526
300,91	5,918
301,12	6,350
301,33	5,530
301,54	6,713
301,76	7,163
301,97	4,707
302,18	5,260
302,39	9,887
302,60	14,085
302,82	7,305
303,03	7,311
303,24	6,052
303,45	6,069
303,66	4,701
303,87	4,201
304,09	8,430
304,30	3,948
304,51	5,846
304,72	6,165
304,93	8,629
305,14	3,514
305,36	6,916
305,57	4,549
305,78	8,217
305,99	5,910
306,20	5,133
306,41	4,942
306,62	4,290
306,84	4,742
307,05	4,245
307,26	6,214
307,47	9,734
307,68	5,381
307,89	3,674
308,11	6,837
308,32	4,744
308,53	6,527
308,74	3,089
308,95	5,834
309,16	7,876
309,37	6,733
309,59	6,162
309,80	5,776
310,01	7,513
310,22	7,623
310,43	3,098
310,64	6,122
310,85	8,430
311,06	3,943
311,28	6,087
311,49	5,482
311,70	8,740
311,91	4,916
312,12	5,010
312,33	7,301
312,54	6,955
312,75	6,046
312,97	4,093
313,18	7,419
313,39	5,050
313,60	5,552
313,81	6,895
314,02	5,984
314,23	9,634
314,44	3,337
314,65	6,030
314,87	2,419
315,08	5,497
315,29	9,314
315,50	6,019
315,71	6,152
315,92	10,233
316,13	6,520
316,34	9,089
316,55	6,170
316,77	3,771
316,98	5,603
317,19	4,748
317,40	6,473
317,61	8,767
317,82	2,623
318,03	3,544
318,24	6,525
318,45	8,847
318,66	6,062
318,87	3,652
319,09	7,497
319,30	8,347
319,51	6,868
319,72	6,673
319,93	9,463
320,14	6,431
320,35	5,934
320,56	4,058
320,77	5,068
320,98	10,366
321,19	6,703
321,40	7,179
321,62	8,358
321,83	4,456
322,04	4,057
322,25	6,590
322,46	8,015
322,67	8,036
322,88	8,322
323,09	5,676
323,30	8,252
323,51	8,785
323,72	7,221
323,93	3,200
324,14	5,365
324,35	1,595
324,56	3,829
324,77	5,394
324,99	7,579
325,20	2,719
325,41	6,015
325,62	5,770
325,83	5,157
326,04	4,886
326,25	8,410
326,46	3,559
326,67	7,325
326,88	5,205
327,09	6,095
327,30	3,313
327,51	8,481
327,72	6,648
327,93	8,093
328,14	1,684
328,35	5,832
328,56	9,467
328,77	7,252
328,98	6,195
329,19	7,284
329,40	7,399
329,61	5,734
329,82	5,020
330,04	6,602
330,25	5,847
330,46	5,165
330,67	3,505
330,88	5,595
331,09	7,611
331,30	3,885
331,51	7,847
331,72	4,412
331,93	8,878
332,14	5,643
332,35	10,109
332,56	5,522
332,77	7,428
332,98	3,401
333,19	4,901
333,40	7,892
333,61	5,984
333,82	8,670
334,03	5,724
334,24	7,447
334,45	6,795
334,66	8,785
334,87	8,708
335,08	5,471
335,29	5,260
335,50	4,350
335,71	4,863
335,92	8,028
336,13	7,711
336,34	3,610
336,55	7,330
336,76	9,591
336,97	5,455
337,18	3,545
337,39	6,465
337,60	6,640
337,81	6,794
338,02	4,914
338,23	6,428
338,44	6,236
338,65	6,544
338,86	7,517
339,07	2,568
339,28	5,512
339,49	7,030
339,70	3,958
339,91	5,895
340,11	8,286
340,32	3,133
340,53	5,345
340,74	3,488
340,95	5,013
341,16	10,040
341,37	4,712
341,58	5,078
341,79	5,726
342,00	8,319
342,21	6,805
342,42	4,258
342,63	8,078
342,84	6,184
343,05	7,849
343,26	7,456
343,47	5,914
343,68	6,838
343,89	3,384
344,10	6,154
344,31	8,713
344,52	5,918
344,73	5,889
344,94	7,170
345,14	7,347
345,35	8,510
345,56	5,427
345,77	3,605
345,98	7,365
346,19	5,539
346,40	5,943
346,61	5,112
346,82	6,687
347,03	5,953
347,24	7,416
347,45	6,258
347,66	10,533
347,87	5,243
348,08	6,637
348,28	3,292
348,49	6,007
348,70	8,084
348,91	7,395
349,12	4,035
349,33	18,378
349,54	5,631
349,75	5,338
349,96	7,058
350,17	8,332
350,38	5,509
350,59	6,908
350,80	5,320
351,00	8,942
351,21	7,866
351,42	4,473
351,63	3,337
351,84	7,916
352,05	10,096
352,26	2,759
352,47	5,882
352,68	6,678
352,89	8,568
353,09	7,117
353,30	3,986
353,51	5,946
353,72	8,442
353,93	6,910
354,14	2,326
354,35	7,316
354,56	9,760
354,77	8,597
354,98	2,436
355,18	7,977
355,39	11,065
355,60	6,538
355,81	5,910
356,02	5,670
356,23	4,677
356,44	4,542
356,65	5,606
356,85	16,008
357,06	11,628
357,27	9,460
357,48	2,293
357,69	6,910
357,90	9,268
358,11	3,177
358,32	3,922
358,52	10,786
358,73	4,770
358,94	6,328
359,15	4,316
359,36	7,749
359,57	5,354
359,78	8,261
359,98	5,358
360,19	2,514
360,40	8,357
360,61	8,723
360,82	5,920
361,03	12,045
361,24	9,035
361,44	7,274
361,65	7,977
361,86	2,931
362,07	7,146
362,28	5,045
362,49	5,125
362,70	7,686
362,90	6,570
363,11	5,680
363,32	5,037
363,53	9,721
363,74	7,996
363,95	9,251
364,15	5,730
364,36	10,300
364,57	6,300
364,78	7,711
364,99	5,376
365,20	8,695
365,40	9,679
365,61	5,016
365,82	9,717
366,03	6,897
366,24	8,458
366,45	8,137
366,65	6,661
366,86	4,218
367,07	7,630
367,28	5,887
367,49	4,735
367,69	11,226
367,90	4,444
368,11	6,229
368,32	4,829
368,53	9,541
368,73	11,829
368,94	4,724
369,15	4,831
369,36	12,709
369,57	10,366
369,78	6,946
369,98	10,744
370,19	9,243
370,40	7,094
370,61	8,063
370,82	6,093
371,02	8,560
371,23	13,249
371,44	4,939
371,65	9,287
371,85	10,443
372,06	8,827
372,27	6,049
372,48	5,889
372,69	4,206
372,89	7,673
373,10	5,755
373,31	6,747
373,52	6,959
373,73	8,283
373,93	5,420
374,14	6,717
374,35	8,683
374,56	8,837
374,76	9,261
374,97	5,993
375,18	6,520
375,39	6,976
375,60	8,087
375,80	6,327
376,01	5,282
376,22	8,216
376,43	7,044
376,63	5,641
376,84	6,673
377,05	4,379
377,26	3,725
377,46	2,566
377,67	5,660
377,88	6,978
378,09	4,738
378,29	2,812
378,50	7,042
378,71	9,538
378,92	5,627
379,12	8,114
379,33	5,641
379,54	7,798
379,75	7,167
379,95	4,550
380,16	6,291
380,37	8,228
380,58	5,228
380,78	6,119
380,99	5,505
381,20	7,264
381,41	5,611
381,61	9,805
381,82	7,268
382,03	7,403
382,24	2,354
382,44	6,825
382,65	6,048
382,86	4,225
383,06	4,391
383,27	5,857
383,48	6,200
383,69	10,553
383,89	4,960
384,10	8,645
384,31	7,713
384,51	8,151
384,72	9,993
384,93	6,658
385,14	6,771
385,34	6,367
385,55	7,773
385,76	2,720
385,96	12,284
386,17	8,530
386,38	10,102
386,59	10,110
386,79	9,002
387,00	11,801
387,21	10,330
387,41	7,492
387,62	4,932
387,83	9,915
388,03	8,643
388,24	5,046
388,45	9,080
388,66	7,010
388,86	9,345
389,07	3,332
389,28	11,763
389,48	11,183
389,69	4,296
389,90	6,276
390,10	11,345
390,31	12,751
390,52	1,741
390,72	4,452
390,93	7,506
391,14	6,440
391,34	7,863
391,55	12,069
391,76	12,044
391,96	3,878
392,17	4,235
392,38	11,478
392,58	10,582
392,79	10,575
393,00	5,690
393,20	6,283
393,41	10,871
393,62	11,774
393,82	7,948
394,03	7,993
394,24	9,855
394,44	11,043
394,65	8,398
394,86	6,718
395,06	11,984
395,27	7,524
395,48	8,717
395,68	8,755
395,89	9,996
396,10	12,430
396,30	9,768
396,51	3,580
396,72	7,898
396,92	6,797
397,13	10,405
397,34	6,744
397,54	10,107
397,75	6,710
397,95	7,577
398,16	8,771
398,37	6,846
398,57	10,199
398,78	9,793
398,99	9,707
399,19	11,061
399,40	11,773
399,60	6,751
399,81	11,406
400,02	12,213
400,22	12,853
400,43	9,743
400,64	9,104
400,84	7,870
401,05	10,568
401,25	11,682
401,46	11,071
401,67	13,670
401,87	11,068
402,08	8,528
402,29	12,107
402,49	15,107
402,70	14,426
402,90	9,226
403,11	9,892
403,32	13,743
403,52	14,024
403,73	12,936
403,93	14,840
404,14	15,512
404,35	14,344
404,55	8,912
404,76	10,880
404,96	13,300
405,17	16,988
405,38	18,681
405,58	12,761
405,79	15,730
405,99	14,761
406,20	15,788
406,40	9,606
406,61	16,891
406,82	16,321
407,02	17,779
407,23	14,052
407,43	11,757
407,64	12,897
407,85	17,105
408,05	12,345
408,26	21,603
408,46	21,186
408,67	14,586
408,87	18,798
409,08	17,594
409,29	18,369
409,49	20,793
409,70	18,798
409,90	22,796
410,11	21,631
410,31	25,686
410,52	19,619
410,72	21,026
410,93	21,396
411,14	19,879
411,34	20,168
411,55	24,072
411,75	22,876
411,96	22,608
412,16	22,456
412,37	19,337
412,57	26,625
412,78	25,255
412,99	23,751
413,19	24,823
413,40	23,111
413,60	19,139
413,81	23,499
414,01	25,017
414,22	22,564
414,42	23,526
414,63	18,063
414,83	31,197
415,04	30,607
415,24	25,970
415,45	24,032
415,65	28,962
415,86	30,647
416,07	25,876
416,27	29,786
416,48	29,534
416,68	30,726
416,89	22,159
417,09	26,084
417,30	31,217
417,50	28,328
417,71	30,128
417,91	32,839
418,12	29,163
418,32	30,152
418,53	28,544
418,73	25,611
418,94	25,428
419,14	31,203
419,35	27,139
419,55	29,038
419,76	33,268
419,96	31,413
420,17	29,589
420,37	32,524
420,58	34,134
420,78	32,939
420,99	31,445
421,19	30,815
421,40	32,808
421,60	35,881
421,81	30,799
422,01	35,590
422,22	33,745
422,42	35,933
422,63	34,443
422,83	30,561
423,04	36,707
423,24	38,288
423,45	32,446
423,65	38,168
423,86	39,517
424,06	40,025
424,27	34,098
424,47	34,247
424,67	31,393
424,88	33,690
425,08	35,704
425,29	41,210
425,49	37,458
425,70	33,404
425,90	37,241
426,11	36,986
426,31	40,126
426,52	36,297
426,72	35,643
426,93	36,091
427,13	36,752
427,33	36,505
427,54	41,466
427,74	41,553
427,95	42,524
428,15	36,356
428,36	37,193
428,56	38,854
428,77	37,094
428,97	37,225
429,18	40,425
429,38	39,418
429,58	40,950
429,79	42,324
429,99	38,178
430,20	34,858
430,40	44,618
430,61	38,608
430,81	37,149
431,01	41,853
431,22	41,269
431,42	43,306
431,63	33,157
431,83	37,039
432,04	42,491
432,24	44,154
432,44	40,704
432,65	38,207
432,85	36,836
433,06	43,505
433,26	38,028
433,47	34,754
433,67	38,941
433,87	38,357
434,08	36,579
434,28	37,246
434,49	37,797
434,69	44,031
434,89	35,261
435,10	39,812
435,30	41,840
435,51	39,849
435,71	37,166
435,91	40,156
436,12	40,536
436,32	40,055
436,53	41,380
436,73	40,437
436,93	39,530
437,14	39,362
437,34	43,896
437,55	42,801
437,75	42,829
437,95	46,038
438,16	39,548
438,36	44,691
438,57	39,523
438,77	41,324
438,97	43,265
439,18	51,660
439,38	44,156
439,58	41,095
439,79	43,131
439,99	39,408
440,20	45,167
440,40	44,180
440,60	43,804
440,81	44,855
441,01	40,466
441,21	44,435
441,42	46,064
441,62	44,986
441,83	44,126
442,03	44,600
442,23	43,385
442,44	42,860
442,64	49,064
442,84	40,680
443,05	44,742
443,25	42,115
443,45	43,187
443,66	42,875
443,86	42,539
444,06	45,101
444,27	44,841
444,47	46,196
444,67	42,930
444,88	45,767
445,08	41,781
445,28	44,618
445,49	43,309
445,69	43,229
445,90	45,513
446,10	49,564
446,30	45,809
446,51	40,182
446,71	51,100
446,91	48,690
447,12	52,193
447,32	46,558
447,52	44,209
447,72	48,314
447,93	43,604
448,13	41,136
448,33	52,406
448,54	50,407
448,74	41,628
448,94	44,952
449,15	51,627
449,35	52,532
449,55	48,376
449,76	50,305
449,96	48,355
450,16	51,720
450,37	43,783
450,57	41,329
450,77	44,399
450,98	49,559
451,18	48,328
451,38	45,886
451,58	50,358
451,79	45,334
451,99	48,600
452,19	46,473
452,40	48,716
452,60	43,474
452,80	42,409
453,00	45,758
453,21	45,508
453,41	49,059
453,61	49,768
453,82	48,979
454,02	41,192
454,22	48,442
454,42	47,448
454,63	48,178
454,83	42,278
455,03	51,756
455,24	44,910
455,44	46,174
455,64	43,634
455,84	43,500
456,05	49,125
456,25	43,776
456,45	46,387
456,65	46,017
456,86	45,299
457,06	47,771
457,26	49,695
457,47	50,524
457,67	48,906
457,87	38,902
458,07	44,387
458,28	52,627
458,48	45,573
458,68	45,222
458,88	48,963
459,09	48,544
459,29	46,929
459,49	41,531
459,69	46,011
459,90	50,462
460,10	49,127
460,30	48,070
460,50	40,732
460,71	46,252
460,91	43,675
461,11	46,343
461,31	45,061
461,52	49,194
461,72	48,584
461,92	47,078
462,12	56,672
462,32	45,068
462,53	44,434
462,73	46,227
462,93	49,242
463,13	51,015
463,34	45,148
463,54	46,337
463,74	47,701
463,94	45,011
464,14	46,085
464,35	42,598
464,55	50,652
464,75	47,714
464,95	47,385
465,16	40,558
465,36	53,818
465,56	42,211
465,76	46,930
465,96	46,656
466,17	45,272
466,37	44,217
466,57	47,317
466,77	46,161
466,97	43,457
467,18	46,410
467,38	44,194
467,58	46,885
467,78	48,696
467,98	49,637
468,19	50,001
468,39	52,045
468,59	49,110
468,79	48,382
468,99	43,401
469,19	43,276
469,40	48,186
469,60	37,866
469,80	46,524
470,00	47,831
470,20	52,363
470,41	46,488
470,61	44,763
470,81	44,063
471,01	49,102
471,21	47,938
471,41	41,471
471,62	47,845
471,82	43,825
472,02	42,192
472,22	45,619
472,42	47,651
472,62	50,282
472,83	45,171
473,03	51,474
473,23	44,800
473,43	53,295
473,63	49,796
473,83	45,803
474,03	46,655
474,24	52,806
474,44	42,958
474,64	43,220
474,84	45,614
475,04	48,143
475,24	50,033
475,45	46,287
475,65	42,952
475,85	50,893
476,05	44,675
476,25	46,607
476,45	45,350
476,65	52,468
476,85	50,016
477,06	45,373
477,26	44,457
477,46	47,843
477,66	49,267
477,86	47,513
478,06	41,450
478,26	51,026
478,46	45,404
478,67	47,362
478,87	46,967
479,07	47,837
479,27	50,043
479,47	47,966
479,67	42,287
479,87	46,954
480,07	46,949
480,28	44,056
480,48	43,256
480,68	43,958
480,88	50,712
481,08	47,724
481,28	48,032
481,48	47,603
481,68	46,881
481,88	43,075
482,08	43,478
482,29	50,917
482,49	45,074
482,69	45,955
482,89	46,668
483,09	47,034
483,29	44,428
483,49	43,765
483,69	43,612
483,89	46,276
484,09	43,641
484,29	42,810
484,50	45,157
484,70	43,381
484,90	43,848
485,10	42,310
485,30	44,924
485,50	47,432
485,70	45,019
485,90	42,413
486,10	41,171
486,30	45,189
486,50	43,017
486,70	43,199
486,90	44,833
487,10	46,212
487,30	43,404
487,51	43,863
487,71	40,604
487,91	45,844
488,11	43,938
488,31	39,504
488,51	45,888
488,71	43,437
488,91	46,196
489,11	40,895
489,31	42,829
489,51	43,645
489,71	44,841
489,91	43,875
490,11	44,358
490,31	43,927
490,51	45,105
490,71	42,350
490,91	43,331
491,11	45,304
491,31	43,281
491,51	41,687
491,72	43,954
491,92	45,880
492,12	46,618
492,32	43,320
492,52	44,750
492,72	43,739
492,92	45,149
493,12	44,113
493,32	42,367
493,52	41,207
493,72	44,835
493,92	44,842
494,12	46,409
494,32	45,087
494,52	43,053
494,72	45,110
494,92	44,569
495,12	45,033
495,32	47,183
495,52	45,241
495,72	46,959
495,92	45,393
496,12	47,446
496,32	40,588
496,52	43,789
496,72	45,047
496,92	47,608
497,12	45,029
497,32	47,840
497,52	46,162
497,72	46,766
497,92	46,031
498,12	45,839
498,32	45,657
498,52	46,401
498,72	43,853
498,92	42,918
499,12	49,551
499,32	42,331
499,52	44,917
499,72	47,373
499,92	45,742
500,12	47,653
500,32	49,304
500,52	45,512
500,72	50,287
500,91	48,995
501,11	45,725
501,31	41,167
501,51	47,378
501,71	48,842
501,91	46,239
502,11	46,039
502,31	45,021
502,51	48,968
502,71	48,300
502,91	46,089
503,11	45,202
503,31	48,494
503,51	45,845
503,71	44,567
503,91	47,238
504,11	46,314
504,31	46,632
504,51	46,832
504,71	50,781
504,91	46,086
505,10	48,239
505,30	45,630
505,50	47,096
505,70	46,114
505,90	45,595
506,10	43,521
506,30	48,866
506,50	47,780
506,70	50,035
506,90	43,319
507,10	45,821
507,30	47,776
507,50	46,448
507,70	46,765
507,89	47,689
508,09	44,876
508,29	46,837
508,49	48,547
508,69	46,212
508,89	46,563
509,09	44,956
509,29	47,229
509,49	48,165
509,69	53,096
509,89	44,583
510,09	43,454
510,28	48,156
510,48	45,421
510,68	45,586
510,88	46,531
511,08	45,246
511,28	45,331
511,48	45,908
511,68	41,760
511,88	42,356
512,07	47,233
512,27	47,583
512,47	42,619
512,67	44,277
512,87	42,900
513,07	46,865
513,27	43,817
513,47	43,957
513,67	43,497
513,86	42,887
514,06	44,759
514,26	45,735
514,46	46,705
514,66	44,149
514,86	45,307
515,06	47,042
515,26	48,732
515,45	45,050
515,65	41,646
515,85	46,573
516,05	47,529
516,25	44,780
516,45	51,126
516,65	44,671
516,84	45,152
517,04	47,998
517,24	43,641
517,44	43,678
517,64	48,809
517,84	45,935
518,04	46,274
518,23	47,659
518,43	45,729
518,63	43,388
518,83	43,302
519,03	45,941
519,23	45,697
519,42	46,653
519,62	46,340
519,82	47,900
520,02	45,575
520,22	48,786
520,42	43,837
520,61	46,617
520,81	48,850
521,01	48,558
521,21	44,001
521,41	45,611
521,61	49,710
521,80	45,364
522,00	46,307
522,20	44,471
522,40	49,098
522,60	43,889
522,79	43,659
522,99	48,629
523,19	44,515
523,39	44,329
523,59	45,933
523,78	48,923
523,98	45,019
524,18	43,611
524,38	41,919
524,58	42,958
524,77	48,041
524,97	47,638
525,17	45,738
525,37	42,809
525,57	48,764
525,76	42,762
525,96	47,751
526,16	43,960
526,36	41,938
526,56	44,767
526,75	42,817
526,95	46,573
527,15	45,674
527,35	43,398
527,55	42,928
527,74	45,460
527,94	40,566
528,14	45,011
528,34	43,953
528,53	45,288
528,73	47,561
528,93	47,084
529,13	41,247
529,32	46,467
529,52	43,218
529,72	41,567
529,92	45,034
530,12	45,055
530,31	39,784
530,51	44,827
530,71	45,147
530,91	45,404
531,10	38,765
531,30	41,390
531,50	40,954
531,70	44,742
531,89	44,493
532,09	41,409
532,29	40,716
532,49	44,818
532,68	43,848
532,88	41,359
533,08	41,643
533,28	42,196
533,47	42,957
533,67	44,626
533,87	42,418
534,06	50,047
534,26	41,771
534,46	43,972
534,66	43,772
534,85	43,783
535,05	36,894
535,25	40,770
535,45	41,584
535,64	42,427
535,84	42,681
536,04	40,016
536,23	43,179
536,43	45,994
536,63	41,793
536,83	42,994
537,02	39,536
537,22	42,351
537,42	41,703
537,61	40,989
537,81	43,010
538,01	42,710
538,20	41,507
538,40	39,531
538,60	41,632
538,80	40,042
538,99	41,839
539,19	38,183
539,39	36,356
539,58	38,714
539,78	36,638
539,98	34,734
540,17	36,514
540,37	36,480
540,57	35,484
540,76	33,650
540,96	32,351
541,16	35,812
541,36	33,493
541,55	31,645
541,75	30,637
541,95	33,198
542,14	29,897
542,34	30,672
542,54	28,936
542,73	31,937
542,93	32,819
543,13	29,360
543,32	30,031
543,52	30,020
543,72	29,275
543,91	31,058
544,11	31,256
544,31	29,896
544,50	31,379
544,70	30,917
544,89	32,438
545,09	32,047
545,29	31,361
545,48	32,323
545,68	31,274
545,88	31,857
546,07	32,081
546,27	31,243
546,47	32,781
546,66	34,612
546,86	37,276
547,06	34,983
547,25	36,586
547,45	38,883
547,64	35,248
547,84	41,934
548,04	39,603
548,23	38,720
548,43	39,867
548,63	40,975
548,82	38,361
549,02	38,513
549,21	37,826
549,41	37,612
549,61	38,960
549,80	39,145
550,00	38,936
550,20	36,156
550,39	40,092
550,59	37,495
550,78	41,220
550,98	38,509
551,18	40,014
551,37	40,999
551,57	37,329
551,76	40,052
551,96	40,344
552,16	41,997
552,35	42,292
552,55	40,142
552,74	39,478
552,94	43,993
553,14	39,478
553,33	40,255
553,53	38,914
553,72	43,032
553,92	44,551
554,12	39,591
554,31	41,483
554,51	42,509
554,70	39,815
554,90	39,888
555,09	43,860
555,29	43,576
555,49	41,622
555,68	46,175
555,88	43,531
556,07	43,283
556,27	44,830
556,46	41,330
556,66	40,058
556,86	42,186
557,05	43,163
557,25	41,283
557,44	42,419
557,64	41,923
557,83	40,867
558,03	42,395
558,22	40,689
558,42	40,855
558,62	40,694
558,81	41,935
559,01	41,647
559,20	42,767
559,40	41,096
559,59	42,357
559,79	39,411
559,98	43,427
560,18	42,856
560,37	43,368
560,57	44,018
560,76	40,956
560,96	40,539
561,16	42,304
561,35	41,904
561,55	45,210
561,74	42,965
561,94	43,164
562,13	42,249
562,33	42,895
562,52	42,581
562,72	42,164
562,91	42,493
563,11	43,434
563,30	44,483
563,50	41,937
563,69	40,673
563,89	40,690
564,08	41,146
564,28	41,072
564,47	41,547
564,67	38,612
564,86	42,441
565,06	42,907
565,25	42,438
565,45	42,641
565,64	44,940
565,84	40,403
566,03	41,450
566,23	42,229
566,42	41,394
566,62	43,249
566,81	41,989
567,01	44,334
567,20	43,790
567,40	39,980
567,59	41,545
567,79	44,078
567,98	44,369
568,18	43,193
568,37	43,456
568,57	40,676
568,76	44,008
568,96	42,814
569,15	42,508
569,35	42,951
569,54	45,112
569,73	43,598
569,93	41,321
570,12	42,759
570,32	44,351
570,51	43,231
570,71	44,597
570,90	43,471
571,10	42,432
571,29	42,052
571,49	42,559
571,68	43,980
571,87	44,021
572,07	42,493
572,26	41,690
572,46	42,479
572,65	42,447
572,85	39,239
573,04	45,088
573,24	43,744
573,43	45,047
573,62	43,946
573,82	43,302
574,01	42,924
574,21	42,867
574,40	40,603
574,60	40,374
574,79	44,971
574,98	42,378
575,18	43,239
575,37	41,197
575,57	43,157
575,76	43,105
575,96	42,755
576,15	42,257
576,34	44,295
576,54	43,897
576,73	43,693
576,93	42,137
577,12	44,542
577,31	41,780
577,51	41,336
577,70	42,013
577,90	41,681
578,09	41,912
578,28	41,309
578,48	41,088
578,67	44,228
578,87	43,355
579,06	41,087
579,25	42,506
579,45	42,667
579,64	42,176
579,84	42,072
580,03	42,283
580,22	44,314
580,42	40,422
580,61	42,311
580,81	40,510
581,00	41,574
581,19	44,164
581,39	41,491
581,58	42,392
581,77	42,443
581,97	43,320
582,16	42,006
582,35	41,611
582,55	40,651
582,74	43,473
582,94	42,428
583,13	38,466
583,32	41,071
583,52	41,964
583,71	42,347
583,90	41,731
584,10	42,762
584,29	41,183
584,48	39,533
584,68	41,497
584,87	42,168
585,06	41,280
585,26	41,065
585,45	41,154
585,65	43,993
585,84	41,016
586,03	40,906
586,23	40,731
586,42	39,457
586,61	42,494
586,81	40,898
587,00	41,923
587,19	39,496
587,39	44,164
587,58	39,774
587,77	41,710
587,97	40,328
588,16	41,596
588,35	39,553
588,54	41,397
588,74	41,165
588,93	42,348
589,12	41,544
589,32	41,529
589,51	40,078
589,70	39,527
589,90	40,604
590,09	40,381
590,28	44,098
590,48	39,171
590,67	41,613
590,86	40,479
591,06	41,206
591,25	42,307
591,44	42,280
591,63	40,186
591,83	41,248
592,02	40,704
592,21	41,080
592,41	41,580
592,60	41,757
592,79	42,800
592,98	40,419
593,18	40,026
593,37	41,689
593,56	41,602
593,76	41,536
593,95	41,079
594,14	41,161
594,33	44,992
594,53	42,110
594,72	40,944
594,91	44,271
595,10	42,669
595,30	41,159
595,49	41,852
595,68	42,736
595,88	42,602
596,07	42,713
596,26	42,649
596,45	41,225
596,65	38,689
596,84	41,163
597,03	41,232
597,22	41,606
597,42	44,642
597,61	41,078
597,80	42,341
597,99	41,899
598,19	42,595
598,38	44,096
598,57	42,114
598,76	42,931
598,95	44,178
599,15	44,459
599,34	43,760
599,53	43,144
599,72	42,566
599,92	42,735
600,11	43,341
600,30	42,871
600,49	43,285
600,69	40,760
600,88	41,416
601,07	42,512
601,26	43,517
601,45	42,942
601,65	42,513
601,84	43,997
602,03	43,022
602,22	43,345
602,42	43,991
602,61	42,644
602,80	43,775
602,99	42,456
603,18	40,216
603,38	42,987
603,57	42,579
603,76	41,056
603,95	41,507
604,14	42,046
604,34	44,133
604,53	42,014
604,72	42,683
604,91	42,468
605,10	42,747
605,29	44,270
605,49	41,795
605,68	43,624
605,87	44,415
606,06	43,276
606,25	41,397
606,45	41,931
606,64	42,076
606,83	43,340
607,02	41,362
607,21	43,678
607,40	43,272
607,60	39,836
607,79	41,053
607,98	39,257
608,17	39,336
608,36	40,540
608,55	39,557
608,75	39,611
608,94	38,774
609,13	37,085
609,32	34,209
609,51	31,975
609,70	34,909
609,89	35,270
610,09	36,201
610,28	37,948
610,47	35,835
610,66	34,597
610,85	33,897
611,04	36,705
611,23	34,445
611,43	34,958
611,62	34,833
611,81	34,520
612,00	35,220
612,19	34,019
612,38	34,752
612,57	35,430
612,77	36,099
612,96	36,049
613,15	36,597
613,34	38,417
613,53	38,052
613,72	38,846
613,91	37,692
614,10	39,138
614,29	40,084
614,49	37,411
614,68	36,594
614,87	39,160
615,06	41,893
615,25	37,709
615,44	39,708
615,63	40,693
615,82	39,758
616,01	39,185
616,21	39,331
616,40	41,200
616,59	42,528
616,78	41,607
616,97	40,897
617,16	40,096
617,35	42,828
617,54	40,864
617,73	40,862
617,92	39,971
618,11	41,876
618,31	37,659
618,50	41,659
618,69	40,673
618,88	39,796
619,07	38,812
619,26	37,620
619,45	39,614
619,64	39,159
619,83	38,863
620,02	38,167
620,21	40,971
620,40	41,465
620,59	39,513
620,78	39,178
620,97	41,508
621,17	42,029
621,36	40,347
621,55	38,945
621,74	40,912
621,93	40,380
622,12	39,013
622,31	38,455
622,50	40,824
622,69	42,757
622,88	39,258
623,07	41,646
623,26	40,467
623,45	41,739
623,64	40,243
623,83	39,157
624,02	42,709
624,21	41,096
624,40	39,184
624,59	38,160
624,78	43,027
624,97	42,540
625,16	39,316
625,35	37,783
625,54	39,474
625,73	39,899
625,92	39,805
626,12	42,057
626,31	41,887
626,50	40,778
626,69	40,897
626,88	39,340
627,07	41,426
627,26	41,042
627,45	39,846
627,64	39,733
627,83	40,839
628,02	40,029
628,21	38,721
628,40	40,524
628,59	41,632
628,78	38,804
628,97	39,821
629,16	37,808
629,35	39,190
629,54	43,037
629,73	37,797
629,92	38,878
630,10	41,077
630,29	41,181
630,48	39,747
630,67	39,548
630,86	41,176
631,05	39,274
631,24	39,478
631,43	39,292
631,62	40,588
631,81	40,781
632,00	40,228
632,19	38,000
632,38	40,381
632,57	40,121
632,76	40,309
632,95	40,939
633,14	41,600
633,33	40,074
633,52	40,180
633,71	40,732
633,90	38,819
634,09	41,658
634,28	40,220
634,47	39,314
634,66	39,686
634,85	40,801
635,04	42,721
635,22	40,483
635,41	39,783
635,60	41,616
635,79	40,322
635,98	37,977
636,17	41,467
636,36	39,926
636,55	39,912
636,74	40,730
636,93	39,594
637,12	40,586
637,31	38,267
637,50	38,862
637,69	39,812
637,87	42,601
638,06	38,836
638,25	39,451
638,44	40,441
638,63	38,762
638,82	39,816
639,01	40,516
639,20	40,285
639,39	41,795
639,58	39,123
639,77	39,154
639,95	38,837
640,14	40,231
640,33	39,764
640,52	40,294
640,71	43,454
640,90	39,159
641,09	41,588
641,28	40,552
641,47	42,050
641,66	39,920
641,84	40,960
642,03	39,025
642,22	39,095
642,41	41,356
642,60	39,079
642,79	41,533
642,98	40,088
643,17	39,026
643,35	39,749
643,54	40,720
643,73	41,369
643,92	41,745
644,11	38,916
644,30	40,539
644,49	42,929
644,67	39,328
644,86	39,014
645,05	41,809
645,24	39,934
645,43	40,533
645,62	40,227
645,81	41,085
645,99	41,798
646,18	40,791
646,37	38,129
646,56	39,410
646,75	41,099
646,94	41,437
647,13	39,303
647,31	39,840
647,50	40,421
647,69	42,498
647,88	42,395
648,07	40,420
648,26	43,906
648,44	39,062
648,63	39,942
648,82	41,025
649,01	42,337
649,20	39,523
649,38	41,330
649,57	41,462
649,76	39,741
649,95	41,938
650,14	39,768
650,33	38,602
650,51	41,262
650,70	40,792
650,89	39,664
651,08	40,658
651,27	41,802
651,45	38,851
651,64	39,363
651,83	41,073
652,02	40,596
652,21	40,822
652,39	40,524
652,58	39,576
652,77	40,502
652,96	41,313
653,15	41,807
653,33	40,800
653,52	41,705
653,71	44,580
653,90	41,767
654,09	41,796
654,27	41,950
654,46	43,658
654,65	42,620
654,84	41,849
655,02	44,814
655,21	43,031
655,40	44,809
655,59	41,398
655,77	43,643
655,96	41,670
656,15	44,003
656,34	44,387
656,53	43,169
656,71	43,277
656,90	43,701
657,09	43,864
657,28	44,754
657,46	42,266
657,65	40,779
657,84	41,359
658,03	41,873
658,21	42,611
658,40	39,802
658,59	41,499
658,78	42,884
658,96	38,461
659,15	39,751
659,34	40,184
659,52	40,692
659,71	39,623
659,90	38,938
660,09	40,521
660,27	39,405
660,46	42,344
660,65	39,993
660,84	38,551
661,02	39,824
661,21	40,627
661,40	40,546
661,58	40,227
661,77	40,939
661,96	38,593
662,15	41,635
662,33	37,834
662,52	39,491
662,71	39,801
662,89	36,582
663,08	39,174
663,27	40,015
663,45	38,663
663,64	39,608
663,83	38,690
664,02	40,445
664,20	41,036
664,39	38,512
664,58	40,296
664,76	40,787
664,95	40,568
665,14	41,442
665,32	37,927
665,51	40,491
665,70	39,937
665,88	39,651
666,07	38,590
666,26	41,204
666,44	40,801
666,63	38,898
666,82	38,861
667,00	39,755
667,19	39,034
667,38	41,150
667,56	39,449
667,75	41,466
667,94	39,681
668,12	38,271
668,31	40,554
668,50	40,256
668,68	42,170
668,87	37,815
669,06	39,930
669,24	41,653
669,43	39,317
669,62	38,731
669,80	37,850
669,99	38,881
670,18	39,563
670,36	38,909
670,55	39,572
670,74	41,379
670,92	39,020
671,11	40,128
671,29	38,616
671,48	40,545
671,67	40,669
671,85	39,835
672,04	38,110
672,23	37,544
672,41	38,980
672,60	39,387
672,78	38,763
672,97	38,914
673,16	39,048
673,34	39,723
673,53	38,698
673,71	40,348
673,90	40,725
674,09	40,682
674,27	38,597
674,46	39,970
674,64	39,606
674,83	40,037
675,02	38,183
675,20	40,227
675,39	39,032
675,57	40,635
675,76	38,040
675,95	41,681
676,13	39,282
676,32	41,132
676,50	41,028
676,69	37,596
676,88	38,651
677,06	38,477
677,25	39,010
677,43	42,297
677,62	39,958
677,80	40,028
677,99	38,809
678,18	40,444
678,36	41,022
678,55	38,269
678,73	37,958
678,92	40,278
679,10	40,263
679,29	40,744
679,48	38,135
679,66	39,680
679,85	38,992
680,03	39,619
680,22	39,160
680,40	39,861
680,59	39,769
680,77	40,052
680,96	39,551
681,15	38,065
681,33	41,059
681,52	39,035
681,70	39,395
681,89	41,617
682,07	39,602
682,26	38,757
682,44	40,018
682,63	39,792
682,81	40,459
683,00	39,647
683,18	38,705
683,37	41,714
683,55	39,034
683,74	40,658
683,92	43,045
684,11	40,961
684,29	40,211
684,48	38,077
684,67	39,895
684,85	38,511
685,04	38,783
685,22	40,524
685,41	39,899
685,59	40,630
685,78	39,376
685,96	39,515
686,15	38,581
686,33	39,516
686,52	38,015
686,70	38,252
686,89	38,912
687,07	41,734
687,26	40,810
687,44	39,885
687,62	37,716
687,81	40,321
687,99	39,726
688,18	39,953
688,36	37,991
688,55	39,868
688,73	38,502
688,92	39,144
689,10	39,936
689,29	41,317
689,47	39,709
689,66	37,905
689,84	38,796
690,03	42,353
690,21	40,799
690,40	39,442
690,58	39,317
690,76	38,038
690,95	39,614
691,13	38,430
691,32	41,844
691,50	37,699
691,69	40,847
691,87	38,114
692,06	39,709
692,24	38,032
692,43	38,776
692,61	38,324
692,79	38,553
692,98	38,370
693,16	40,569
693,35	38,570
693,53	39,322
693,72	41,021
693,90	41,397
694,08	38,355
694,27	38,819
694,45	41,768
694,64	41,863
694,82	39,094
695,01	37,731
695,19	39,162
695,37	39,014
695,56	37,893
695,74	39,161
695,93	40,307
696,11	39,131
696,29	40,462
696,48	40,085
696,66	39,757
696,85	40,540
697,03	38,475
697,21	40,199
697,40	39,848
697,58	41,322
697,77	38,539
697,95	40,269
698,13	40,960
698,32	40,394
698,50	40,083
698,69	38,507
698,87	40,634
699,05	39,983
699,24	37,428
699,42	39,444
699,60	36,332
699,79	38,587
699,97	39,100
700,16	38,449
700,34	40,799
700,52	38,630
700,71	40,697
700,89	38,561
701,07	40,958
701,26	39,656
701,44	38,535
701,63	37,823
701,81	39,578
701,99	40,112
702,18	36,977
702,36	36,765
702,54	39,077
702,73	38,013
702,91	37,880
703,09	40,129
703,28	40,235
703,46	39,085
703,64	38,276
703,83	38,160
704,01	40,317
704,19	38,699
704,38	38,857
704,56	39,044
704,74	39,332
704,93	38,655
705,11	38,308
705,29	38,246
705,48	42,082
705,66	38,450
705,84	38,661
706,03	37,171
706,21	39,149
706,39	38,842
706,58	37,036
706,76	37,364
706,94	40,950
707,12	39,972
707,31	37,734
707,49	37,936
707,67	39,683
707,86	40,312
708,04	37,382
708,22	37,769
708,41	38,967
708,59	39,574
708,77	36,826
708,95	39,307
709,14	41,582
709,32	39,746
709,50	39,207
709,69	39,259
709,87	38,442
710,05	40,819
710,23	38,590
710,42	36,626
710,60	39,161
710,78	40,180
710,97	37,486
711,15	38,014
711,33	40,449
711,51	38,005
711,70	36,291
711,88	37,174
712,06	41,252
712,24	38,360
712,43	39,836
712,61	38,439
712,79	38,272
712,97	37,663
713,16	40,061
713,34	37,557
713,52	39,492
713,70	39,430
713,89	39,188
714,07	39,146
714,25	38,666
714,43	39,520
714,62	37,034
714,80	38,105
714,98	36,286
715,16	37,719
715,35	36,315
715,53	38,759
715,71	40,636
715,89	41,703
716,07	40,881
716,26	41,604
716,44	39,952
716,62	41,328
716,80	38,459
716,99	39,406
717,17	40,885
717,35	38,835
717,53	36,875
717,71	37,030
717,90	39,425
718,08	39,162
718,26	36,635
718,44	38,343
718,62	38,326
718,81	39,484
718,99	37,079
719,17	37,684
719,35	37,872
719,53	37,341
719,72	37,848
719,90	38,195
720,08	38,352
720,26	41,873
720,44	36,922
720,62	38,499
720,81	40,484
720,99	41,830
721,17	37,275
721,35	40,021
721,53	39,365
721,72	41,622
721,90	39,423
722,08	39,352
722,26	40,673
722,44	39,458
722,62	38,739
722,81	38,280
722,99	38,482
723,17	37,500
723,35	39,478
723,53	38,201
723,71	40,925
723,89	40,328
724,08	34,888
724,26	38,651
724,44	38,901
724,62	37,877
724,80	36,905
724,98	40,604
725,16	40,417
725,35	38,147
725,53	37,480
725,71	36,922
725,89	40,998
726,07	40,582
726,25	40,234
726,43	40,027
726,61	38,885
726,80	39,715
726,98	38,178
727,16	37,691
727,34	40,116
727,52	39,847
727,70	36,956
727,88	39,762
728,06	36,363
728,25	37,427
728,43	40,280
728,61	37,826
728,79	36,610
728,97	39,719
729,15	38,944
729,33	39,641
729,51	39,857
729,69	40,406
729,87	39,563
730,06	39,459
730,24	39,480
730,42	42,796
730,60	36,079
730,78	39,318
730,96	39,780
731,14	42,134
731,32	37,216
731,50	36,594
731,68	37,296
731,86	40,180
732,04	37,744
732,22	38,532
732,41	42,633
732,59	41,775
732,77	40,227
732,95	40,948
733,13	39,171
733,31	39,748
733,49	37,377
733,67	40,044
733,85	40,372
734,03	40,586
734,21	39,346
734,39	38,225
734,57	39,765
734,75	38,925
734,93	38,583
735,11	37,629
735,29	37,861
735,47	41,749
735,65	39,033
735,84	36,765
736,02	40,981
736,20	42,520
736,38	39,485
736,56	36,583
736,74	38,591
736,92	39,233
737,10	38,385
737,28	39,819
737,46	40,324
737,64	39,266
737,82	40,676
738,00	40,182
738,18	40,080
738,36	40,972
738,54	38,111
738,72	37,575
738,90	40,986
739,08	40,606
739,26	36,563
739,44	40,101
739,62	38,549
739,80	39,964
739,98	38,025
740,16	39,716
740,34	37,588
740,52	41,320
740,70	40,576
740,88	37,728
741,06	38,533
741,24	36,884
741,42	38,748
741,60	36,922
741,78	40,005
741,96	38,500
742,14	37,202
742,32	37,197
742,50	38,315
742,68	39,081
742,86	38,006
743,04	36,844
743,21	39,686
743,39	39,282
743,57	38,253
743,75	38,501
743,93	36,173
744,11	36,835
744,29	36,883
744,47	37,994
744,65	37,937
744,83	39,170
745,01	37,136
745,19	39,258
745,37	40,075
745,55	39,848
745,73	39,864
745,91	37,621
746,09	35,836
746,27	39,129
746,45	37,826
746,62	36,828
746,80	37,540
746,98	37,520
747,16	38,108
747,34	37,823
747,52	38,921
747,70	38,216
747,88	38,861
748,06	37,635
748,24	39,441
748,42	40,972
748,60	37,942
748,78	36,475
748,95	39,630
749,13	41,755
749,31	38,831
749,49	39,241
749,67	39,013
749,85	42,266
750,03	38,671
750,21	37,454
750,39	39,018
750,57	40,179
750,74	38,928
750,92	36,665
751,10	40,861
751,28	36,740
751,46	38,978
751,64	39,170
751,82	40,410
752,00	38,818
752,17	38,062
752,35	37,482
752,53	39,660
752,71	39,184
752,89	40,295
753,07	37,105
753,25	39,982
753,43	36,875
753,60	40,423
753,78	37,273
753,96	40,617
754,14	38,820
754,32	39,304
754,50	40,694
754,68	39,449
754,85	41,174
755,03	38,340
755,21	42,742
755,39	41,040
755,57	39,844
755,75	38,274
755,92	38,378
756,10	40,629
756,28	39,783
756,46	37,155
756,64	38,903
756,82	40,102
756,99	38,788
757,17	36,816
757,35	37,142
757,53	42,102
757,71	41,336
757,89	39,316
758,06	39,720
758,24	39,527
758,42	38,969
758,60	38,089
758,78	38,156
758,95	39,817
759,13	40,090
759,31	37,381
759,49	39,059
759,67	39,237
759,84	37,642
760,02	39,408
760,20	36,945
760,38	38,359
760,56	37,429
760,73	39,862
760,91	40,233
761,09	41,245
761,27	39,058
761,45	37,211
761,62	38,540
761,80	38,775
761,98	38,661
762,16	39,214
762,33	38,786
762,51	40,113
762,69	38,132
762,87	37,785
763,05	40,009
763,22	37,079
763,40	38,578
763,58	38,509
763,76	38,474
763,93	38,827
764,11	39,998
764,29	38,165
764,47	36,508
764,64	39,740
764,82	41,375
765,00	40,260
765,18	39,009
765,35	38,912
765,53	39,894
765,71	39,406
765,89	37,828
766,06	40,246
766,24	39,679
766,42	39,514
766,60	38,707
766,77	39,670
766,95	37,133
767,13	39,533
767,30	39,288
767,48	38,773
767,66	37,244
767,84	36,885
768,01	39,144
768,19	39,175
768,37	38,286
768,54	39,088
768,72	39,575
768,90	38,760
769,08	40,766
769,25	38,249
769,43	37,992
769,61	36,987
769,78	39,012
769,96	39,231
770,14	40,578
770,31	39,826
770,49	41,820
770,67	40,042
770,85	39,008
771,02	37,890
771,20	34,620
771,38	39,618
771,55	39,187
771,73	38,345
771,91	39,855
772,08	40,341
772,26	40,865
772,44	38,037
772,61	39,139
772,79	38,021
772,97	37,813
773,14	38,134
773,32	40,315
773,50	37,320
773,67	38,838
773,85	42,233
774,03	42,608
774,20	39,040
774,38	37,081
774,56	38,684
774,73	38,090
774,91	38,918
775,09	38,342
775,26	40,839
775,44	40,875
775,61	39,767
775,79	37,032
775,97	40,569
776,14	38,741
776,32	39,131
776,50	37,745
776,67	40,389
776,85	39,138
777,03	36,542
777,20	39,444
777,38	38,800
777,55	40,590
777,73	35,869
777,91	38,405
778,08	39,636
778,26	39,856
778,43	40,492
778,61	37,118
778,79	39,745
778,96	39,565
779,14	37,332
779,32	39,559
779,49	39,479
779,67	43,923
779,84	39,364
780,02	39,357
780,20	36,911
780,37	39,860
780,55	34,263
780,72	41,226
780,90	37,360
781,07	38,171
781,25	41,005
781,43	41,053
781,60	39,268
781,78	38,674
781,95	37,292
782,13	38,741
782,30	41,764
782,48	40,386
782,66	36,481
782,83	39,469
783,01	43,443
783,18	42,856
783,36	40,075
783,53	41,963
783,71	39,505
783,89	38,802
784,06	39,976
784,24	39,231
784,41	39,638
784,59	40,934
784,76	42,161
784,94	39,506
785,11	39,489
785,29	41,202
785,46	39,383
785,64	41,396
785,82	39,562
785,99	41,417
786,17	36,673
786,34	39,196
786,52	40,855
786,69	42,518
786,87	38,163
787,04	39,645
787,22	37,028
787,39	41,838
787,57	41,463
787,74	40,084
787,92	44,490
788,09	38,859
788,27	39,836
788,44	40,599
788,62	38,960
788,79	39,138
788,97	42,887
789,14	40,261
789,32	39,591
789,49	40,199
789,67	40,971
789,84	43,733
790,02	42,224
790,19	41,245
790,37	40,447
790,54	42,591
790,72	43,154
790,89	42,352
791,07	42,183
791,24	38,101
791,42	40,280
791,59	41,861
791,77	39,371
791,94	37,990
792,12	40,426
792,29	43,583
792,47	41,033
792,64	42,338
792,81	42,084
792,99	40,788
793,16	39,237
793,34	43,309
793,51	39,491
793,69	42,570
793,86	38,554
794,04	40,049
794,21	45,017
794,39	36,754
794,56	38,742
794,73	42,940
794,91	40,517
795,08	42,447
795,26	41,191
795,43	41,419
795,61	42,840
795,78	42,485
795,95	40,116
796,13	42,311
796,30	38,845
796,48	38,187
796,65	42,889
796,83	42,197
797,00	44,159
797,17	38,484
797,35	35,436
797,52	39,799
797,70	44,414
797,87	42,974
798,04	36,837
798,22	42,040
798,39	43,982
798,57	39,075
798,74	40,925
798,91	35,676
799,09	39,041
799,26	40,358
799,44	40,064
799,61	39,907
799,78	43,275
799,96	43,555
800,13	40,100
800,31	41,797
800,48	42,234
800,65	42,474
800,83	39,482
801,00	41,045
801,17	41,242
801,35	40,070
801,52	40,707
801,70	40,105
801,87	40,591
802,04	44,626
802,22	40,534
802,39	37,307
802,56	47,536
802,74	43,693
802,91	40,792
803,08	39,578
803,26	44,944
803,43	45,616
803,61	40,156
803,78	42,247
803,95	42,239
804,13	41,375
804,30	39,854
804,47	42,135
804,65	46,638
804,82	42,019
804,99	40,623
805,17	41,740
805,34	45,952
805,51	46,316
805,69	39,932
805,86	37,451
806,03	47,122
806,21	43,444
806,38	43,215
806,55	42,304
806,72	45,251
806,90	45,360
807,07	42,522
807,24	40,017
807,42	40,472
807,59	39,971
807,76	37,390
807,94	40,911
808,11	41,436
808,28	48,779
808,45	45,006
808,63	40,421
808,80	46,120
808,97	42,788
809,15	39,822
809,32	46,538
809,49	39,714
809,67	39,430
809,84	46,637
810,01	46,526
810,18	50,814
810,36	45,859
810,53	43,678
810,70	41,462
810,87	44,537
811,05	43,753
811,22	41,081
811,39	43,932
811,57	46,848
811,74	45,031
811,91	38,689
812,08	42,112
812,26	44,719
812,43	42,406
812,60	44,569
812,77	42,129
812,95	46,091
813,12	45,346
813,29	37,872
813,46	42,351
813,64	45,874
813,81	44,488
813,98	44,993
814,15	43,706
814,32	45,495
814,50	44,065
814,67	42,751
814,84	43,025
815,01	43,194
815,19	35,877
815,36	37,442
815,53	44,944
815,70	37,806
815,87	44,892
816,05	39,286
816,22	41,771
816,39	50,121
816,56	49,062
816,74	42,677
816,91	40,133
817,08	50,701
817,25	46,954
817,42	45,327
817,60	44,742
817,77	45,818
817,94	45,604
818,11	40,638
818,28	41,966
818,45	46,195
818,63	42,910
818,80	42,053
818,97	42,954
819,14	52,925
819,31	46,522
819,49	44,109
819,66	45,196
819,83	41,075
820,00	47,683
820,17	45,607
820,34	44,283
820,52	43,780
820,69	44,759
820,86	43,503
821,03	43,220
821,20	47,264
821,37	41,740
821,55	39,395
821,72	42,892
821,89	45,721
822,06	51,451
822,23	42,030
822,40	43,823
822,57	50,348
822,75	49,536
822,92	41,046
823,09	44,105
823,26	48,024
823,43	49,284
823,60	37,945
823,77	42,939
823,94	49,471
824,12	50,553
824,29	40,829
824,46	39,289
824,63	53,853
824,80	48,141
824,97	41,150
825,14	45,484
825,31	49,682
825,49	43,959
825,66	41,497
825,83	36,419
826,00	44,566
826,17	51,124
826,34	46,019
826,51	40,766
826,68	39,341
826,85	46,886
827,02	42,698
827,20	42,184
827,37	44,157
827,54	43,569
827,71	42,352
827,88	46,706
828,05	50,373
828,22	42,847
828,39	48,722
828,56	49,014
828,73	48,548
828,90	47,877
829,07	43,352
829,25	42,127
829,42	45,926
829,59	40,807
829,76	41,268
829,93	43,044
830,10	45,867
830,27	40,147
830,44	47,133
830,61	43,234
830,78	55,349
830,95	46,184
831,12	43,216
831,29	40,364
831,46	39,365
831,63	44,934
831,80	47,169
831,97	46,576
832,14	50,391
832,31	57,705
832,48	43,340
832,65	46,282
832,83	45,624
833,00	51,454
833,17	43,519
833,34	41,407
833,51	49,438
833,68	50,610
833,85	50,325
834,02	35,586
834,19	49,677
834,36	50,404
834,53	41,720
834,70	45,671
834,87	60,257
835,04	43,281
835,21	53,925
835,38	38,416
835,55	44,577
835,72	56,830
835,89	44,850
836,06	47,433
836,23	61,057
836,40	41,799
836,57	43,742
836,74	53,970
836,91	51,678
837,08	52,064
837,25	49,588
837,42	39,138
837,59	44,860
837,76	47,234
837,93	47,652
838,09	37,188
838,26	49,420
838,43	52,953
838,60	41,436
838,77	40,456
838,94	45,284
839,11	44,278
839,28	46,389
839,45	42,561
839,62	41,312
839,79	47,555
839,96	46,954
840,13	53,780
840,30	46,822
840,47	44,834
840,64	49,967
840,81	48,151
840,98	40,976
841,15	54,480
841,32	45,251
841,48	53,659
841,65	54,309
841,82	49,354
841,99	45,679
842,16	40,191
842,33	47,568
842,50	44,097
842,67	45,725
842,84	45,554
843,01	48,813
843,18	44,712
843,35	50,001
843,52	42,820
843,68	56,857
843,85	50,466
844,02	44,738
844,19	39,762
844,36	57,116
844,53	57,467
844,70	45,407
844,87	58,978
845,04	58,708
845,21	43,104
845,37	53,601
845,54	38,885
845,71	39,494
845,88	61,210
846,05	36,887
846,22	33,201
846,39	43,896
846,56	54,631
846,72	34,412
846,89	43,256
847,06	62,442
847,23	53,210
847,40	39,283
847,57	35,568
847,74	60,419
847,90	61,427
848,07	42,279
848,24	41,185
848,41	61,220
848,58	68,908
848,75	48,306
848,92	40,223
849,08	48,772
849,25	59,847
849,42	40,636
849,59	49,714
849,76	54,552
849,93	49,316
850,09	44,582
850,26	41,792
850,43	57,326
850,60	48,303
850,77	47,641
850,94	47,226
851,10	42,936
851,27	46,996
851,44	43,872
851,61	31,909
851,78	68,412
851,95	56,703
852,11	49,430
852,28	47,157
852,45	56,486
852,62	61,736
852,79	46,113
852,95	44,258
853,12	53,511
853,29	46,567
853,46	50,709
853,63	55,829
853,79	53,603
853,96	43,873
854,13	57,782
854,30	42,665
854,46	67,969
854,63	56,577
854,80	44,439
854,97	47,326
855,14	66,069
855,30	60,804
855,47	42,965
855,64	55,427
855,81	56,644
855,97	57,704
856,14	60,084
856,31	43,941
856,48	56,960
856,65	73,704
856,81	51,896
856,98	34,624
857,15	49,489
857,32	59,409
857,48	40,928
857,65	61,491
857,82	58,687
857,99	58,093
858,15	43,949
858,32	45,997
858,49	59,132
858,65	78,568
858,82	53,479
858,99	42,415
859,16	61,033
859,32	65,144
859,49	47,092
859,66	48,166
859,83	52,338
859,99	50,415
860,16	49,007
860,33	58,631
860,49	70,299
860,66	62,327
860,83	53,953
861,00	52,669
861,16	62,859
861,33	60,732
861,50	48,395
861,66	54,769
861,83	60,580
862,00	40,744
862,16	62,364
862,33	42,626
862,50	97,380
862,67	54,501
862,83	55,387
863,00	62,797
863,17	86,452
863,33	49,015
863,50	34,898
863,67	40,142
863,83	79,701
864,00	64,280
864,17	55,816
864,33	42,072
864,50	69,269
864,67	66,234
864,83	58,548
865,00	46,129
865,17	54,374
865,33	98,836
865,50	34,582
865,67	41,132
865,83	61,726
866,00	89,587
866,17	73,792
866,33	62,121
866,50	85,107
866,66	85,133
866,83	65,771
867,00	70,341
867,16	73,310
867,33	74,314
867,50	32,990
867,66	43,594
867,83	90,836
868,00	56,522
868,16	47,850
868,33	42,689
868,49	78,646
868,66	64,347
868,83	65,369
868,99	71,865
869,16	103,007
869,32	63,414
869,49	71,038
869,66	55,220
869,82	64,092
869,99	80,683
870,15	54,212
870,32	69,434
870,49	80,201
870,65	105,587
870,82	84,113
870,98	76,354
871,15	95,261
871,32	53,576
871,48	10,925
871,65	36,870
871,81	61,192
871,98	38,230
872,15	52,872
872,31	48,851
872,48	104,458
872,64	55,255
872,81	42,076
872,97	64,294
873,14	96,350
873,31	62,673
873,47	44,495
873,64	77,296
873,80	118,280
873,97	98,081
874,13	19,274
874,30	58,239
874,46	75,268
874,63	59,481
874,80	35,221
874,96	11,647
875,13	127,397
875,29	63,433
875,46	83,504
875,62	46,481
875,79	95,157
875,95	103,011
876,12	51,906
876,28	22,650
876,45	112,972
876,61	48,582
876,78	54,992
876,94	40,519
877,11	80,502
877,27	92,315
877,44	64,674
877,60	47,090
877,77	129,567
877,94	115,314
878,10	75,688
878,27	63,783
878,43	118,342
878,60	30,361
878,76	53,615
878,93	53,376
879,09	129,693
879,26	119,479
879,42	87,920
879,58	42,160
879,75	113,531
879,91	141,938
880,08	-11,525
880,24	53,150
880,41	71,079
880,57	95,844
880,74	28,432
880,90	81,320
881,07	92,596
881,23	144,297
881,40	47,558
881,56	64,298
881,73	108,829
881,89	125,344
882,06	25,156
882,22	196,429
882,38	143,523
882,55	194,215
882,71	103,594
882,88	16,187
883,04	238,107
883,21	201,946
883,37	59,083
883,54	48,612
883,70	180,165
883,86	138,461
884,03	93,026
884,19	28,937
884,36	162,332
884,52	201,478
884,69	129,737
884,85	28,651
885,01	174,898
885,18	101,794
885,34	-77,872
885,51	9,141
885,67	91,871
>>>>> Data<<<<< Espectral Procesado Extremo
