Fichero De Datos De SpectraSuite
++++++++++++++++++++++++++++++++++++
Fecha: Wed Apr 22 11:14:51 CEST 2009
Usuario: evoflor
Presente Oscuro Del Espectro: Sí
La Referencia de Presente Del Espectro De: Sí
Muestreados de los componentes de Número de espectros: 1
Espectrómetros: USB4F02353
Tiempo de integración (usec): 500000 (USB4F02353)
Promedio de Espectros Hechos un: 5 (USB4F02353)
El Alisar Del Furgón: 0 (USB4F02353)
Párrafo de de Corregir del la del del de Eléctrica del obscuridad: Sí (USB4F02353)
Estrobo/Lámpara Permitido: No (USB4F02353)
Correct for Detector Non-linearity: No (USB4F02353)
Párrafo de de Corregir del la del del de Externa del luz: No (USB4F02353)
Procesado del espectro de Número de pixeles en: 3648
>>>>> Comienza Data<<<<< Espectral Procesado Del EL
177,79	205,129
178,00	205,129
178,22	205,129
178,44	1082,308
178,66	-254,085
178,88	54,039
179,09	-266,426
179,31	140,191
179,53	508,700
179,75	321,416
179,96	275,948
180,18	-95,723
180,40	265,318
180,62	371,379
180,83	-1,612
181,05	-1389,146
181,27	-84210,000
181,49	-149,804
181,70	233,885
181,92	742,690
182,14	535,572
182,36	148,738
182,58	-104,100
182,79	721,473
183,01	45,258
183,23	144,970
183,45	-264,646
183,66	276,504
183,88	357,706
184,10	-3216,545
184,32	141,609
184,53	280,361
184,75	-15,403
184,97	33,117
185,18	-137,989
185,40	-305,337
185,62	143,786
185,84	58,100
186,05	132,448
186,27	-104,945
186,49	1715,769
186,71	-34,960
186,92	16,941
187,14	-47,421
187,36	148,994
187,58	145,893
187,79	-48,647
188,01	260,912
188,23	-236,676
188,45	136,640
188,66	-37,902
188,88	-2169,273
189,10	12,900
189,31	34,454
189,53	12,427
189,75	246,614
189,97	455,423
190,18	-221,845
190,40	410,647
190,62	-232,519
190,83	-137,568
191,05	40,874
191,27	274,029
191,49	364,381
191,70	-517,356
191,92	-706,017
192,14	5,142
192,35	333,183
192,57	3306,000
192,79	-143,448
193,01	194,203
193,22	144,006
193,44	-120,666
193,66	93,862
193,87	93,597
194,09	-59,314
194,31	171,018
194,53	695,874
194,74	54,532
194,96	99,629
195,18	166,722
195,39	-13,219
195,61	-124,321
195,83	-114,587
196,04	127,969
196,26	-246,784
196,48	-94,900
196,70	392,863
196,91	116,434
197,13	201,797
197,35	-6,728
197,56	380,526
197,78	1320,224
198,00	305,664
198,21	330,146
198,43	-1117,500
198,65	89,275
198,86	345,000
199,08	90,197
199,30	190,506
199,51	-508,827
199,73	262,639
199,95	357,698
200,16	784,269
200,38	256,556
200,60	85,464
200,81	137,923
201,03	16,060
201,25	-1067,100
201,46	157,668
201,68	46,287
201,90	1852,500
202,11	-376,374
202,33	107,558
202,55	1165,125
202,76	-35,595
202,98	42,544
203,20	-41,394
203,41	-97,421
203,63	131,760
203,85	-124710,000
204,06	90,974
204,28	-74,964
204,50	8,400
204,71	234,647
204,93	-60,720
205,15	131,657
205,36	-295,239
205,58	291,190
205,80	-137,764
206,01	40,161
206,23	124,564
206,45	130,786
206,66	107,175
206,88	-65,899
207,10	27,750
207,31	322,530
207,53	70,886
207,75	69,510
207,96	635,149
208,18	-125,273
208,39	175,011
208,61	2611,714
208,83	-400,179
209,04	178,394
209,26	-280,230
209,48	183,519
209,69	121,306
209,91	536,858
210,13	84,440
210,34	55,714
210,56	249,880
210,77	-911,102
210,99	51,450
211,21	6171,176
211,42	-91,401
211,64	-33,648
211,86	126,039
212,07	238,743
212,29	176,664
212,50	147,936
212,72	206,192
212,94	257,364
213,15	91,230
213,37	100,538
213,58	68,714
213,80	-2043,214
214,02	5747,647
214,23	166,807
214,45	402,984
214,67	-1257,439
214,88	-146,678
215,10	-224,313
215,31	-236,659
215,53	-35,659
215,75	68,191
215,96	992,609
216,18	45,211
216,39	93,338
216,61	262,467
216,83	299,598
217,04	915,843
217,26	53,081
217,47	119,208
217,69	208,799
217,91	-38,428
218,12	-69810,000
218,34	94,507
218,55	199,496
218,77	-5,083
218,99	37,485
219,20	-75,281
219,42	389,040
219,63	62,239
219,85	-70,610
220,06	310,038
220,28	132,809
220,50	99,633
220,71	115,652
220,93	1758,679
221,14	-1193,100
221,36	90,229
221,58	-63,109
221,79	-14,019
222,01	446,638
222,22	198,750
222,44	-398,764
222,65	88,996
222,87	66,503
223,09	124,040
223,30	33,284
223,52	115,522
223,73	83,731
223,95	169,310
224,16	192,186
224,38	252,867
224,60	44,487
224,81	88,886
225,03	68,954
225,24	120,659
225,46	18,787
225,67	30,490
225,89	6,558
226,10	264,488
226,32	464,880
226,54	5,568
226,75	73,865
226,97	106,806
227,18	105,263
227,40	3,152
227,61	27,955
227,83	32,140
228,04	89,303
228,26	22,952
228,47	22,305
228,69	146,445
228,91	123,843
229,12	-5,445
229,34	40,735
229,55	50,241
229,77	11,672
229,98	29,903
230,20	46,907
230,41	-15,149
230,63	71,393
230,84	59,166
231,06	21,924
231,27	-0,527
231,49	19,199
231,71	16,346
231,92	47,705
232,14	28,507
232,35	41,792
232,57	51,081
232,78	4,648
233,00	85,799
233,21	35,100
233,43	22,996
233,64	24,836
233,86	32,527
234,07	7,473
234,29	13,275
234,50	3,872
234,72	34,297
234,93	-1,527
235,15	6,445
235,36	23,111
235,58	20,859
235,79	39,412
236,01	16,067
236,22	10,636
236,44	30,271
236,65	17,801
236,87	15,563
237,08	9,797
237,30	-12,646
237,51	11,221
237,73	-5,798
237,94	1,945
238,16	18,673
238,37	9,475
238,59	16,476
238,80	8,492
239,02	3,586
239,23	19,415
239,45	-8,601
239,66	9,926
239,88	27,557
240,09	18,658
240,31	-4,743
240,52	2,832
240,74	10,549
240,95	9,579
241,17	-6,380
241,38	6,709
241,60	8,404
241,81	10,821
242,03	-0,133
242,24	7,293
242,46	17,218
242,67	7,031
242,89	10,841
243,10	12,161
243,32	9,715
243,53	7,860
243,75	7,096
243,96	12,153
244,18	13,070
244,39	7,526
244,60	-1,081
244,82	1,132
245,03	18,204
245,25	5,881
245,46	12,018
245,68	5,974
245,89	12,885
246,11	6,553
246,32	8,719
246,54	8,503
246,75	13,163
246,97	8,630
247,18	15,704
247,39	-0,217
247,61	0,457
247,82	2,214
248,04	3,983
248,25	2,512
248,47	10,056
248,68	7,996
248,90	-4,958
249,11	11,277
249,33	17,911
249,54	6,226
249,75	7,198
249,97	-2,413
250,18	5,627
250,40	13,057
250,61	-7,507
250,83	-0,426
251,04	-1,351
251,25	4,666
251,47	-0,022
251,68	8,891
251,90	10,906
252,11	4,071
252,33	0,461
252,54	4,987
252,76	5,510
252,97	0,741
253,18	-1,333
253,40	0,662
253,61	-0,876
253,83	7,823
254,04	7,479
254,25	4,730
254,47	-1,751
254,68	2,717
254,90	5,973
255,11	6,990
255,33	5,277
255,54	2,326
255,75	2,576
255,97	7,687
256,18	3,240
256,40	0,210
256,61	6,591
256,82	-1,807
257,04	8,666
257,25	3,221
257,47	4,139
257,68	-0,144
257,89	8,579
258,11	5,143
258,32	2,741
258,54	8,487
258,75	6,890
258,96	9,118
259,18	1,209
259,39	1,141
259,61	7,540
259,82	4,277
260,03	5,889
260,25	2,937
260,46	3,155
260,68	0,065
260,89	4,903
261,10	2,655
261,32	3,410
261,53	1,779
261,75	4,577
261,96	-3,095
262,17	6,818
262,39	6,861
262,60	1,732
262,81	-4,586
263,03	3,965
263,24	4,345
263,46	-0,510
263,67	2,432
263,88	4,233
264,10	6,089
264,31	0,065
264,52	4,374
264,74	4,604
264,95	3,208
265,17	3,618
265,38	3,840
265,59	8,611
265,81	4,561
266,02	0,779
266,23	0,597
266,45	10,465
266,66	8,413
266,87	6,119
267,09	-2,404
267,30	6,770
267,52	6,676
267,73	3,273
267,94	2,363
268,16	6,551
268,37	1,779
268,58	1,839
268,80	1,531
269,01	4,574
269,22	5,581
269,44	2,493
269,65	1,018
269,86	2,303
270,08	6,205
270,29	0,362
270,50	3,938
270,72	4,751
270,93	1,383
271,14	-1,367
271,36	3,543
271,57	3,755
271,78	6,133
272,00	3,176
272,21	3,220
272,42	6,557
272,64	5,156
272,85	0,497
273,06	1,874
273,28	2,344
273,49	3,465
273,70	4,603
273,92	6,945
274,13	6,148
274,34	4,006
274,56	3,501
274,77	1,480
274,98	3,493
275,20	2,801
275,41	5,419
275,62	3,704
275,84	3,704
276,05	6,248
276,26	2,065
276,47	1,541
276,69	7,655
276,90	3,263
277,11	1,759
277,33	2,517
277,54	4,475
277,75	3,111
277,97	1,700
278,18	2,363
278,39	6,837
278,61	-1,132
278,82	6,020
279,03	1,650
279,24	1,844
279,46	5,504
279,67	4,579
279,88	3,418
280,10	9,600
280,31	-0,305
280,52	2,673
280,73	2,293
280,95	5,080
281,16	5,831
281,37	4,744
281,59	5,578
281,80	6,745
282,01	-0,450
282,22	3,040
282,44	1,442
282,65	5,716
282,86	4,640
283,08	2,360
283,29	2,684
283,50	4,745
283,71	2,707
283,93	2,764
284,14	7,296
284,35	2,129
284,56	3,221
284,78	1,302
284,99	4,212
285,20	6,543
285,42	2,418
285,63	2,742
285,84	-1,121
286,05	0,960
286,27	5,109
286,48	0,314
286,69	2,034
286,90	1,702
287,12	1,507
287,33	1,261
287,54	1,376
287,75	3,411
287,97	4,187
288,18	0,628
288,39	-0,273
288,60	4,482
288,82	3,568
289,03	3,985
289,24	3,528
289,45	6,496
289,67	3,195
289,88	3,027
290,09	3,191
290,30	4,783
290,52	2,616
290,73	2,707
290,94	-0,671
291,15	5,752
291,37	3,971
291,58	1,481
291,79	0,869
292,00	3,772
292,21	4,337
292,43	2,177
292,64	0,758
292,85	1,354
293,06	4,141
293,28	3,170
293,49	1,783
293,70	6,690
293,91	7,743
294,12	2,907
294,34	3,515
294,55	4,102
294,76	3,200
294,97	4,761
295,19	-2,025
295,40	1,995
295,61	5,662
295,82	-0,501
296,03	3,382
296,25	2,005
296,46	2,341
296,67	-0,137
296,88	1,381
297,09	5,395
297,31	2,250
297,52	3,170
297,73	0,063
297,94	4,626
298,15	4,537
298,37	3,741
298,58	5,247
298,79	5,071
299,00	0,871
299,21	1,401
299,43	0,792
299,64	5,992
299,85	4,986
300,06	2,230
300,27	2,134
300,49	5,918
300,70	3,276
300,91	2,440
301,12	2,003
301,33	4,849
301,54	4,060
301,76	0,087
301,97	3,578
302,18	1,183
302,39	3,641
302,60	5,327
302,82	2,494
303,03	6,422
303,24	3,466
303,45	1,768
303,66	2,060
303,87	2,556
304,09	4,462
304,30	0,986
304,51	2,799
304,72	2,603
304,93	1,940
305,14	2,230
305,36	2,722
305,57	0,523
305,78	2,016
305,99	2,387
306,20	3,307
306,41	2,089
306,62	1,382
306,84	0,810
307,05	1,091
307,26	1,907
307,47	4,998
307,68	1,131
307,89	1,064
308,11	3,894
308,32	2,725
308,53	1,654
308,74	1,565
308,95	2,986
309,16	3,783
309,37	5,883
309,59	2,643
309,80	2,983
310,01	2,329
310,22	2,108
310,43	1,569
310,64	2,831
310,85	2,009
311,06	2,512
311,28	3,157
311,49	0,958
311,70	7,291
311,91	-0,972
312,12	2,951
312,33	3,694
312,54	3,378
312,75	2,065
312,97	0,583
313,18	2,798
313,39	1,888
313,60	3,060
313,81	5,225
314,02	1,435
314,23	6,131
314,44	0,496
314,65	2,141
314,87	0,441
315,08	-0,137
315,29	4,317
315,50	3,277
315,71	1,597
315,92	3,543
316,13	3,638
316,34	4,094
316,55	4,462
316,77	-1,953
316,98	2,102
317,19	2,189
317,40	3,538
317,61	4,028
317,82	2,266
318,03	0,282
318,24	2,369
318,45	3,209
318,66	1,472
318,87	-0,915
319,09	4,216
319,30	3,115
319,51	4,339
319,72	3,877
319,93	5,451
320,14	2,077
320,35	2,117
320,56	2,075
320,77	1,475
320,98	6,222
321,19	5,084
321,40	3,559
321,62	5,328
321,83	0,623
322,04	3,874
322,25	2,700
322,46	4,361
322,67	4,775
322,88	3,557
323,09	-0,040
323,30	6,811
323,51	3,203
323,72	3,871
323,93	1,060
324,14	-0,037
324,35	-1,442
324,56	2,087
324,77	1,751
324,99	2,610
325,20	1,963
325,41	3,621
325,62	3,885
325,83	-0,244
326,04	0,965
326,25	3,124
326,46	0,342
326,67	1,982
326,88	5,254
327,09	4,636
327,30	1,713
327,51	1,478
327,72	4,374
327,93	1,986
328,14	-6,392
328,35	0,165
328,56	4,016
328,77	4,009
328,98	2,397
329,19	3,299
329,40	3,990
329,61	1,804
329,82	0,402
330,04	3,890
330,25	-0,169
330,46	2,237
330,67	0,532
330,88	3,067
331,09	1,418
331,30	1,262
331,51	3,191
331,72	2,487
331,93	3,445
332,14	1,043
332,35	5,711
332,56	3,262
332,77	3,986
332,98	1,171
333,19	3,379
333,40	3,082
333,61	0,120
333,82	5,452
334,03	3,058
334,24	3,418
334,45	1,972
334,66	5,424
334,87	3,674
335,08	-1,336
335,29	3,090
335,50	1,354
335,71	2,532
335,92	2,793
336,13	5,042
336,34	-0,441
336,55	1,314
336,76	5,773
336,97	3,583
337,18	-0,539
337,39	0,772
337,60	0,992
337,81	1,311
338,02	1,412
338,23	2,587
338,44	3,403
338,65	1,622
338,86	2,079
339,07	1,106
339,28	2,608
339,49	4,209
339,70	2,310
339,91	1,914
340,11	4,420
340,32	1,372
340,53	1,167
340,74	1,619
340,95	0,207
341,16	3,627
341,37	0,830
341,58	-0,427
341,79	2,433
342,00	0,884
342,21	1,562
342,42	2,301
342,63	0,833
342,84	-2,673
343,05	3,893
343,26	5,458
343,47	2,529
343,68	-0,858
343,89	2,291
344,10	3,636
344,31	3,764
344,52	1,241
344,73	3,952
344,94	4,149
345,14	0,319
345,35	3,705
345,56	3,248
345,77	1,756
345,98	1,360
346,19	1,981
346,40	0,904
346,61	3,722
346,82	4,240
347,03	3,563
347,24	5,540
347,45	2,704
347,66	7,402
347,87	2,718
348,08	4,998
348,28	-0,355
348,49	3,550
348,70	5,571
348,91	-0,070
349,12	-2,009
349,33	16,024
349,54	4,200
349,75	3,881
349,96	3,866
350,17	6,163
350,38	2,121
350,59	6,940
350,80	2,261
351,00	6,612
351,21	8,403
351,42	3,141
351,63	0,044
351,84	4,498
352,05	4,329
352,26	2,818
352,47	3,550
352,68	5,513
352,89	4,934
353,09	5,228
353,30	-0,645
353,51	4,241
353,72	3,753
353,93	4,605
354,14	-0,445
354,35	1,640
354,56	8,421
354,77	2,061
354,98	1,722
355,18	2,603
355,39	5,315
355,60	3,596
355,81	1,161
356,02	4,590
356,23	5,173
356,44	4,155
356,65	2,828
356,85	6,771
357,06	4,960
357,27	3,041
357,48	2,356
357,69	4,320
357,90	4,204
358,11	0,249
358,32	2,046
358,52	7,736
358,73	4,064
358,94	1,453
359,15	3,928
359,36	4,714
359,57	1,625
359,78	1,782
359,98	1,788
360,19	0,409
360,40	1,603
360,61	2,546
360,82	1,915
361,03	5,485
361,24	1,348
361,44	-0,013
361,65	2,439
361,86	3,794
362,07	4,198
362,28	2,637
362,49	-0,591
362,70	1,113
362,90	4,189
363,11	-0,013
363,32	0,295
363,53	2,627
363,74	5,543
363,95	4,561
364,15	4,819
364,36	6,417
364,57	3,637
364,78	1,473
364,99	3,767
365,20	5,261
365,40	4,849
365,61	2,822
365,82	6,219
366,03	3,804
366,24	4,181
366,45	2,018
366,65	1,928
366,86	3,398
367,07	2,967
367,28	4,850
367,49	1,472
367,69	5,844
367,90	3,623
368,11	2,537
368,32	-0,643
368,53	5,934
368,73	5,704
368,94	3,047
369,15	2,395
369,36	6,933
369,57	2,645
369,78	1,485
369,98	4,026
370,19	4,470
370,40	3,143
370,61	2,038
370,82	3,543
371,02	2,410
371,23	8,647
371,44	3,175
371,65	4,701
371,85	5,711
372,06	3,580
372,27	1,218
372,48	1,996
372,69	4,741
372,89	1,550
373,10	4,017
373,31	0,989
373,52	4,003
373,73	5,685
373,93	0,017
374,14	1,552
374,35	7,893
374,56	6,406
374,76	4,791
374,97	2,084
375,18	4,072
375,39	3,761
375,60	3,647
375,80	4,122
376,01	4,361
376,22	4,196
376,43	3,115
376,63	1,477
376,84	-3,202
377,05	4,881
377,26	-1,389
377,46	2,191
377,67	0,467
377,88	3,954
378,09	3,116
378,29	3,498
378,50	6,185
378,71	2,929
378,92	-0,013
379,12	2,823
379,33	2,641
379,54	6,400
379,75	5,037
379,95	0,919
380,16	4,825
380,37	4,785
380,58	1,360
380,78	6,932
380,99	2,747
381,20	0,083
381,41	2,880
381,61	6,318
381,82	2,040
382,03	5,020
382,24	3,318
382,44	4,041
382,65	1,243
382,86	3,300
383,06	3,499
383,27	2,152
383,48	2,253
383,69	4,549
383,89	5,334
384,10	5,136
384,31	0,052
384,51	5,915
384,72	3,333
384,93	3,274
385,14	3,526
385,34	6,274
385,55	0,444
385,76	0,653
385,96	5,965
386,17	4,540
386,38	5,158
386,59	-4,964
386,79	0,642
387,00	5,079
387,21	5,760
387,41	3,824
387,62	-0,051
387,83	7,301
388,03	2,796
388,24	-1,114
388,45	5,033
388,66	1,230
388,86	3,207
389,07	0,933
389,28	4,241
389,48	6,175
389,69	0,345
389,90	6,246
390,10	6,479
390,31	5,710
390,52	-4,429
390,72	1,944
390,93	2,339
391,14	3,263
391,34	5,079
391,55	3,705
391,76	7,134
391,96	4,004
392,17	3,695
392,38	6,017
392,58	4,658
392,79	3,141
393,00	-0,115
393,20	0,891
393,41	3,867
393,62	1,427
393,82	4,267
394,03	3,858
394,24	4,007
394,44	7,175
394,65	6,199
394,86	-1,077
395,06	3,539
395,27	0,053
395,48	-0,217
395,68	4,003
395,89	4,004
396,10	7,981
396,30	1,000
396,51	2,003
396,72	0,972
396,92	-0,554
397,13	1,967
397,34	2,684
397,54	5,132
397,75	1,338
397,95	-0,373
398,16	3,282
398,37	0,739
398,57	2,245
398,78	5,479
398,99	4,412
399,19	3,755
399,40	4,453
399,60	-1,848
399,81	3,519
400,02	7,027
400,22	3,604
400,43	4,202
400,64	3,281
400,84	3,784
401,05	5,778
401,25	1,012
401,46	5,004
401,67	1,215
401,87	3,238
402,08	-0,677
402,29	0,326
402,49	2,956
402,70	6,907
402,90	1,951
403,11	1,125
403,32	5,697
403,52	1,084
403,73	7,072
403,93	6,496
404,14	7,848
404,35	4,278
404,55	0,781
404,76	1,322
404,96	2,649
405,17	6,539
405,38	6,730
405,58	-0,364
405,79	6,597
405,99	5,984
406,20	5,049
406,40	-0,971
406,61	5,898
406,82	0,529
407,02	7,848
407,23	5,950
407,43	1,953
407,64	-1,861
407,85	3,881
408,05	-0,577
408,26	9,468
408,46	7,882
408,67	2,448
408,87	3,299
409,08	4,705
409,29	1,916
409,49	4,532
409,70	4,453
409,90	6,394
410,11	3,291
410,31	6,564
410,52	6,368
410,72	0,601
410,93	6,882
411,14	0,604
411,34	2,817
411,55	8,288
411,75	7,774
411,96	1,662
412,16	3,818
412,37	2,930
412,57	6,699
412,78	5,722
412,99	4,463
413,19	4,329
413,40	4,085
413,60	1,874
413,81	2,218
414,01	2,168
414,22	2,173
414,42	5,843
414,63	-2,093
414,83	8,026
415,04	7,685
415,24	4,568
415,45	3,305
415,65	6,918
415,86	3,729
416,07	6,923
416,27	5,169
416,48	5,497
416,68	4,280
416,89	2,550
417,09	2,505
417,30	3,888
417,50	7,685
417,71	7,539
417,91	6,431
418,12	0,616
418,32	5,272
418,53	4,372
418,73	1,080
418,94	4,074
419,14	5,616
419,35	2,740
419,55	4,309
419,76	5,692
419,96	1,910
420,17	4,471
420,37	2,289
420,58	9,422
420,78	3,549
420,99	5,902
421,19	7,080
421,40	5,197
421,60	7,071
421,81	2,805
422,01	5,865
422,22	3,139
422,42	4,848
422,63	2,968
422,83	4,343
423,04	7,882
423,24	5,654
423,45	0,890
423,65	7,988
423,86	5,638
424,06	6,938
424,27	0,208
424,47	2,818
424,67	1,942
424,88	4,660
425,08	4,397
425,29	12,379
425,49	5,135
425,70	0,948
425,90	4,274
426,11	5,815
426,31	5,498
426,52	4,493
426,72	5,454
426,93	3,112
427,13	12,403
427,33	7,108
427,54	7,155
427,74	5,089
427,95	10,197
428,15	0,880
428,36	6,238
428,56	5,895
428,77	7,607
428,97	4,379
429,18	6,797
429,38	3,969
429,58	7,802
429,79	8,242
429,99	4,133
430,20	2,230
430,40	6,876
430,61	5,617
430,81	3,241
431,01	9,508
431,22	8,064
431,42	9,270
431,63	3,187
431,83	10,389
432,04	7,158
432,24	11,818
432,44	5,959
432,65	0,991
432,85	5,333
433,06	8,954
433,26	6,679
433,47	5,113
433,67	7,263
433,87	6,191
434,08	2,081
434,28	8,130
434,49	6,438
434,69	8,249
434,89	4,575
435,10	5,543
435,30	9,396
435,51	3,841
435,71	6,870
435,91	5,198
436,12	6,050
436,32	4,991
436,53	9,615
436,73	5,414
436,93	5,547
437,14	6,799
437,34	5,981
437,55	7,851
437,75	6,635
437,95	11,544
438,16	4,792
438,36	8,740
438,57	3,410
438,77	5,607
438,97	7,465
439,18	10,049
439,38	11,250
439,58	5,847
439,79	6,890
439,99	7,472
440,20	13,460
440,40	5,987
440,60	4,850
440,81	10,128
441,01	4,824
441,21	11,259
441,42	9,266
441,62	9,459
441,83	11,192
442,03	6,839
442,23	10,511
442,44	7,951
442,64	11,291
442,84	7,407
443,05	5,792
443,25	9,687
443,45	7,370
443,66	12,664
443,86	5,490
444,06	8,760
444,27	7,219
444,47	10,495
444,67	4,861
444,88	8,042
445,08	10,173
445,28	9,277
445,49	6,601
445,69	8,362
445,90	9,446
446,10	12,398
446,30	9,032
446,51	9,163
446,71	13,143
446,91	11,124
447,12	17,081
447,32	9,069
447,52	12,004
447,72	9,547
447,93	12,453
448,13	5,227
448,33	16,664
448,54	12,445
448,74	7,632
448,94	14,521
449,15	12,092
449,35	14,330
449,55	10,402
449,76	15,237
449,96	12,306
450,16	14,505
450,37	10,835
450,57	12,403
450,77	6,856
450,98	12,782
451,18	14,533
451,38	11,413
451,58	14,894
451,79	12,958
451,99	13,918
452,19	13,676
452,40	14,235
452,60	6,608
452,80	12,837
453,00	13,362
453,21	12,578
453,41	15,742
453,61	11,046
453,82	12,898
454,02	9,842
454,22	17,757
454,42	17,209
454,63	12,314
454,83	10,318
455,03	13,564
455,24	16,900
455,44	14,470
455,64	12,678
455,84	14,816
456,05	15,043
456,25	11,330
456,45	17,938
456,65	12,098
456,86	16,645
457,06	16,247
457,26	19,120
457,47	18,989
457,67	19,262
457,87	14,603
458,07	14,086
458,28	19,657
458,48	18,097
458,68	13,612
458,88	18,250
459,09	17,420
459,29	20,207
459,49	16,090
459,69	18,105
459,90	15,821
460,10	16,837
460,30	17,262
460,50	16,722
460,71	17,736
460,91	18,300
461,11	18,289
461,31	17,097
461,52	27,969
461,72	19,268
461,92	23,627
462,12	27,332
462,32	17,944
462,53	20,995
462,73	18,237
462,93	24,597
463,13	18,595
463,34	21,170
463,54	20,972
463,74	23,164
463,94	21,636
464,14	23,878
464,35	17,528
464,55	29,750
464,75	26,495
464,95	22,856
465,16	17,594
465,36	26,374
465,56	19,891
465,76	22,554
465,96	23,567
466,17	23,290
466,37	23,049
466,57	23,185
466,77	26,914
466,97	22,566
467,18	26,318
467,38	24,443
467,58	25,806
467,78	28,003
467,98	28,567
468,19	25,889
468,39	25,430
468,59	33,647
468,79	27,746
468,99	25,930
469,19	25,446
469,40	27,185
469,60	20,390
469,80	27,164
470,00	28,642
470,20	31,126
470,41	25,781
470,61	30,400
470,81	28,223
471,01	27,331
471,21	28,781
471,41	27,843
471,62	31,452
471,82	29,045
472,02	27,025
472,22	28,307
472,42	30,233
472,62	34,375
472,83	32,687
473,03	33,765
473,23	28,587
473,43	35,223
473,63	32,048
473,83	31,748
474,03	29,814
474,24	37,218
474,44	29,337
474,64	28,909
474,84	31,308
475,04	36,051
475,24	34,281
475,45	32,707
475,65	33,557
475,85	35,896
476,05	32,127
476,25	35,177
476,45	32,738
476,65	36,386
476,85	36,380
477,06	35,818
477,26	33,471
477,46	34,009
477,66	32,905
477,86	38,548
478,06	31,986
478,26	40,684
478,46	34,288
478,67	37,250
478,87	39,001
479,07	38,018
479,27	40,412
479,47	37,041
479,67	34,475
479,87	35,687
480,07	35,506
480,28	36,732
480,48	35,460
480,68	37,880
480,88	40,477
481,08	38,569
481,28	36,385
481,48	39,374
481,68	41,347
481,88	35,970
482,08	38,746
482,29	41,946
482,49	36,965
482,69	38,095
482,89	37,503
483,09	39,918
483,29	39,853
483,49	41,231
483,69	41,287
483,89	37,696
484,09	38,561
484,29	36,981
484,50	38,524
484,70	39,351
484,90	39,719
485,10	36,016
485,30	40,402
485,50	43,496
485,70	40,488
485,90	40,027
486,10	38,196
486,30	39,387
486,50	42,456
486,70	42,320
486,90	39,476
487,10	42,951
487,30	41,432
487,51	42,033
487,71	38,970
487,91	39,873
488,11	40,577
488,31	39,687
488,51	40,534
488,71	42,183
488,91	45,642
489,11	40,829
489,31	40,189
489,51	40,133
489,71	42,507
489,91	41,506
490,11	42,512
490,31	41,514
490,51	43,498
490,71	42,927
490,91	42,308
491,11	43,522
491,31	47,627
491,51	41,713
491,72	44,256
491,92	43,033
492,12	46,482
492,32	45,948
492,52	47,110
492,72	43,808
492,92	46,899
493,12	46,775
493,32	43,202
493,52	39,439
493,72	45,161
493,92	47,762
494,12	45,046
494,32	46,598
494,52	43,723
494,72	45,296
494,92	46,332
495,12	44,750
495,32	50,259
495,52	44,634
495,72	48,838
495,92	49,836
496,12	49,442
496,32	46,401
496,52	48,617
496,72	47,678
496,92	50,598
497,12	47,895
497,32	49,291
497,52	48,785
497,72	52,385
497,92	49,375
498,12	48,821
498,32	51,996
498,52	49,461
498,72	46,855
498,92	47,757
499,12	48,300
499,32	49,208
499,52	49,910
499,72	51,347
499,92	49,912
500,12	51,490
500,32	52,879
500,52	49,368
500,72	55,216
500,91	52,037
501,11	51,496
501,31	46,829
501,51	53,038
501,71	53,503
501,91	50,473
502,11	50,921
502,31	51,981
502,51	52,091
502,71	51,773
502,91	50,354
503,11	49,061
503,31	52,622
503,51	48,347
503,71	49,354
503,91	54,449
504,11	53,927
504,31	51,834
504,51	50,174
504,71	52,323
504,91	52,506
505,10	52,691
505,30	54,180
505,50	49,991
505,70	52,537
505,90	52,971
506,10	49,290
506,30	49,517
506,50	52,597
506,70	55,021
506,90	54,154
507,10	52,487
507,30	53,950
507,50	53,819
507,70	55,904
507,89	54,902
508,09	50,235
508,29	52,583
508,49	55,579
508,69	52,333
508,89	52,783
509,09	50,407
509,29	54,039
509,49	56,072
509,69	54,192
509,89	54,182
510,09	52,217
510,28	53,823
510,48	50,919
510,68	51,927
510,88	53,715
511,08	52,885
511,28	53,537
511,48	54,682
511,68	51,357
511,88	49,867
512,07	52,770
512,27	53,358
512,47	53,785
512,67	52,417
512,87	52,306
513,07	53,835
513,27	52,677
513,47	53,673
513,67	52,089
513,86	55,220
514,06	53,716
514,26	49,798
514,46	55,552
514,66	52,024
514,86	53,398
515,06	56,703
515,26	55,368
515,45	55,127
515,65	54,667
515,85	54,470
516,05	55,117
516,25	54,447
516,45	58,560
516,65	54,040
516,84	53,239
517,04	56,318
517,24	52,034
517,44	53,835
517,64	55,984
517,84	55,404
518,04	54,512
518,23	53,953
518,43	57,992
518,63	51,273
518,83	52,105
519,03	54,356
519,23	56,783
519,42	56,610
519,62	53,939
519,82	53,009
520,02	52,260
520,22	52,912
520,42	50,954
520,61	52,102
520,81	55,830
521,01	55,251
521,21	51,284
521,41	54,615
521,61	54,147
521,80	54,023
522,00	52,624
522,20	54,447
522,40	57,677
522,60	52,687
522,79	51,595
522,99	54,721
523,19	53,536
523,39	53,296
523,59	53,399
523,78	56,175
523,98	54,330
524,18	55,389
524,38	51,334
524,58	52,326
524,77	55,612
524,97	55,508
525,17	54,388
525,37	53,890
525,57	56,900
525,76	53,471
525,96	55,259
526,16	53,956
526,36	52,534
526,56	52,905
526,75	52,446
526,95	57,194
527,15	54,425
527,35	57,176
527,55	52,201
527,74	56,409
527,94	56,062
528,14	52,510
528,34	53,171
528,53	53,322
528,73	55,853
528,93	54,766
529,13	53,332
529,32	57,144
529,52	57,070
529,72	51,597
529,92	52,065
530,12	54,801
530,31	49,432
530,51	55,748
530,71	55,711
530,91	56,743
531,10	47,467
531,30	54,108
531,50	53,831
531,70	54,757
531,89	53,145
532,09	54,281
532,29	51,611
532,49	52,992
532,68	54,030
532,88	53,312
533,08	53,461
533,28	54,018
533,47	52,469
533,67	54,450
533,87	54,709
534,06	57,262
534,26	53,566
534,46	52,184
534,66	53,693
534,85	53,042
535,05	50,203
535,25	53,079
535,45	53,362
535,64	51,200
535,84	53,420
536,04	51,115
536,23	53,297
536,43	54,839
536,63	50,524
536,83	55,075
537,02	53,010
537,22	49,509
537,42	52,085
537,61	48,192
537,81	51,901
538,01	48,206
538,20	51,142
538,40	48,835
538,60	51,019
538,80	49,273
538,99	47,940
539,19	49,993
539,39	46,327
539,58	46,605
539,78	41,723
539,98	44,306
540,17	42,802
540,37	42,986
540,57	42,753
540,76	41,600
540,96	39,765
541,16	42,393
541,36	38,975
541,55	37,014
541,75	37,458
541,95	40,424
542,14	38,797
542,34	37,423
542,54	36,412
542,73	38,361
542,93	39,070
543,13	37,771
543,32	37,037
543,52	36,945
543,72	37,753
543,91	37,284
544,11	36,936
544,31	37,124
544,50	38,140
544,70	38,144
544,89	38,339
545,09	40,708
545,29	36,342
545,48	38,956
545,68	38,210
545,88	40,827
546,07	40,133
546,27	42,028
546,47	42,444
546,66	41,541
546,86	43,679
547,06	43,733
547,25	43,590
547,45	46,867
547,64	44,733
547,84	49,617
548,04	45,302
548,23	48,447
548,43	47,683
548,63	49,547
548,82	48,619
549,02	47,716
549,21	46,846
549,41	47,509
549,61	47,987
549,80	49,586
550,00	48,439
550,20	47,222
550,39	51,396
550,59	48,907
550,78	50,073
550,98	48,424
551,18	48,621
551,37	49,973
551,57	50,675
551,76	49,541
551,96	49,305
552,16	50,517
552,35	51,322
552,55	51,966
552,74	49,644
552,94	51,232
553,14	49,284
553,33	51,734
553,53	52,355
553,72	51,630
553,92	52,799
554,12	50,305
554,31	53,714
554,51	50,579
554,70	50,471
554,90	50,818
555,09	57,371
555,29	51,008
555,49	50,783
555,68	51,946
555,88	51,153
556,07	52,652
556,27	55,066
556,46	52,057
556,66	51,961
556,86	54,192
557,05	52,275
557,25	52,523
557,44	52,494
557,64	51,446
557,83	53,321
558,03	52,739
558,22	52,150
558,42	53,686
558,62	54,894
558,81	52,250
559,01	52,235
559,20	53,544
559,40	51,909
559,59	52,745
559,79	50,726
559,98	54,028
560,18	53,014
560,37	53,867
560,57	51,957
560,76	51,368
560,96	49,943
561,16	54,071
561,35	52,735
561,55	54,060
561,74	52,628
561,94	54,963
562,13	51,412
562,33	52,874
562,52	52,449
562,72	52,190
562,91	53,056
563,11	52,706
563,30	54,050
563,50	50,498
563,69	50,170
563,89	50,211
564,08	51,462
564,28	51,792
564,47	52,409
564,67	54,255
564,86	54,261
565,06	51,704
565,25	53,425
565,45	52,410
565,64	54,288
565,84	51,540
566,03	49,835
566,23	54,342
566,42	51,843
566,62	52,858
566,81	53,362
567,01	52,647
567,20	55,025
567,40	51,319
567,59	51,325
567,79	55,018
567,98	53,594
568,18	54,050
568,37	52,860
568,57	53,322
568,76	54,792
568,96	53,043
569,15	51,510
569,35	54,394
569,54	56,034
569,73	55,665
569,93	53,825
570,12	52,088
570,32	55,193
570,51	53,096
570,71	55,828
570,90	54,350
571,10	54,555
571,29	52,965
571,49	51,127
571,68	54,635
571,87	53,080
572,07	54,485
572,26	50,981
572,46	53,479
572,65	54,442
572,85	52,293
573,04	53,529
573,24	53,048
573,43	56,331
573,62	53,772
573,82	53,779
574,01	54,314
574,21	53,098
574,40	51,619
574,60	50,990
574,79	54,385
574,98	52,594
575,18	50,962
575,37	51,790
575,57	53,072
575,76	51,719
575,96	52,003
576,15	53,262
576,34	51,430
576,54	53,611
576,73	53,772
576,93	52,347
577,12	52,095
577,31	52,890
577,51	50,224
577,70	50,727
577,90	51,815
578,09	51,582
578,28	50,327
578,48	52,135
578,67	53,099
578,87	51,715
579,06	51,031
579,25	51,998
579,45	53,261
579,64	49,472
579,84	51,979
580,03	51,886
580,22	54,253
580,42	49,175
580,61	52,967
580,81	51,601
581,00	51,122
581,19	51,337
581,39	52,694
581,58	51,154
581,77	52,504
581,97	52,079
582,16	50,131
582,35	50,977
582,55	50,441
582,74	53,221
582,94	51,841
583,13	49,423
583,32	50,855
583,52	51,084
583,71	50,519
583,90	51,204
584,10	51,304
584,29	52,140
584,48	49,304
584,68	53,083
584,87	52,117
585,06	50,521
585,26	50,250
585,45	48,821
585,65	51,756
585,84	50,704
586,03	50,226
586,23	48,505
586,42	49,957
586,61	50,815
586,81	51,251
587,00	50,704
587,19	48,480
587,39	49,988
587,58	49,687
587,77	49,330
587,97	49,247
588,16	50,408
588,35	50,483
588,54	51,615
588,74	50,829
588,93	52,339
589,12	49,073
589,32	50,336
589,51	49,477
589,70	47,942
589,90	48,411
590,09	48,112
590,28	51,699
590,48	48,834
590,67	48,811
590,86	50,517
591,06	49,878
591,25	50,549
591,44	51,087
591,63	50,965
591,83	51,632
592,02	50,746
592,21	49,302
592,41	49,961
592,60	49,065
592,79	50,624
592,98	51,521
593,18	51,259
593,37	50,349
593,56	50,589
593,76	50,449
593,95	51,387
594,14	51,332
594,33	53,437
594,53	51,465
594,72	48,361
594,91	53,381
595,10	53,934
595,30	51,525
595,49	49,201
595,68	51,481
595,88	49,667
596,07	51,859
596,26	50,114
596,45	50,777
596,65	50,369
596,84	50,657
597,03	52,293
597,22	51,406
597,42	52,121
597,61	51,325
597,80	50,079
597,99	50,928
598,19	52,374
598,38	52,158
598,57	51,029
598,76	52,419
598,95	52,987
599,15	52,895
599,34	52,659
599,53	53,228
599,72	51,159
599,92	53,227
600,11	52,062
600,30	52,194
600,49	51,867
600,69	51,339
600,88	52,990
601,07	52,352
601,26	52,708
601,45	52,058
601,65	49,710
601,84	51,464
602,03	53,351
602,22	52,065
602,42	53,329
602,61	50,912
602,80	52,337
602,99	52,721
603,18	50,180
603,38	52,040
603,57	52,249
603,76	52,734
603,95	50,965
604,14	51,821
604,34	51,210
604,53	50,840
604,72	52,846
604,91	50,725
605,10	53,182
605,29	50,929
605,49	49,425
605,68	52,223
605,87	52,182
606,06	51,921
606,25	49,295
606,45	52,404
606,64	50,689
606,83	51,518
607,02	50,289
607,21	51,523
607,40	51,358
607,60	49,499
607,79	49,937
607,98	47,374
608,17	48,580
608,36	47,930
608,55	46,541
608,75	46,105
608,94	47,055
609,13	42,829
609,32	41,698
609,51	42,109
609,70	41,831
609,89	43,286
610,09	42,081
610,28	41,937
610,47	40,692
610,66	41,202
610,85	39,537
611,04	41,839
611,23	40,982
611,43	41,910
611,62	40,392
611,81	41,440
612,00	42,758
612,19	40,689
612,38	42,832
612,57	44,065
612,77	42,187
612,96	43,352
613,15	43,622
613,34	44,608
613,53	44,312
613,72	46,027
613,91	46,651
614,10	44,250
614,29	47,186
614,49	44,026
614,68	46,358
614,87	47,778
615,06	47,529
615,25	45,287
615,44	48,450
615,63	46,829
615,82	46,579
616,01	47,567
616,21	47,656
616,40	50,171
616,59	48,556
616,78	47,768
616,97	48,231
617,16	47,971
617,35	47,592
617,54	49,398
617,73	50,439
617,92	47,766
618,11	48,012
618,31	47,095
618,50	49,494
618,69	47,859
618,88	47,563
619,07	47,128
619,26	48,237
619,45	47,062
619,64	47,967
619,83	45,577
620,02	45,027
620,21	49,879
620,40	49,227
620,59	48,451
620,78	47,944
620,97	48,756
621,17	46,135
621,36	48,390
621,55	48,194
621,74	49,764
621,93	47,685
622,12	47,312
622,31	47,690
622,50	47,464
622,69	49,510
622,88	49,682
623,07	50,192
623,26	48,733
623,45	49,228
623,64	46,948
623,83	47,461
624,02	48,611
624,21	49,309
624,40	49,479
624,59	46,914
624,78	47,297
624,97	49,746
625,16	47,225
625,35	47,131
625,54	47,205
625,73	46,791
625,92	49,021
626,12	50,362
626,31	50,338
626,50	49,745
626,69	49,448
626,88	47,093
627,07	48,264
627,26	48,233
627,45	45,967
627,64	46,343
627,83	49,359
628,02	47,412
628,21	49,812
628,40	47,948
628,59	49,690
628,78	47,070
628,97	46,530
629,16	46,707
629,35	48,353
629,54	49,923
629,73	47,061
629,92	46,285
630,10	47,060
630,29	48,570
630,48	48,293
630,67	45,297
630,86	47,380
631,05	49,198
631,24	48,671
631,43	45,254
631,62	48,128
631,81	47,401
632,00	47,709
632,19	45,434
632,38	47,592
632,57	49,556
632,76	47,916
632,95	48,886
633,14	50,133
633,33	46,895
633,52	47,824
633,71	48,490
633,90	46,512
634,09	49,553
634,28	49,098
634,47	47,438
634,66	47,348
634,85	47,838
635,04	49,393
635,22	48,675
635,41	47,731
635,60	48,731
635,79	49,516
635,98	47,999
636,17	49,057
636,36	48,848
636,55	47,981
636,74	47,200
636,93	48,991
637,12	49,958
637,31	48,779
637,50	47,703
637,69	49,676
637,87	49,070
638,06	46,878
638,25	48,410
638,44	49,170
638,63	45,813
638,82	49,641
639,01	48,397
639,20	48,432
639,39	48,924
639,58	47,115
639,77	49,596
639,95	48,770
640,14	48,602
640,33	48,568
640,52	48,324
640,71	50,207
640,90	49,057
641,09	51,245
641,28	46,247
641,47	49,041
641,66	48,228
641,84	48,228
642,03	46,581
642,22	49,110
642,41	50,240
642,60	47,979
642,79	49,352
642,98	48,157
643,17	47,526
643,35	49,517
643,54	47,301
643,73	48,841
643,92	49,179
644,11	48,566
644,30	47,720
644,49	50,698
644,67	48,266
644,86	47,237
645,05	48,452
645,24	46,317
645,43	48,443
645,62	47,992
645,81	48,798
645,99	51,219
646,18	48,533
646,37	46,352
646,56	48,015
646,75	48,712
646,94	49,309
647,13	48,731
647,31	46,810
647,50	47,343
647,69	50,665
647,88	49,459
648,07	47,648
648,26	51,552
648,44	46,149
648,63	46,084
648,82	47,373
649,01	49,862
649,20	47,560
649,38	47,019
649,57	49,703
649,76	47,483
649,95	48,560
650,14	46,739
650,33	46,820
650,51	48,131
650,70	48,947
650,89	49,005
651,08	46,315
651,27	47,404
651,45	46,651
651,64	46,663
651,83	46,874
652,02	47,284
652,21	47,770
652,39	48,560
652,58	47,713
652,77	47,593
652,96	48,915
653,15	48,464
653,33	47,993
653,52	47,804
653,71	49,927
653,90	49,536
654,09	49,934
654,27	49,120
654,46	51,365
654,65	50,064
654,84	48,604
655,02	50,337
655,21	51,079
655,40	52,204
655,59	50,231
655,77	49,930
655,96	50,062
656,15	51,472
656,34	50,997
656,53	48,843
656,71	50,575
656,90	50,852
657,09	49,532
657,28	50,817
657,46	47,719
657,65	48,509
657,84	47,923
658,03	49,470
658,21	49,455
658,40	48,202
658,59	47,612
658,78	49,634
658,96	48,516
659,15	46,937
659,34	47,700
659,52	47,368
659,71	48,223
659,90	47,222
660,09	47,293
660,27	47,525
660,46	47,185
660,65	46,756
660,84	45,356
661,02	47,584
661,21	47,753
661,40	47,381
661,58	47,722
661,77	46,598
661,96	43,374
662,15	46,924
662,33	45,501
662,52	45,382
662,71	46,982
662,89	46,240
663,08	45,905
663,27	46,934
663,45	45,147
663,64	45,864
663,83	45,799
664,02	47,252
664,20	46,466
664,39	44,135
664,58	46,345
664,76	46,020
664,95	47,513
665,14	45,426
665,32	45,794
665,51	46,053
665,70	45,441
665,88	47,390
666,07	46,241
666,26	48,281
666,44	48,137
666,63	43,953
666,82	45,248
667,00	47,058
667,19	44,794
667,38	47,395
667,56	47,000
667,75	45,882
667,94	47,201
668,12	44,263
668,31	48,227
668,50	46,311
668,68	47,566
668,87	46,388
669,06	45,766
669,24	47,456
669,43	44,852
669,62	46,179
669,80	43,498
669,99	46,258
670,18	45,348
670,36	45,336
670,55	45,865
670,74	45,142
670,92	45,055
671,11	46,343
671,29	44,360
671,48	45,617
671,67	45,964
671,85	45,804
672,04	45,446
672,23	44,692
672,41	45,369
672,60	46,308
672,78	44,612
672,97	46,226
673,16	46,635
673,34	45,400
673,53	43,715
673,71	45,938
673,90	46,738
674,09	45,487
674,27	44,529
674,46	45,701
674,64	44,478
674,83	44,959
675,02	44,331
675,20	45,049
675,39	44,993
675,57	45,530
675,76	44,576
675,95	48,047
676,13	46,383
676,32	47,303
676,50	44,682
676,69	43,027
676,88	45,856
677,06	43,484
677,25	45,301
677,43	47,169
677,62	46,325
677,80	44,531
677,99	45,713
678,18	46,569
678,36	47,950
678,55	45,488
678,73	45,468
678,92	47,038
679,10	46,581
679,29	44,656
679,48	43,243
679,66	44,561
679,85	44,753
680,03	46,282
680,22	44,963
680,40	42,886
680,59	45,773
680,77	44,540
680,96	45,441
681,15	46,347
681,33	46,251
681,52	44,626
681,70	45,080
681,89	46,105
682,07	44,746
682,26	44,874
682,44	47,656
682,63	45,849
682,81	44,997
683,00	46,586
683,18	43,874
683,37	47,121
683,55	45,982
683,74	46,087
683,92	50,576
684,11	45,541
684,29	45,951
684,48	43,839
684,67	45,754
684,85	46,208
685,04	46,315
685,22	47,256
685,41	46,626
685,59	47,691
685,78	45,694
685,96	45,953
686,15	47,025
686,33	46,689
686,52	45,237
686,70	45,163
686,89	46,221
687,07	48,314
687,26	48,970
687,44	46,171
687,62	45,898
687,81	47,105
687,99	46,730
688,18	46,393
688,36	46,087
688,55	47,679
688,73	46,707
688,92	45,103
689,10	45,229
689,29	46,290
689,47	49,656
689,66	44,828
689,84	44,985
690,03	47,542
690,21	46,445
690,40	47,522
690,58	46,046
690,76	46,036
690,95	47,591
691,13	46,250
691,32	46,271
691,50	47,927
691,69	48,136
691,87	44,055
692,06	46,689
692,24	45,683
692,43	46,992
692,61	45,488
692,79	47,439
692,98	46,190
693,16	47,773
693,35	46,894
693,53	47,008
693,72	46,811
693,90	47,827
694,08	45,787
694,27	46,780
694,45	48,810
694,64	47,987
694,82	47,331
695,01	45,527
695,19	47,964
695,37	47,237
695,56	47,602
695,74	47,542
695,93	47,297
696,11	46,843
696,29	48,368
696,48	46,317
696,66	46,511
696,85	45,982
697,03	45,946
697,21	47,815
697,40	46,622
697,58	46,606
697,77	47,407
697,95	48,130
698,13	49,582
698,32	46,439
698,50	47,090
698,69	47,028
698,87	48,215
699,05	47,452
699,24	44,938
699,42	47,921
699,60	45,759
699,79	46,636
699,97	45,520
700,16	45,851
700,34	48,372
700,52	48,701
700,71	46,303
700,89	47,601
701,07	47,029
701,26	47,950
701,44	46,910
701,63	46,441
701,81	47,915
701,99	48,540
702,18	45,899
702,36	46,229
702,54	47,181
702,73	47,412
702,91	46,335
703,09	45,924
703,28	45,689
703,46	46,821
703,64	47,304
703,83	46,120
704,01	48,518
704,19	46,647
704,38	44,909
704,56	46,859
704,74	47,642
704,93	47,078
705,11	47,042
705,29	46,329
705,48	48,426
705,66	46,278
705,84	46,475
706,03	44,317
706,21	46,435
706,39	46,749
706,58	46,575
706,76	45,193
706,94	47,133
707,12	46,798
707,31	46,832
707,49	45,766
707,67	48,163
707,86	45,464
708,04	46,679
708,22	45,309
708,41	45,412
708,59	47,371
708,77	46,101
708,95	47,990
709,14	49,035
709,32	48,695
709,50	45,440
709,69	44,736
709,87	45,756
710,05	47,039
710,23	45,833
710,42	46,120
710,60	47,781
710,78	46,997
710,97	44,524
711,15	47,898
711,33	47,636
711,51	46,333
711,70	45,527
711,88	45,652
712,06	46,918
712,24	48,247
712,43	47,443
712,61	44,773
712,79	46,016
712,97	45,754
713,16	46,906
713,34	46,651
713,52	47,877
713,70	47,729
713,89	45,879
714,07	45,616
714,25	47,034
714,43	48,198
714,62	46,540
714,80	47,675
714,98	46,670
715,16	46,788
715,35	44,620
715,53	45,219
715,71	46,965
715,89	47,374
716,07	47,556
716,26	49,705
716,44	46,931
716,62	46,590
716,80	47,208
716,99	46,695
717,17	47,284
717,35	48,160
717,53	46,052
717,71	46,415
717,90	47,533
718,08	47,176
718,26	46,474
718,44	48,820
718,62	48,408
718,81	47,022
718,99	46,210
719,17	47,632
719,35	47,313
719,53	46,267
719,72	46,925
719,90	46,999
720,08	46,478
720,26	49,125
720,44	45,637
720,62	47,130
720,81	47,635
720,99	47,584
721,17	45,932
721,35	45,933
721,53	46,977
721,72	49,852
721,90	47,110
722,08	46,318
722,26	47,910
722,44	47,156
722,62	48,298
722,81	46,084
722,99	46,939
723,17	45,920
723,35	46,358
723,53	46,879
723,71	47,886
723,89	49,524
724,08	47,216
724,26	46,805
724,44	45,885
724,62	45,724
724,80	46,428
724,98	47,514
725,16	48,988
725,35	46,857
725,53	45,401
725,71	45,916
725,89	47,195
726,07	49,355
726,25	48,530
726,43	46,603
726,61	48,010
726,80	47,324
726,98	47,125
727,16	45,498
727,34	47,755
727,52	47,032
727,70	45,306
727,88	45,735
728,06	47,229
728,25	46,161
728,43	48,700
728,61	46,770
728,79	47,391
728,97	47,550
729,15	47,431
729,33	48,426
729,51	48,741
729,69	47,607
729,87	48,723
730,06	46,845
730,24	46,139
730,42	49,070
730,60	46,138
730,78	48,174
730,96	46,210
731,14	47,285
731,32	47,493
731,50	45,178
731,68	46,204
731,86	47,747
732,04	47,176
732,22	46,222
732,41	50,704
732,59	49,019
732,77	48,321
732,95	48,265
733,13	48,618
733,31	48,013
733,49	47,047
733,67	48,044
733,85	48,395
734,03	47,464
734,21	46,626
734,39	47,306
734,57	47,802
734,75	48,656
734,93	45,661
735,11	45,404
735,29	46,051
735,47	49,366
735,65	47,173
735,84	45,227
736,02	50,103
736,20	49,827
736,38	47,296
736,56	48,071
736,74	47,334
736,92	46,891
737,10	47,188
737,28	47,929
737,46	48,457
737,64	46,019
737,82	46,266
738,00	48,743
738,18	47,818
738,36	46,936
738,54	46,767
738,72	43,878
738,90	47,789
739,08	48,800
739,26	44,656
739,44	46,560
739,62	46,641
739,80	47,995
739,98	48,231
740,16	47,324
740,34	46,772
740,52	50,318
740,70	48,351
740,88	47,574
741,06	46,999
741,24	49,501
741,42	48,095
741,60	45,228
741,78	47,262
741,96	46,763
742,14	47,103
742,32	45,746
742,50	45,502
742,68	48,391
742,86	46,525
743,04	45,164
743,21	48,077
743,39	48,646
743,57	46,997
743,75	46,650
743,93	46,258
744,11	44,440
744,29	44,970
744,47	45,162
744,65	46,518
744,83	45,415
745,01	46,560
745,19	45,687
745,37	49,659
745,55	47,154
745,73	45,136
745,91	46,750
746,09	46,019
746,27	44,512
746,45	43,699
746,62	45,782
746,80	46,946
746,98	47,399
747,16	45,922
747,34	47,836
747,52	45,172
747,70	46,399
747,88	46,366
748,06	47,133
748,24	46,955
748,42	46,248
748,60	46,486
748,78	43,620
748,95	46,458
749,13	48,981
749,31	46,614
749,49	45,338
749,67	48,558
749,85	47,124
750,03	45,725
750,21	48,162
750,39	45,267
750,57	46,766
750,74	47,142
750,92	44,782
751,10	46,775
751,28	45,226
751,46	47,672
751,64	46,518
751,82	48,924
752,00	47,309
752,17	47,031
752,35	45,909
752,53	47,716
752,71	49,036
752,89	47,819
753,07	46,365
753,25	47,629
753,43	45,665
753,60	49,520
753,78	46,123
753,96	50,090
754,14	45,842
754,32	47,242
754,50	48,774
754,68	49,658
754,85	48,682
755,03	46,996
755,21	47,668
755,39	47,919
755,57	46,959
755,75	46,078
755,92	45,391
756,10	49,104
756,28	48,405
756,46	47,538
756,64	47,703
756,82	48,469
756,99	47,477
757,17	48,947
757,35	45,748
757,53	50,600
757,71	49,861
757,89	44,875
758,06	47,514
758,24	48,445
758,42	47,758
758,60	46,809
758,78	46,267
758,95	48,964
759,13	48,432
759,31	45,876
759,49	46,662
759,67	45,829
759,84	45,845
760,02	48,034
760,20	45,554
760,38	46,494
760,56	47,125
760,73	48,371
760,91	48,296
761,09	48,190
761,27	45,364
761,45	47,539
761,62	45,462
761,80	49,330
761,98	47,018
762,16	46,866
762,33	45,335
762,51	48,545
762,69	46,578
762,87	46,112
763,05	46,908
763,22	47,059
763,40	46,443
763,58	47,166
763,76	46,098
763,93	49,513
764,11	47,265
764,29	47,016
764,47	47,039
764,64	47,306
764,82	50,532
765,00	45,684
765,18	44,898
765,35	47,183
765,53	49,186
765,71	47,025
765,89	47,202
766,06	46,954
766,24	47,563
766,42	47,187
766,60	45,042
766,77	46,029
766,95	46,888
767,13	46,732
767,30	45,530
767,48	45,947
767,66	46,826
767,84	43,949
768,01	48,032
768,19	47,660
768,37	45,474
768,54	45,208
768,72	46,999
768,90	46,280
769,08	46,960
769,25	46,042
769,43	46,264
769,61	43,085
769,78	47,840
769,96	46,974
770,14	47,603
770,31	49,508
770,49	49,437
770,67	47,653
770,85	45,198
771,02	46,853
771,20	47,175
771,38	46,212
771,55	47,929
771,73	46,208
771,91	46,407
772,08	49,069
772,26	45,574
772,44	45,996
772,61	48,666
772,79	44,871
772,97	47,398
773,14	44,461
773,32	48,263
773,50	47,030
773,67	46,857
773,85	48,553
774,03	50,579
774,20	45,594
774,38	47,253
774,56	47,094
774,73	47,792
774,91	48,043
775,09	46,741
775,26	46,823
775,44	47,471
775,61	47,885
775,79	47,623
775,97	46,911
776,14	48,357
776,32	46,043
776,50	45,061
776,67	45,898
776,85	46,767
777,03	45,469
777,20	48,608
777,38	48,904
777,55	48,043
777,73	42,849
777,91	44,526
778,08	46,812
778,26	47,599
778,43	48,438
778,61	43,190
778,79	43,786
778,96	45,165
779,14	46,207
779,32	47,069
779,49	45,961
779,67	48,187
779,84	47,603
780,02	48,705
780,20	43,912
780,37	46,901
780,55	40,511
780,72	49,391
780,90	47,654
781,07	46,778
781,25	47,727
781,43	47,946
781,60	48,500
781,78	48,723
781,95	47,284
782,13	49,337
782,30	48,152
782,48	46,478
782,66	44,361
782,83	45,990
783,01	51,319
783,18	46,414
783,36	48,389
783,53	47,590
783,71	45,704
783,89	44,762
784,06	47,096
784,24	49,240
784,41	49,592
784,59	46,260
784,76	47,772
784,94	49,097
785,11	47,230
785,29	47,315
785,46	48,034
785,64	46,875
785,82	49,583
785,99	48,719
786,17	44,147
786,34	46,299
786,52	51,593
786,69	51,396
786,87	47,185
787,04	47,147
787,22	45,370
787,39	48,987
787,57	46,647
787,74	47,048
787,92	47,439
788,09	48,899
788,27	46,885
788,44	46,642
788,62	46,377
788,79	48,857
788,97	49,038
789,14	48,088
789,32	46,800
789,49	49,978
789,67	45,748
789,84	49,458
790,02	48,790
790,19	48,955
790,37	48,375
790,54	49,644
790,72	50,028
790,89	52,838
791,07	47,551
791,24	47,955
791,42	49,223
791,59	49,457
791,77	46,634
791,94	46,452
792,12	45,341
792,29	48,503
792,47	47,979
792,64	50,449
792,81	51,049
792,99	45,615
793,16	48,174
793,34	46,979
793,51	47,369
793,69	49,616
793,86	48,911
794,04	46,779
794,21	52,190
794,39	47,798
794,56	48,291
794,73	47,426
794,91	47,826
795,08	48,613
795,26	49,356
795,43	49,574
795,61	50,611
795,78	51,485
795,95	50,988
796,13	47,248
796,30	48,800
796,48	48,335
796,65	48,592
796,83	47,850
797,00	52,008
797,17	44,579
797,35	48,562
797,52	48,656
797,70	51,633
797,87	50,190
798,04	44,656
798,22	46,751
798,39	49,284
798,57	46,231
798,74	48,871
798,91	45,936
799,09	49,081
799,26	50,963
799,44	47,599
799,61	50,949
799,78	49,931
799,96	48,647
800,13	48,532
800,31	47,716
800,48	53,328
800,65	51,410
800,83	47,385
801,00	49,356
801,17	47,876
801,35	47,616
801,52	47,811
801,70	49,011
801,87	47,157
802,04	51,186
802,22	48,195
802,39	47,643
802,56	54,359
802,74	48,339
802,91	44,195
803,08	45,184
803,26	48,822
803,43	49,417
803,61	49,608
803,78	46,541
803,95	49,421
804,13	50,785
804,30	48,541
804,47	52,216
804,65	46,794
804,82	48,382
804,99	45,291
805,17	48,320
805,34	53,117
805,51	53,849
805,69	49,383
805,86	49,499
806,03	51,554
806,21	52,800
806,38	50,707
806,55	54,584
806,72	52,460
806,90	50,584
807,07	49,520
807,24	44,707
807,42	47,978
807,59	51,887
807,76	48,497
807,94	48,861
808,11	52,283
808,28	50,819
808,45	52,057
808,63	50,175
808,80	52,720
808,97	50,121
809,15	47,418
809,32	52,562
809,49	48,752
809,67	50,363
809,84	48,777
810,01	52,232
810,18	55,731
810,36	51,916
810,53	49,233
810,70	49,435
810,87	49,633
811,05	48,506
811,22	52,587
811,39	49,173
811,57	55,284
811,74	54,176
811,91	49,380
812,08	50,659
812,26	49,219
812,43	49,543
812,60	47,718
812,77	46,145
812,95	52,643
813,12	51,416
813,29	46,258
813,46	52,094
813,64	49,388
813,81	52,844
813,98	45,111
814,15	47,262
814,32	52,639
814,50	55,593
814,67	52,435
814,84	53,550
815,01	51,211
815,19	41,130
815,36	45,356
815,53	49,613
815,70	47,653
815,87	49,905
816,05	49,357
816,22	51,002
816,39	56,749
816,56	53,738
816,74	56,584
816,91	48,852
817,08	56,550
817,25	53,091
817,42	50,801
817,60	50,005
817,77	51,335
817,94	56,549
818,11	52,865
818,28	51,282
818,45	56,898
818,63	49,919
818,80	51,195
818,97	52,325
819,14	58,520
819,31	53,863
819,49	53,940
819,66	50,505
819,83	54,677
820,00	49,377
820,17	48,555
820,34	51,234
820,52	51,979
820,69	48,795
820,86	49,872
821,03	51,043
821,20	53,111
821,37	55,820
821,55	48,105
821,72	49,363
821,89	52,321
822,06	51,138
822,23	48,711
822,40	50,263
822,57	52,978
822,75	58,831
822,92	49,396
823,09	51,281
823,26	57,192
823,43	55,718
823,60	49,608
823,77	50,440
823,94	55,335
824,12	56,652
824,29	51,070
824,46	50,798
824,63	56,394
824,80	51,866
824,97	49,332
825,14	49,229
825,31	49,981
825,49	53,803
825,66	45,540
825,83	50,983
826,00	53,122
826,17	56,417
826,34	48,745
826,51	50,181
826,68	53,229
826,85	56,482
827,02	50,254
827,20	48,931
827,37	52,200
827,54	53,375
827,71	51,439
827,88	50,333
828,05	59,959
828,22	54,810
828,39	53,686
828,56	58,838
828,73	54,106
828,90	55,082
829,07	49,353
829,25	59,017
829,42	58,128
829,59	51,925
829,76	47,205
829,93	48,649
830,10	54,193
830,27	50,987
830,44	56,271
830,61	50,740
830,78	60,295
830,95	54,411
831,12	49,455
831,29	51,183
831,46	53,614
831,63	54,550
831,80	51,339
831,97	53,548
832,14	57,541
832,31	60,059
832,48	54,722
832,65	50,703
832,83	55,418
833,00	56,864
833,17	49,252
833,34	52,244
833,51	56,762
833,68	56,581
833,85	53,865
834,02	53,637
834,19	56,155
834,36	58,589
834,53	51,488
834,70	50,709
834,87	59,455
835,04	51,107
835,21	56,729
835,38	41,327
835,55	52,110
835,72	61,244
835,89	50,191
836,06	51,259
836,23	60,930
836,40	53,137
836,57	51,395
836,74	56,727
836,91	50,679
837,08	62,130
837,25	49,664
837,42	45,496
837,59	51,453
837,76	57,228
837,93	50,394
838,09	48,278
838,26	58,183
838,43	58,252
838,60	56,319
838,77	51,230
838,94	62,740
839,11	47,915
839,28	55,654
839,45	57,843
839,62	54,569
839,79	55,530
839,96	57,388
840,13	59,790
840,30	53,187
840,47	52,108
840,64	51,491
840,81	57,448
840,98	58,497
841,15	56,419
841,32	48,499
841,48	67,872
841,65	57,116
841,82	50,860
841,99	52,890
842,16	45,370
842,33	60,276
842,50	67,642
842,67	55,750
842,84	52,694
843,01	56,246
843,18	57,582
843,35	58,241
843,52	48,618
843,68	60,824
843,85	52,256
844,02	53,231
844,19	47,084
844,36	61,707
844,53	51,579
844,70	52,784
844,87	66,694
845,04	58,449
845,21	47,174
845,37	63,401
845,54	52,433
845,71	50,103
845,88	68,866
846,05	48,417
846,22	50,011
846,39	51,215
846,56	62,260
846,72	47,003
846,89	49,696
847,06	69,812
847,23	68,437
847,40	53,820
847,57	46,058
847,74	58,299
847,90	61,858
848,07	56,453
848,24	61,491
848,41	70,052
848,58	67,871
848,75	58,129
848,92	44,881
849,08	63,173
849,25	65,352
849,42	46,395
849,59	58,242
849,76	49,485
849,93	61,766
850,09	64,004
850,26	41,096
850,43	74,427
850,60	53,365
850,77	51,900
850,94	62,594
851,10	64,095
851,27	48,819
851,44	64,204
851,61	63,381
851,78	65,735
851,95	59,418
852,11	54,535
852,28	52,857
852,45	71,955
852,62	58,973
852,79	59,884
852,95	56,335
853,12	74,783
853,29	57,298
853,46	51,664
853,63	57,433
853,79	48,440
853,96	47,139
854,13	68,393
854,30	58,290
854,46	78,797
854,63	70,376
854,80	60,571
854,97	53,247
855,14	65,097
855,30	57,306
855,47	58,204
855,64	55,939
855,81	58,492
855,97	69,158
856,14	71,686
856,31	52,318
856,48	62,289
856,65	72,676
856,81	47,411
856,98	54,870
857,15	60,544
857,32	66,825
857,48	50,212
857,65	69,243
857,82	66,437
857,99	67,718
858,15	61,497
858,32	49,890
858,49	58,667
858,65	78,147
858,82	62,520
858,99	62,019
859,16	60,780
859,32	62,501
859,49	56,213
859,66	57,115
859,83	61,949
859,99	63,912
860,16	54,655
860,33	57,694
860,49	76,181
860,66	72,600
860,83	55,617
861,00	57,046
861,16	72,306
861,33	59,289
861,50	60,364
861,66	69,156
861,83	72,885
862,00	67,411
862,16	68,964
862,33	78,673
862,50	99,096
862,67	79,858
862,83	50,346
863,00	66,468
863,17	86,298
863,33	66,663
863,50	46,863
863,67	57,219
863,83	60,297
864,00	79,599
864,17	50,099
864,33	64,705
864,50	73,057
864,67	60,376
864,83	78,895
865,00	46,282
865,17	63,134
865,33	83,332
865,50	56,033
865,67	44,977
865,83	74,205
866,00	97,100
866,17	53,987
866,33	67,309
866,50	74,740
866,66	59,971
866,83	78,722
867,00	73,354
867,16	69,555
867,33	96,364
867,50	38,039
867,66	65,681
867,83	73,555
868,00	59,220
868,16	53,318
868,33	71,965
868,49	67,929
868,66	60,924
868,83	58,899
868,99	66,783
869,16	90,090
869,32	70,252
869,49	61,529
869,66	71,563
869,82	91,356
869,99	79,934
870,15	47,024
870,32	92,421
870,49	85,630
870,65	108,220
870,82	95,104
870,98	74,079
871,15	110,460
871,32	80,445
871,48	47,119
871,65	44,877
871,81	69,495
871,98	66,592
872,15	54,960
872,31	55,975
872,48	85,523
872,64	83,638
872,81	48,630
872,97	74,599
873,14	62,945
873,31	102,554
873,47	51,589
873,64	67,676
873,80	100,208
873,97	119,612
874,13	51,897
874,30	60,686
874,46	107,302
874,63	88,508
874,80	43,540
874,96	14,724
875,13	115,294
875,29	64,284
875,46	87,551
875,62	46,181
875,79	70,179
875,95	92,978
876,12	53,107
876,28	66,928
876,45	110,622
876,61	69,624
876,78	64,997
876,94	70,222
877,11	76,822
877,27	107,195
877,44	89,463
877,60	73,512
877,77	127,068
877,94	113,690
878,10	55,030
878,27	74,559
878,43	130,481
878,60	47,317
878,76	69,958
878,93	68,668
879,09	89,003
879,26	83,578
879,42	95,505
879,58	73,195
879,75	101,779
879,91	109,532
880,08	-25,916
880,24	69,055
880,41	81,361
880,57	44,867
880,74	33,818
880,90	109,625
881,07	58,487
881,23	49,243
881,40	51,567
881,56	96,584
881,73	102,673
881,89	86,908
882,06	103,060
882,22	201,873
882,38	158,443
882,55	130,381
882,71	114,040
882,88	61,801
883,04	187,652
883,21	169,388
883,37	80,103
883,54	95,196
883,70	130,830
883,86	134,213
884,03	58,653
884,19	63,526
884,36	-5,352
884,52	105,863
884,69	103,788
884,85	59,089
885,01	151,328
885,18	102,620
885,34	157,759
885,51	19,525
885,67	60,012
>>>>> Data<<<<< Espectral Procesado Extremo
