Fichero De Datos De SpectraSuite
++++++++++++++++++++++++++++++++++++
Fecha: Wed Apr 22 11:20:55 CEST 2009
Usuario: evoflor
Presente Oscuro Del Espectro: Sí
La Referencia de Presente Del Espectro De: Sí
Muestreados de los componentes de Número de espectros: 1
Espectrómetros: USB4F02353
Tiempo de integración (usec): 500000 (USB4F02353)
Promedio de Espectros Hechos un: 5 (USB4F02353)
El Alisar Del Furgón: 0 (USB4F02353)
Párrafo de de Corregir del la del del de Eléctrica del obscuridad: Sí (USB4F02353)
Estrobo/Lámpara Permitido: No (USB4F02353)
Correct for Detector Non-linearity: No (USB4F02353)
Párrafo de de Corregir del la del del de Externa del luz: No (USB4F02353)
Procesado del espectro de Número de pixeles en: 3648
>>>>> Comienza Data<<<<< Espectral Procesado Del EL
177,79	251,461
178,00	251,461
178,22	251,461
178,44	993,736
178,66	-149,151
178,88	274,039
179,09	289,064
179,31	238,730
179,53	555,944
179,75	117,982
179,96	578,190
180,18	-139,908
180,40	167,739
180,62	419,019
180,83	-98,471
181,05	-883,780
181,27	-88670,000
181,49	-177,109
181,70	233,731
181,92	258,223
182,14	538,163
182,36	147,094
182,58	-103,700
182,79	805,670
183,01	-38,356
183,23	199,659
183,45	-297,754
183,66	-197,212
183,88	-44,882
184,10	-3052,182
184,32	286,312
184,53	234,783
184,75	-184,383
184,97	108,286
185,18	-193,741
185,40	-824,375
185,62	156,602
185,84	28,537
186,05	123,800
186,27	-103,785
186,49	1056,538
186,71	45,103
186,92	121,366
187,14	-110,908
187,36	110,830
187,58	106,385
187,79	114,179
188,01	221,901
188,23	-139,403
188,45	101,977
188,66	-162,634
188,88	-466,727
189,10	-1732,700
189,31	-13,089
189,53	46,843
189,75	467,432
189,97	185,269
190,18	-233,605
190,40	860,412
190,62	-266,423
190,83	-272,315
191,05	78,013
191,27	225,057
191,49	517,995
191,70	-534,471
191,92	125,678
192,14	1,181
192,35	450,053
192,57	3253,429
192,79	149,400
193,01	134,079
193,22	181,171
193,44	-59,164
193,66	145,845
193,87	62,677
194,09	7,323
194,31	153,929
194,53	506,783
194,74	124,145
194,96	-21,266
195,18	208,282
195,39	-248,206
195,61	-33,459
195,83	-202,543
196,04	133,336
196,26	-124,472
196,48	86,945
196,70	349,841
196,91	19,566
197,13	35,367
197,35	-26,526
197,56	508,576
197,78	1393,806
198,00	613,776
198,21	216,359
198,43	-991,686
198,65	144,942
198,86	270,396
199,08	149,082
199,30	159,453
199,51	-326,938
199,73	249,743
199,95	215,025
200,16	687,192
200,38	160,406
200,60	87,974
200,81	318,994
201,03	99,103
201,25	-1615,700
201,46	221,727
201,68	1,291
201,90	1728,864
202,11	-80,802
202,33	175,350
202,55	39,625
202,76	-46,876
202,98	519,059
203,20	-36,875
203,41	-277,211
203,63	147,268
203,85	-126470,000
204,06	205,731
204,28	-159,446
204,50	176,068
204,71	272,739
204,93	-3,440
205,15	128,825
205,36	-28,432
205,58	102,821
205,80	-129,642
206,01	123,404
206,23	135,738
206,45	211,860
206,66	199,069
206,88	-70,370
207,10	39,932
207,31	277,179
207,53	1,343
207,75	78,074
207,96	728,881
208,18	-99,096
208,39	157,420
208,61	3536,286
208,83	-457,374
209,04	155,182
209,26	-255,161
209,48	271,113
209,69	160,435
209,91	807,331
210,13	59,726
210,34	138,426
210,56	123,584
210,77	-1576,929
210,99	83,585
211,21	4792,353
211,42	-163,606
211,64	-8,044
211,86	75,892
212,07	199,668
212,29	139,403
212,50	113,268
212,72	-95,115
212,94	79,221
213,15	124,906
213,37	111,624
213,58	-152,705
213,80	-1077,500
214,02	10562,941
214,23	245,566
214,45	293,672
214,67	-1410,610
214,88	43,725
215,10	-206,813
215,31	-30,415
215,53	-48,023
215,75	199,600
215,96	958,820
216,18	-728,592
216,39	104,548
216,61	287,926
216,83	207,009
217,04	864,831
217,26	76,242
217,47	188,296
217,69	248,799
217,91	175,077
218,12	-49070,000
218,34	98,589
218,55	318,753
218,77	52,879
218,99	171,814
219,20	-179,906
219,42	479,527
219,63	56,567
219,85	-8,141
220,06	8,731
220,28	133,619
220,50	32,453
220,71	56,956
220,93	3218,302
221,14	-1912,700
221,36	26,635
221,58	77,691
221,79	236,489
222,01	1012,672
222,22	636,645
222,44	-773,371
222,65	126,857
222,87	406,084
223,09	145,767
223,30	55,925
223,52	146,215
223,73	181,370
223,95	-3,141
224,16	238,495
224,38	329,550
224,60	94,145
224,81	276,729
225,03	48,095
225,24	185,168
225,46	103,937
225,67	33,958
225,89	80,720
226,10	250,813
226,32	759,760
226,54	-4,031
226,75	26,342
226,97	95,942
227,18	120,998
227,40	53,505
227,61	75,473
227,83	48,888
228,04	155,743
228,26	34,197
228,47	15,237
228,69	245,429
228,91	140,785
229,12	-2,891
229,34	26,388
229,55	56,428
229,77	50,221
229,98	-19,174
230,20	16,978
230,41	-6,837
230,63	131,931
230,84	73,797
231,06	23,915
231,27	4,973
231,49	57,235
231,71	26,860
231,92	34,770
232,14	11,825
232,35	64,551
232,57	34,450
232,78	42,558
233,00	45,694
233,21	32,552
233,43	3,569
233,64	25,324
233,86	21,723
234,07	30,232
234,29	8,984
234,50	15,547
234,72	43,066
234,93	-0,304
235,15	23,288
235,36	18,302
235,58	42,969
235,79	39,034
236,01	14,129
236,22	12,066
236,44	55,014
236,65	6,972
236,87	19,128
237,08	-6,784
237,30	-15,840
237,51	26,002
237,73	0,208
237,94	3,274
238,16	15,063
238,37	6,335
238,59	14,857
238,80	7,976
239,02	0,262
239,23	26,588
239,45	11,299
239,66	24,825
239,88	31,167
240,09	14,404
240,31	-3,787
240,52	10,300
240,74	14,437
240,95	3,716
241,17	10,320
241,38	16,735
241,60	10,108
241,81	18,611
242,03	5,980
242,24	13,167
242,46	16,918
242,67	9,618
242,89	10,378
243,10	19,488
243,32	11,993
243,53	10,692
243,75	7,460
243,96	9,103
244,18	14,013
244,39	10,457
244,60	9,141
244,82	4,134
245,03	22,863
245,25	11,214
245,46	16,327
245,68	5,357
245,89	20,010
246,11	9,505
246,32	8,054
246,54	2,898
246,75	10,869
246,97	13,014
247,18	17,516
247,39	7,045
247,61	5,889
247,82	14,549
248,04	5,955
248,25	10,177
248,47	11,494
248,68	13,691
248,90	1,338
249,11	13,334
249,33	14,757
249,54	5,945
249,75	8,950
249,97	3,267
250,18	12,330
250,40	18,824
250,61	-4,482
250,83	4,164
251,04	2,393
251,25	12,243
251,47	2,391
251,68	9,258
251,90	7,148
252,11	10,067
252,33	8,552
252,54	8,916
252,76	1,130
252,97	1,692
253,18	-0,946
253,40	7,441
253,61	0,500
253,83	11,811
254,04	4,992
254,25	5,361
254,47	5,719
254,68	5,760
254,90	2,598
255,11	9,681
255,33	5,367
255,54	6,266
255,75	3,066
255,97	6,622
256,18	6,849
256,40	4,396
256,61	8,564
256,82	4,149
257,04	11,158
257,25	-0,962
257,47	6,071
257,68	5,699
257,89	9,967
258,11	7,539
258,32	6,377
258,54	8,233
258,75	12,028
258,96	5,701
259,18	3,494
259,39	5,263
259,61	8,415
259,82	7,862
260,03	6,125
260,25	4,959
260,46	3,986
260,68	5,402
260,89	3,581
261,10	4,232
261,32	5,828
261,53	2,948
261,75	9,250
261,96	-1,849
262,17	10,467
262,39	10,648
262,60	3,032
262,81	0,229
263,03	10,734
263,24	6,332
263,46	3,261
263,67	3,807
263,88	3,945
264,10	6,163
264,31	2,469
264,52	3,654
264,74	8,497
264,95	2,068
265,17	7,607
265,38	6,462
265,59	7,881
265,81	8,415
266,02	-0,019
266,23	1,900
266,45	6,494
266,66	8,269
266,87	9,148
267,09	3,084
267,30	8,372
267,52	7,870
267,73	2,213
267,94	2,659
268,16	6,139
268,37	6,686
268,58	6,068
268,80	2,442
269,01	4,764
269,22	3,311
269,44	6,710
269,65	5,882
269,86	-1,159
270,08	7,391
270,29	0,058
270,50	8,108
270,72	6,835
270,93	2,515
271,14	1,991
271,36	5,815
271,57	8,957
271,78	4,811
272,00	7,785
272,21	10,016
272,42	7,790
272,64	8,301
272,85	4,015
273,06	2,288
273,28	7,684
273,49	5,258
273,70	5,819
273,92	7,681
274,13	6,077
274,34	3,566
274,56	3,319
274,77	-0,088
274,98	7,114
275,20	4,760
275,41	6,999
275,62	6,449
275,84	5,282
276,05	5,662
276,26	3,650
276,47	1,256
276,69	12,731
276,90	6,398
277,11	7,045
277,33	3,001
277,54	6,005
277,75	9,122
277,97	4,135
278,18	7,637
278,39	6,905
278,61	5,535
278,82	4,621
279,03	4,841
279,24	4,059
279,46	5,802
279,67	6,153
279,88	3,281
280,10	9,003
280,31	3,935
280,52	2,482
280,73	1,698
280,95	7,524
281,16	7,069
281,37	5,445
281,59	6,190
281,80	9,733
282,01	3,400
282,22	3,910
282,44	2,422
282,65	10,147
282,86	9,662
283,08	6,009
283,29	4,730
283,50	4,360
283,71	4,570
283,93	5,747
284,14	6,193
284,35	4,996
284,56	7,357
284,78	1,912
284,99	4,693
285,20	8,925
285,42	6,336
285,63	5,556
285,84	2,170
286,05	4,671
286,27	4,192
286,48	3,793
286,69	1,272
286,90	3,879
287,12	4,373
287,33	-0,042
287,54	4,613
287,75	6,007
287,97	6,473
288,18	4,497
288,39	-1,461
288,60	6,056
288,82	6,443
289,03	2,929
289,24	4,333
289,45	7,401
289,67	2,563
289,88	2,628
290,09	5,627
290,30	6,894
290,52	2,994
290,73	2,544
290,94	0,949
291,15	4,000
291,37	4,266
291,58	3,692
291,79	3,297
292,00	4,864
292,21	5,959
292,43	3,311
292,64	2,103
292,85	4,004
293,06	8,583
293,28	4,956
293,49	-0,567
293,70	6,844
293,91	4,408
294,12	4,378
294,34	4,847
294,55	2,376
294,76	4,173
294,97	7,073
295,19	2,000
295,40	7,391
295,61	5,534
295,82	2,462
296,03	6,263
296,25	4,250
296,46	3,643
296,67	1,903
296,88	2,747
297,09	6,794
297,31	5,424
297,52	5,063
297,73	2,369
297,94	7,201
298,15	4,486
298,37	4,286
298,58	6,899
298,79	7,142
299,00	1,904
299,21	2,737
299,43	2,444
299,64	8,300
299,85	4,397
300,06	4,517
300,27	4,048
300,49	7,991
300,70	6,874
300,91	2,341
301,12	3,443
301,33	6,313
301,54	5,349
301,76	5,285
301,97	4,782
302,18	2,948
302,39	5,629
302,60	5,159
302,82	2,739
303,03	8,999
303,24	5,684
303,45	7,296
303,66	5,501
303,87	2,602
304,09	10,297
304,30	4,484
304,51	4,671
304,72	3,671
304,93	6,532
305,14	3,564
305,36	2,404
305,57	1,517
305,78	4,555
305,99	3,890
306,20	3,525
306,41	2,722
306,62	3,620
306,84	2,706
307,05	2,509
307,26	6,949
307,47	5,562
307,68	6,670
307,89	2,577
308,11	4,734
308,32	3,686
308,53	3,627
308,74	2,672
308,95	5,616
309,16	7,727
309,37	5,764
309,59	1,501
309,80	3,823
310,01	6,308
310,22	6,623
310,43	3,052
310,64	4,119
310,85	6,996
311,06	3,327
311,28	3,578
311,49	5,532
311,70	5,598
311,91	1,287
312,12	3,069
312,33	5,629
312,54	4,642
312,75	4,719
312,97	1,373
313,18	6,791
313,39	3,981
313,60	4,858
313,81	4,497
314,02	6,323
314,23	7,224
314,44	1,603
314,65	5,379
314,87	2,972
315,08	3,058
315,29	7,320
315,50	6,169
315,71	5,697
315,92	5,975
316,13	5,974
316,34	4,745
316,55	4,681
316,77	1,855
316,98	2,995
317,19	3,275
317,40	4,785
317,61	8,067
317,82	2,433
318,03	2,255
318,24	4,973
318,45	6,500
318,66	2,613
318,87	4,117
319,09	5,688
319,30	4,851
319,51	4,854
319,72	6,972
319,93	7,619
320,14	6,897
320,35	3,756
320,56	3,762
320,77	2,204
320,98	6,297
321,19	4,800
321,40	3,377
321,62	6,520
321,83	3,981
322,04	3,367
322,25	5,705
322,46	6,956
322,67	6,025
322,88	3,270
323,09	3,390
323,30	4,789
323,51	5,862
323,72	6,618
323,93	3,329
324,14	5,444
324,35	2,644
324,56	0,620
324,77	3,218
324,99	3,099
325,20	-0,822
325,41	6,016
325,62	1,827
325,83	2,913
326,04	4,531
326,25	5,038
326,46	0,811
326,67	6,177
326,88	5,721
327,09	3,917
327,30	2,717
327,51	5,529
327,72	3,199
327,93	4,881
328,14	2,252
328,35	4,851
328,56	6,341
328,77	3,621
328,98	5,056
329,19	4,835
329,40	4,887
329,61	5,912
329,82	1,795
330,04	4,706
330,25	2,721
330,46	5,015
330,67	2,290
330,88	4,527
331,09	3,985
331,30	4,523
331,51	2,687
331,72	5,962
331,93	6,003
332,14	3,768
332,35	6,880
332,56	6,136
332,77	7,008
332,98	2,247
333,19	3,325
333,40	7,550
333,61	3,776
333,82	6,172
334,03	3,377
334,24	6,244
334,45	4,679
334,66	4,206
334,87	4,309
335,08	1,206
335,29	3,619
335,50	3,334
335,71	3,763
335,92	7,316
336,13	7,058
336,34	0,766
336,55	7,172
336,76	7,019
336,97	2,540
337,18	2,650
337,39	5,160
337,60	6,563
337,81	3,653
338,02	3,355
338,23	6,132
338,44	3,296
338,65	4,359
338,86	2,882
339,07	0,280
339,28	3,864
339,49	3,090
339,70	1,749
339,91	5,527
340,11	7,401
340,32	2,375
340,53	1,461
340,74	1,912
340,95	2,064
341,16	6,079
341,37	2,269
341,58	1,398
341,79	3,860
342,00	2,892
342,21	2,059
342,42	3,960
342,63	6,799
342,84	0,241
343,05	6,603
343,26	5,510
343,47	6,819
343,68	1,791
343,89	4,729
344,10	7,550
344,31	6,718
344,52	4,555
344,73	2,093
344,94	6,228
345,14	4,922
345,35	5,549
345,56	5,015
345,77	1,333
345,98	4,185
346,19	4,515
346,40	4,140
346,61	3,107
346,82	3,113
347,03	5,280
347,24	3,548
347,45	3,039
347,66	10,998
347,87	5,332
348,08	7,346
348,28	1,213
348,49	5,839
348,70	6,399
348,91	5,537
349,12	3,751
349,33	16,605
349,54	3,482
349,75	7,459
349,96	3,155
350,17	2,759
350,38	2,471
350,59	6,562
350,80	4,595
351,00	6,294
351,21	6,967
351,42	4,333
351,63	-0,774
351,84	6,646
352,05	7,013
352,26	4,918
352,47	4,103
352,68	6,851
352,89	7,289
353,09	5,634
353,30	1,430
353,51	4,360
353,72	6,591
353,93	7,555
354,14	0,232
354,35	5,725
354,56	7,719
354,77	4,998
354,98	-0,014
355,18	6,951
355,39	8,063
355,60	2,700
355,81	5,560
356,02	7,567
356,23	5,606
356,44	4,064
356,65	3,873
356,85	10,250
357,06	2,755
357,27	5,124
357,48	2,055
357,69	3,994
357,90	6,782
358,11	4,252
358,32	2,701
358,52	3,626
358,73	6,219
358,94	5,312
359,15	4,859
359,36	8,341
359,57	3,080
359,78	6,742
359,98	2,958
360,19	3,088
360,40	4,187
360,61	5,965
360,82	2,433
361,03	7,938
361,24	4,925
361,44	1,498
361,65	6,192
361,86	0,999
362,07	5,888
362,28	4,690
362,49	1,385
362,70	3,422
362,90	7,991
363,11	0,282
363,32	3,622
363,53	5,558
363,74	10,337
363,95	6,579
364,15	3,964
364,36	8,870
364,57	5,375
364,78	2,304
364,99	2,213
365,20	5,468
365,40	6,746
365,61	1,259
365,82	5,387
366,03	3,563
366,24	4,498
366,45	2,249
366,65	5,074
366,86	3,671
367,07	4,230
367,28	3,612
367,49	5,627
367,69	8,756
367,90	4,721
368,11	4,226
368,32	2,030
368,53	6,584
368,73	4,501
368,94	1,666
369,15	2,425
369,36	6,992
369,57	4,575
369,78	2,920
369,98	8,033
370,19	8,366
370,40	2,621
370,61	4,305
370,82	4,758
371,02	7,102
371,23	8,298
371,44	2,037
371,65	4,200
371,85	5,620
372,06	4,860
372,27	5,127
372,48	3,791
372,69	4,020
372,89	2,265
373,10	1,758
373,31	4,515
373,52	3,518
373,73	7,418
373,93	4,292
374,14	2,209
374,35	5,358
374,56	7,105
374,76	3,018
374,97	4,586
375,18	6,522
375,39	5,678
375,60	4,522
375,80	5,489
376,01	3,960
376,22	5,866
376,43	2,667
376,63	2,662
376,84	2,548
377,05	7,018
377,26	3,055
377,46	3,859
377,67	6,528
377,88	5,981
378,09	3,789
378,29	0,895
378,50	5,799
378,71	3,474
378,92	3,456
379,12	2,002
379,33	2,577
379,54	5,060
379,75	5,914
379,95	1,787
380,16	5,099
380,37	6,748
380,58	4,949
380,78	6,432
380,99	3,063
381,20	7,298
381,41	4,882
381,61	6,687
381,82	4,799
382,03	3,875
382,24	7,963
382,44	7,587
382,65	4,518
382,86	5,719
383,06	4,492
383,27	4,546
383,48	4,356
383,69	5,588
383,89	4,861
384,10	6,105
384,31	0,971
384,51	4,695
384,72	8,783
384,93	3,832
385,14	2,810
385,34	4,252
385,55	5,320
385,76	0,184
385,96	5,963
386,17	3,186
386,38	7,823
386,59	7,246
386,79	4,675
387,00	9,942
387,21	7,795
387,41	6,460
387,62	2,883
387,83	6,058
388,03	4,560
388,24	0,584
388,45	1,854
388,66	4,624
388,86	1,796
389,07	-0,219
389,28	8,700
389,48	4,424
389,69	5,965
389,90	2,213
390,10	5,268
390,31	4,828
390,52	0,416
390,72	3,573
390,93	3,365
391,14	4,235
391,34	2,163
391,55	6,307
391,76	8,473
391,96	3,972
392,17	2,383
392,38	2,718
392,58	4,624
392,79	4,492
393,00	0,418
393,20	2,666
393,41	1,399
393,62	3,522
393,82	6,755
394,03	4,590
394,24	4,463
394,44	8,383
394,65	6,132
394,86	1,854
395,06	7,594
395,27	1,499
395,48	2,446
395,68	1,720
395,89	6,107
396,10	4,827
396,30	5,052
396,51	-0,722
396,72	1,574
396,92	3,054
397,13	5,926
397,34	0,251
397,54	6,812
397,75	4,104
397,95	0,962
398,16	5,025
398,37	1,615
398,57	5,420
398,78	3,763
398,99	6,624
399,19	5,065
399,40	6,434
399,60	1,718
399,81	3,380
400,02	5,779
400,22	4,491
400,43	2,607
400,64	5,377
400,84	1,770
401,05	7,846
401,25	4,534
401,46	2,527
401,67	4,204
401,87	2,473
402,08	-0,181
402,29	1,959
402,49	3,529
402,70	6,771
402,90	1,241
403,11	1,917
403,32	4,961
403,52	3,600
403,73	6,082
403,93	5,206
404,14	10,014
404,35	7,281
404,55	2,199
404,76	2,931
404,96	3,322
405,17	5,948
405,38	8,231
405,58	4,348
405,79	6,031
405,99	7,893
406,20	3,713
406,40	-0,899
406,61	6,657
406,82	2,561
407,02	7,616
407,23	7,247
407,43	4,026
407,64	2,407
407,85	4,324
408,05	-0,192
408,26	10,225
408,46	8,061
408,67	1,063
408,87	3,404
409,08	4,774
409,29	5,926
409,49	3,201
409,70	3,571
409,90	5,173
410,11	5,458
410,31	5,986
410,52	2,425
410,72	3,357
410,93	6,984
411,14	3,153
411,34	-1,021
411,55	7,504
411,75	7,101
411,96	4,623
412,16	4,269
412,37	2,859
412,57	4,860
412,78	3,292
412,99	5,426
413,19	3,584
413,40	2,861
413,60	-0,151
413,81	3,333
414,01	4,702
414,22	2,208
414,42	1,021
414,63	1,605
414,83	5,988
415,04	7,258
415,24	4,936
415,45	0,968
415,65	7,393
415,86	6,536
416,07	5,706
416,27	3,174
416,48	7,629
416,68	11,436
416,89	-1,484
417,09	2,986
417,30	8,549
417,50	6,877
417,71	7,684
417,91	5,514
418,12	0,168
418,32	4,003
418,53	5,560
418,73	5,824
418,94	1,347
419,14	5,379
419,35	1,723
419,55	4,987
419,76	1,543
419,96	1,109
420,17	2,261
420,37	3,457
420,58	6,096
420,78	1,765
420,99	5,497
421,19	3,497
421,40	6,357
421,60	10,235
421,81	4,079
422,01	5,972
422,22	5,825
422,42	4,522
422,63	7,770
422,83	-0,470
423,04	8,053
423,24	11,993
423,45	-0,742
423,65	7,573
423,86	6,352
424,06	10,780
424,27	3,860
424,47	0,653
424,67	0,020
424,88	6,290
425,08	3,513
425,29	5,904
425,49	-0,354
425,70	-1,022
425,90	4,381
426,11	4,270
426,31	3,442
426,52	3,919
426,72	4,750
426,93	0,383
427,13	5,449
427,33	6,268
427,54	5,055
427,74	3,714
427,95	6,699
428,15	0,121
428,36	1,698
428,56	5,007
428,77	6,280
428,97	4,546
429,18	1,338
429,38	3,770
429,58	8,417
429,79	5,920
429,99	3,406
430,20	-0,189
430,40	5,503
430,61	1,509
430,81	-1,610
431,01	5,621
431,22	8,372
431,42	10,245
431,63	2,981
431,83	3,672
432,04	6,096
432,24	6,866
432,44	1,291
432,65	1,718
432,85	6,966
433,06	5,326
433,26	8,497
433,47	0,188
433,67	5,394
433,87	3,773
434,08	2,145
434,28	5,414
434,49	2,057
434,69	10,785
434,89	1,801
435,10	2,928
435,30	7,415
435,51	1,366
435,71	3,748
435,91	3,636
436,12	3,225
436,32	6,818
436,53	3,293
436,73	2,077
436,93	4,653
437,14	3,825
437,34	1,814
437,55	2,309
437,75	4,332
437,95	5,799
438,16	2,690
438,36	-0,800
438,57	-1,913
438,77	3,021
438,97	3,687
439,18	6,407
439,38	1,329
439,58	2,195
439,79	2,504
439,99	3,283
440,20	6,501
440,40	6,676
440,60	5,381
440,81	9,060
441,01	8,542
441,21	5,156
441,42	6,159
441,62	4,609
441,83	2,830
442,03	1,169
442,23	4,381
442,44	2,699
442,64	3,066
442,84	0,332
443,05	5,968
443,25	2,178
443,45	2,050
443,66	3,162
443,86	1,142
444,06	5,796
444,27	4,558
444,47	3,805
444,67	-0,547
444,88	3,659
445,08	4,535
445,28	5,558
445,49	-1,102
445,69	1,100
445,90	4,018
446,10	5,880
446,30	9,100
446,51	4,181
446,71	4,419
446,91	10,030
447,12	10,705
447,32	5,426
447,52	6,047
447,72	6,728
447,93	5,948
448,13	0,774
448,33	11,067
448,54	6,754
448,74	0,381
448,94	7,574
449,15	6,308
449,35	7,500
449,55	3,044
449,76	7,019
449,96	6,893
450,16	5,484
450,37	0,892
450,57	4,943
450,77	-0,655
450,98	7,937
451,18	3,403
451,38	2,001
451,58	3,333
451,79	2,383
451,99	8,729
452,19	7,610
452,40	7,488
452,60	-1,162
452,80	4,417
453,00	6,217
453,21	5,219
453,41	7,472
453,61	4,076
453,82	7,692
454,02	0,183
454,22	9,495
454,42	5,477
454,63	2,773
454,83	2,364
455,03	5,769
455,24	5,837
455,44	2,949
455,64	2,980
455,84	-0,873
456,05	-0,229
456,25	0,960
456,45	4,470
456,65	2,978
456,86	6,639
457,06	4,288
457,26	2,139
457,47	11,131
457,67	4,705
457,87	3,962
458,07	2,507
458,28	8,552
458,48	10,078
458,68	-2,076
458,88	5,839
459,09	8,416
459,29	8,956
459,49	6,825
459,69	5,013
459,90	3,189
460,10	5,432
460,30	2,696
460,50	4,440
460,71	8,362
460,91	-0,678
461,11	3,387
461,31	3,070
461,52	4,627
461,72	4,940
461,92	7,064
462,12	10,936
462,32	-2,198
462,53	6,251
462,73	-0,906
462,93	10,066
463,13	2,010
463,34	4,703
463,54	4,474
463,74	7,047
463,94	5,167
464,14	3,422
464,35	1,676
464,55	7,650
464,75	7,236
464,95	4,614
465,16	-0,168
465,36	3,270
465,56	2,579
465,76	1,828
465,96	2,892
466,17	1,018
466,37	2,089
466,57	8,086
466,77	4,350
466,97	2,475
467,18	9,958
467,38	3,642
467,58	3,191
467,78	8,827
467,98	8,411
468,19	5,087
468,39	8,161
468,59	9,952
468,79	4,476
468,99	0,171
469,19	1,972
469,40	10,577
469,60	-2,477
469,80	1,906
470,00	8,288
470,20	4,555
470,41	5,398
470,61	6,455
470,81	4,175
471,01	3,538
471,21	4,107
471,41	0,355
471,62	2,525
471,82	1,872
472,02	-0,760
472,22	3,804
472,42	6,260
472,62	5,545
472,83	4,537
473,03	5,842
473,23	2,413
473,43	8,971
473,63	6,662
473,83	4,182
474,03	2,714
474,24	10,569
474,44	5,303
474,64	3,293
474,84	4,521
475,04	4,747
475,24	6,293
475,45	8,141
475,65	3,944
475,85	9,076
476,05	3,972
476,25	4,124
476,45	4,405
476,65	8,187
476,85	5,651
477,06	5,830
477,26	0,338
477,46	3,622
477,66	6,856
477,86	6,871
478,06	2,996
478,26	9,677
478,46	3,040
478,67	5,263
478,87	3,138
479,07	5,277
479,27	7,105
479,47	2,491
479,67	1,601
479,87	1,359
480,07	7,298
480,28	6,954
480,48	3,567
480,68	7,180
480,88	11,841
481,08	8,461
481,28	7,862
481,48	5,807
481,68	6,980
481,88	4,309
482,08	6,057
482,29	7,371
482,49	3,391
482,69	6,692
482,89	6,802
483,09	7,785
483,29	8,289
483,49	6,738
483,69	8,066
483,89	7,322
484,09	3,911
484,29	3,607
484,50	5,810
484,70	6,956
484,90	6,912
485,10	6,177
485,30	9,105
485,50	9,777
485,70	7,260
485,90	6,551
486,10	2,671
486,30	5,375
486,50	8,032
486,70	7,254
486,90	6,140
487,10	9,534
487,30	8,112
487,51	9,061
487,71	5,229
487,91	6,076
488,11	8,752
488,31	4,682
488,51	9,992
488,71	7,087
488,91	12,167
489,11	7,000
489,31	8,194
489,51	8,593
489,71	7,544
489,91	9,338
490,11	7,096
490,31	8,593
490,51	10,975
490,71	9,293
490,91	8,630
491,11	11,306
491,31	9,588
491,51	8,481
491,72	9,290
491,92	11,503
492,12	14,977
492,32	11,139
492,52	14,013
492,72	13,115
492,92	10,589
493,12	12,606
493,32	8,816
493,52	10,334
493,72	11,126
493,92	12,306
494,12	13,275
494,32	12,922
494,52	11,813
494,72	11,304
494,92	8,604
495,12	14,793
495,32	14,564
495,52	12,735
495,72	14,734
495,92	14,643
496,12	15,541
496,32	11,446
496,52	12,550
496,72	14,949
496,92	16,117
497,12	14,629
497,32	15,683
497,52	15,203
497,72	16,679
497,92	15,226
498,12	14,342
498,32	14,989
498,52	15,275
498,72	16,221
498,92	13,831
499,12	19,285
499,32	15,748
499,52	16,287
499,72	16,042
499,92	18,676
500,12	18,720
500,32	18,547
500,52	17,294
500,72	23,340
500,91	20,494
501,11	19,939
501,31	14,769
501,51	19,848
501,71	19,450
501,91	20,496
502,11	18,461
502,31	19,327
502,51	22,207
502,71	17,480
502,91	18,334
503,11	19,908
503,31	20,731
503,51	17,355
503,71	21,334
503,91	22,716
504,11	20,726
504,31	22,124
504,51	22,336
504,71	25,567
504,91	22,251
505,10	23,999
505,30	21,490
505,50	24,199
505,70	19,347
505,90	22,981
506,10	21,767
506,30	22,369
506,50	26,935
506,70	27,124
506,90	23,901
507,10	24,900
507,30	23,394
507,50	25,109
507,70	24,448
507,89	25,966
508,09	24,242
508,29	22,628
508,49	25,424
508,69	23,125
508,89	24,790
509,09	25,186
509,29	24,837
509,49	28,287
509,69	27,567
509,89	26,466
510,09	24,960
510,28	24,454
510,48	26,131
510,68	22,973
510,88	23,650
511,08	24,746
511,28	27,176
511,48	28,460
511,68	25,565
511,88	24,964
512,07	29,279
512,27	28,994
512,47	25,013
512,67	24,964
512,87	25,463
513,07	29,374
513,27	24,239
513,47	26,170
513,67	27,155
513,86	27,421
514,06	27,401
514,26	28,360
514,46	32,827
514,66	30,108
514,86	28,886
515,06	31,725
515,26	34,420
515,45	29,071
515,65	29,438
515,85	30,266
516,05	27,948
516,25	30,910
516,45	33,289
516,65	28,696
516,84	29,441
517,04	33,189
517,24	31,531
517,44	30,236
517,64	34,267
517,84	33,133
518,04	30,976
518,23	34,469
518,43	33,519
518,63	29,358
518,83	29,783
519,03	32,491
519,23	30,837
519,42	32,379
519,62	31,273
519,82	33,767
520,02	31,204
520,22	30,851
520,42	33,117
520,61	35,800
520,81	36,877
521,01	33,135
521,21	29,339
521,41	32,605
521,61	36,893
521,80	29,089
522,00	33,880
522,20	33,642
522,40	35,802
522,60	32,449
522,79	32,294
522,99	34,916
523,19	31,977
523,39	34,441
523,59	31,606
523,78	35,282
523,98	31,209
524,18	34,604
524,38	31,298
524,58	35,235
524,77	36,115
524,97	35,961
525,17	34,625
525,37	36,825
525,57	35,761
525,76	32,493
525,96	34,557
526,16	33,306
526,36	31,520
526,56	33,744
526,75	34,463
526,95	35,981
527,15	34,841
527,35	35,531
527,55	34,543
527,74	37,402
527,94	33,816
528,14	34,174
528,34	34,355
528,53	33,964
528,73	37,032
528,93	37,486
529,13	36,745
529,32	36,491
529,52	39,734
529,72	34,434
529,92	35,543
530,12	35,066
530,31	33,201
530,51	35,274
530,71	37,630
530,91	36,951
531,10	32,130
531,30	34,597
531,50	35,151
531,70	36,052
531,89	34,834
532,09	34,636
532,29	36,492
532,49	36,740
532,68	37,897
532,88	33,245
533,08	35,667
533,28	36,868
533,47	36,224
533,67	35,223
533,87	34,480
534,06	39,548
534,26	36,666
534,46	34,918
534,66	37,569
534,85	37,798
535,05	33,504
535,25	34,526
535,45	34,652
535,64	37,485
535,84	36,656
536,04	33,936
536,23	35,752
536,43	37,692
536,63	35,515
536,83	37,597
537,02	36,586
537,22	35,877
537,42	34,727
537,61	35,426
537,81	36,626
538,01	37,405
538,20	35,596
538,40	34,372
538,60	34,783
538,80	35,089
538,99	35,664
539,19	33,626
539,39	31,469
539,58	33,703
539,78	30,652
539,98	32,803
540,17	30,303
540,37	32,223
540,57	28,630
540,76	30,482
540,96	27,417
541,16	33,171
541,36	29,018
541,55	25,266
541,75	25,256
541,95	26,356
542,14	26,936
542,34	25,258
542,54	27,264
542,73	28,569
542,93	29,115
543,13	28,075
543,32	24,620
543,52	27,509
543,72	26,066
543,91	26,094
544,11	25,547
544,31	25,944
544,50	25,689
544,70	28,710
544,89	27,296
545,09	27,882
545,29	26,748
545,48	27,779
545,68	27,183
545,88	27,912
546,07	28,302
546,27	27,450
546,47	29,769
546,66	31,315
546,86	30,705
547,06	29,323
547,25	30,783
547,45	33,690
547,64	31,954
547,84	33,264
548,04	31,633
548,23	32,483
548,43	33,801
548,63	37,099
548,82	35,827
549,02	31,376
549,21	32,612
549,41	34,511
549,61	34,812
549,80	33,530
550,00	35,829
550,20	35,178
550,39	35,241
550,59	32,403
550,78	37,576
550,98	35,617
551,18	38,623
551,37	38,280
551,57	36,414
551,76	34,550
551,96	34,589
552,16	34,973
552,35	34,892
552,55	36,257
552,74	37,967
552,94	36,939
553,14	36,373
553,33	36,378
553,53	36,563
553,72	37,117
553,92	37,273
554,12	35,658
554,31	37,373
554,51	36,546
554,70	34,662
554,90	35,934
555,09	38,250
555,29	39,174
555,49	41,332
555,68	37,790
555,88	36,441
556,07	35,316
556,27	40,452
556,46	37,601
556,66	38,143
556,86	39,692
557,05	38,056
557,25	35,971
557,44	37,439
557,64	36,672
557,83	38,490
558,03	37,902
558,22	35,684
558,42	37,545
558,62	42,181
558,81	37,562
559,01	37,527
559,20	39,539
559,40	38,772
559,59	38,139
559,79	37,344
559,98	41,288
560,18	37,686
560,37	37,465
560,57	38,543
560,76	36,801
560,96	36,768
561,16	38,933
561,35	37,401
561,55	41,453
561,74	37,205
561,94	40,271
562,13	38,120
562,33	40,034
562,52	38,383
562,72	37,006
562,91	37,859
563,11	38,983
563,30	40,426
563,50	36,899
563,69	38,404
563,89	39,797
564,08	39,357
564,28	37,051
564,47	40,173
564,67	37,950
564,86	40,920
565,06	38,252
565,25	40,429
565,45	37,789
565,64	41,052
565,84	37,406
566,03	37,122
566,23	37,601
566,42	40,091
566,62	38,055
566,81	37,166
567,01	37,826
567,20	40,116
567,40	35,872
567,59	37,022
567,79	38,045
567,98	41,050
568,18	37,587
568,37	37,777
568,57	40,024
568,76	40,630
568,96	39,133
569,15	37,652
569,35	39,747
569,54	40,440
569,73	40,625
569,93	38,697
570,12	39,571
570,32	39,718
570,51	38,619
570,71	38,618
570,90	41,040
571,10	36,545
571,29	37,773
571,49	37,861
571,68	39,545
571,87	38,664
572,07	38,793
572,26	37,380
572,46	37,854
572,65	38,948
572,85	35,784
573,04	39,275
573,24	38,877
573,43	41,651
573,62	39,730
573,82	39,860
574,01	37,094
574,21	38,136
574,40	37,640
574,60	37,389
574,79	39,971
574,98	36,982
575,18	38,737
575,37	36,476
575,57	38,628
575,76	38,011
575,96	38,833
576,15	36,959
576,34	37,658
576,54	39,765
576,73	39,245
576,93	38,032
577,12	38,701
577,31	37,354
577,51	36,861
577,70	38,033
577,90	38,751
578,09	37,354
578,28	37,121
578,48	38,013
578,67	38,482
578,87	40,105
579,06	37,470
579,25	38,193
579,45	38,681
579,64	36,204
579,84	37,189
580,03	36,870
580,22	40,307
580,42	35,064
580,61	37,889
580,81	35,966
581,00	38,578
581,19	38,329
581,39	36,246
581,58	36,820
581,77	36,550
581,97	38,105
582,16	35,880
582,35	36,639
582,55	37,942
582,74	37,995
582,94	38,505
583,13	33,761
583,32	36,856
583,52	37,688
583,71	37,821
583,90	36,511
584,10	37,449
584,29	36,843
584,48	36,140
584,68	37,511
584,87	37,592
585,06	37,155
585,26	35,380
585,45	36,497
585,65	37,568
585,84	37,298
586,03	36,639
586,23	35,166
586,42	37,687
586,61	38,588
586,81	37,778
587,00	37,267
587,19	35,914
587,39	36,968
587,58	37,875
587,77	37,734
587,97	33,936
588,16	35,209
588,35	37,978
588,54	37,297
588,74	36,034
588,93	38,010
589,12	35,832
589,32	36,039
589,51	36,890
589,70	35,987
589,90	37,055
590,09	36,745
590,28	40,434
590,48	37,242
590,67	36,880
590,86	36,767
591,06	37,968
591,25	37,681
591,44	37,815
591,63	37,640
591,83	38,316
592,02	37,494
592,21	36,923
592,41	35,591
592,60	36,940
592,79	36,021
592,98	36,711
593,18	38,313
593,37	36,645
593,56	38,396
593,76	37,852
593,95	35,580
594,14	37,282
594,33	39,317
594,53	38,080
594,72	37,938
594,91	39,689
595,10	38,701
595,30	37,652
595,49	37,378
595,68	39,678
595,88	39,199
596,07	37,485
596,26	37,636
596,45	39,357
596,65	35,861
596,84	36,205
597,03	39,123
597,22	38,851
597,42	39,743
597,61	37,468
597,80	38,758
597,99	37,024
598,19	38,207
598,38	39,968
598,57	37,390
598,76	38,215
598,95	40,215
599,15	37,918
599,34	38,924
599,53	39,360
599,72	38,156
599,92	39,306
600,11	38,170
600,30	38,737
600,49	39,151
600,69	37,410
600,88	38,327
601,07	38,506
601,26	38,881
601,45	37,682
601,65	36,271
601,84	40,286
602,03	39,925
602,22	38,626
602,42	40,559
602,61	38,255
602,80	39,275
602,99	39,068
603,18	37,376
603,38	39,130
603,57	39,639
603,76	37,591
603,95	36,095
604,14	38,887
604,34	39,407
604,53	38,155
604,72	39,051
604,91	39,097
605,10	37,207
605,29	38,735
605,49	35,574
605,68	38,025
605,87	39,360
606,06	37,741
606,25	37,483
606,45	39,778
606,64	39,287
606,83	38,449
607,02	35,953
607,21	37,055
607,40	38,411
607,60	35,342
607,79	35,470
607,98	34,556
608,17	34,398
608,36	35,849
608,55	35,864
608,75	36,094
608,94	35,473
609,13	31,920
609,32	30,932
609,51	31,792
609,70	31,340
609,89	32,409
610,09	31,539
610,28	33,548
610,47	32,889
610,66	30,408
610,85	29,768
611,04	33,384
611,23	32,391
611,43	32,020
611,62	30,038
611,81	31,379
612,00	31,989
612,19	30,868
612,38	30,867
612,57	33,250
612,77	32,601
612,96	32,897
613,15	32,280
613,34	34,568
613,53	35,058
613,72	35,989
613,91	34,495
614,10	34,090
614,29	37,443
614,49	34,386
614,68	33,497
614,87	35,803
615,06	37,177
615,25	34,161
615,44	37,134
615,63	35,918
615,82	34,945
616,01	35,793
616,21	36,045
616,40	37,629
616,59	38,583
616,78	36,178
616,97	37,122
617,16	38,101
617,35	38,449
617,54	37,189
617,73	39,157
617,92	35,808
618,11	39,209
618,31	35,496
618,50	37,411
618,69	37,531
618,88	36,693
619,07	36,118
619,26	35,708
619,45	35,130
619,64	35,532
619,83	35,678
620,02	35,261
620,21	39,864
620,40	36,947
620,59	35,726
620,78	35,956
620,97	36,568
621,17	39,237
621,36	36,269
621,55	36,578
621,74	34,611
621,93	37,306
622,12	34,767
622,31	36,129
622,50	34,438
622,69	38,575
622,88	37,107
623,07	37,191
623,26	36,835
623,45	37,250
623,64	34,705
623,83	37,187
624,02	37,557
624,21	37,781
624,40	37,218
624,59	36,391
624,78	38,267
624,97	40,508
625,16	35,963
625,35	35,032
625,54	36,210
625,73	37,016
625,92	36,605
626,12	38,258
626,31	38,960
626,50	36,896
626,69	37,199
626,88	36,102
627,07	38,497
627,26	39,168
627,45	35,042
627,64	37,681
627,83	38,508
628,02	34,809
628,21	35,978
628,40	36,248
628,59	38,449
628,78	36,333
628,97	36,203
629,16	35,486
629,35	36,004
629,54	39,394
629,73	36,554
629,92	36,837
630,10	37,798
630,29	37,014
630,48	36,624
630,67	35,819
630,86	38,105
631,05	36,712
631,24	38,141
631,43	34,467
631,62	37,113
631,81	36,743
632,00	37,650
632,19	36,546
632,38	38,454
632,57	38,835
632,76	36,789
632,95	37,591
633,14	38,820
633,33	37,864
633,52	37,534
633,71	36,818
633,90	36,375
634,09	36,938
634,28	36,781
634,47	36,837
634,66	37,523
634,85	37,790
635,04	39,072
635,22	37,091
635,41	37,441
635,60	37,581
635,79	37,944
635,98	34,701
636,17	37,165
636,36	37,138
636,55	37,200
636,74	36,597
636,93	38,534
637,12	39,096
637,31	36,835
637,50	35,536
637,69	37,099
637,87	37,380
638,06	38,433
638,25	36,442
638,44	38,532
638,63	34,690
638,82	38,288
639,01	37,163
639,20	39,013
639,39	39,540
639,58	36,568
639,77	37,885
639,95	36,095
640,14	39,303
640,33	37,550
640,52	37,250
640,71	39,947
640,90	38,323
641,09	40,272
641,28	36,879
641,47	39,228
641,66	38,417
641,84	37,271
642,03	35,961
642,22	37,678
642,41	39,696
642,60	38,896
642,79	38,188
642,98	39,715
643,17	36,408
643,35	38,134
643,54	37,718
643,73	38,976
643,92	40,360
644,11	38,206
644,30	36,950
644,49	40,058
644,67	36,384
644,86	36,149
645,05	39,615
645,24	38,706
645,43	38,661
645,62	38,508
645,81	39,458
645,99	41,118
646,18	38,695
646,37	37,193
646,56	34,980
646,75	39,597
646,94	39,358
647,13	36,365
647,31	37,143
647,50	38,751
647,69	40,651
647,88	37,934
648,07	38,067
648,26	40,736
648,44	36,881
648,63	37,272
648,82	38,125
649,01	39,988
649,20	37,947
649,38	37,766
649,57	37,962
649,76	36,818
649,95	38,244
650,14	36,965
650,33	36,080
650,51	35,164
650,70	37,812
650,89	36,520
651,08	36,737
651,27	38,527
651,45	36,215
651,64	37,027
651,83	37,890
652,02	37,681
652,21	37,857
652,39	36,944
652,58	37,139
652,77	37,559
652,96	38,497
653,15	37,798
653,33	38,127
653,52	39,015
653,71	39,360
653,90	38,465
654,09	37,197
654,27	37,943
654,46	39,849
654,65	37,925
654,84	37,480
655,02	39,260
655,21	38,678
655,40	38,667
655,59	39,188
655,77	37,556
655,96	38,113
656,15	38,165
656,34	40,395
656,53	37,165
656,71	38,561
656,90	39,386
657,09	39,793
657,28	39,001
657,46	37,912
657,65	37,819
657,84	36,586
658,03	39,294
658,21	39,549
658,40	37,308
658,59	38,299
658,78	38,835
658,96	37,100
659,15	37,987
659,34	37,537
659,52	38,510
659,71	39,695
659,90	36,925
660,09	38,434
660,27	37,803
660,46	39,855
660,65	37,323
660,84	36,960
661,02	38,606
661,21	37,266
661,40	37,325
661,58	38,337
661,77	36,378
661,96	36,106
662,15	36,488
662,33	36,054
662,52	36,499
662,71	37,645
662,89	35,148
663,08	36,806
663,27	37,897
663,45	37,210
663,64	36,104
663,83	34,399
664,02	35,970
664,20	38,159
664,39	36,948
664,58	37,575
664,76	37,218
664,95	38,031
665,14	37,079
665,32	36,068
665,51	36,293
665,70	38,643
665,88	38,645
666,07	36,714
666,26	39,145
666,44	36,832
666,63	37,360
666,82	38,193
667,00	38,511
667,19	35,744
667,38	37,327
667,56	38,014
667,75	37,798
667,94	36,628
668,12	36,539
668,31	36,964
668,50	37,007
668,68	38,142
668,87	37,021
669,06	36,857
669,24	38,869
669,43	35,866
669,62	35,265
669,80	34,840
669,99	37,989
670,18	37,477
670,36	35,460
670,55	37,439
670,74	36,788
670,92	35,888
671,11	37,451
671,29	36,185
671,48	37,492
671,67	37,440
671,85	38,212
672,04	35,754
672,23	35,876
672,41	37,064
672,60	37,632
672,78	35,396
672,97	37,308
673,16	37,152
673,34	36,805
673,53	35,733
673,71	37,461
673,90	37,489
674,09	37,413
674,27	35,380
674,46	36,080
674,64	38,206
674,83	35,774
675,02	34,582
675,20	38,095
675,39	33,756
675,57	37,361
675,76	37,051
675,95	39,199
676,13	36,353
676,32	37,092
676,50	36,979
676,69	34,519
676,88	35,521
677,06	37,668
677,25	37,045
677,43	39,155
677,62	36,062
677,80	36,590
677,99	35,934
678,18	37,194
678,36	38,377
678,55	35,856
678,73	37,573
678,92	37,556
679,10	37,193
679,29	36,242
679,48	35,440
679,66	36,396
679,85	35,959
680,03	36,112
680,22	35,674
680,40	35,618
680,59	35,555
680,77	36,781
680,96	37,262
681,15	34,856
681,33	37,703
681,52	34,472
681,70	35,935
681,89	37,904
682,07	37,471
682,26	35,586
682,44	36,490
682,63	37,154
682,81	37,168
683,00	37,917
683,18	35,655
683,37	38,332
683,55	35,832
683,74	36,466
683,92	41,404
684,11	38,014
684,29	37,210
684,48	36,966
684,67	36,474
684,85	38,229
685,04	37,097
685,22	37,550
685,41	35,125
685,59	38,193
685,78	36,771
685,96	36,245
686,15	36,889
686,33	37,287
686,52	36,701
686,70	36,313
686,89	37,743
687,07	37,542
687,26	38,371
687,44	38,682
687,62	36,108
687,81	37,075
687,99	36,157
688,18	37,405
688,36	37,566
688,55	37,710
688,73	37,476
688,92	35,252
689,10	36,523
689,29	38,694
689,47	40,188
689,66	37,043
689,84	35,989
690,03	40,463
690,21	37,095
690,40	37,494
690,58	36,273
690,76	37,175
690,95	38,748
691,13	36,940
691,32	38,030
691,50	37,279
691,69	38,365
691,87	37,151
692,06	37,108
692,24	37,058
692,43	38,548
692,61	35,928
692,79	36,107
692,98	36,543
693,16	38,937
693,35	35,483
693,53	38,338
693,72	39,039
693,90	38,436
694,08	35,633
694,27	37,183
694,45	39,123
694,64	40,613
694,82	37,137
695,01	37,054
695,19	37,927
695,37	35,772
695,56	37,004
695,74	37,889
695,93	39,041
696,11	36,991
696,29	37,521
696,48	37,507
696,66	39,419
696,85	38,386
697,03	35,537
697,21	38,893
697,40	37,812
697,58	37,533
697,77	36,018
697,95	37,877
698,13	38,675
698,32	37,771
698,50	38,414
698,69	36,589
698,87	40,364
699,05	37,508
699,24	36,285
699,42	37,343
699,60	36,497
699,79	37,867
699,97	35,780
700,16	36,646
700,34	38,758
700,52	38,033
700,71	37,499
700,89	37,886
701,07	37,965
701,26	40,089
701,44	36,730
701,63	36,986
701,81	38,884
701,99	38,568
702,18	37,594
702,36	36,528
702,54	38,317
702,73	36,967
702,91	36,983
703,09	37,838
703,28	37,681
703,46	38,610
703,64	37,960
703,83	38,855
704,01	37,406
704,19	36,098
704,38	36,654
704,56	36,747
704,74	39,904
704,93	38,111
705,11	38,044
705,29	38,288
705,48	40,667
705,66	39,103
705,84	36,262
706,03	35,918
706,21	38,726
706,39	37,768
706,58	37,518
706,76	37,175
706,94	39,213
707,12	39,543
707,31	36,975
707,49	36,120
707,67	38,628
707,86	39,975
708,04	37,657
708,22	36,182
708,41	36,152
708,59	37,246
708,77	36,312
708,95	38,051
709,14	40,242
709,32	37,900
709,50	36,990
709,69	35,871
709,87	38,498
710,05	36,121
710,23	36,541
710,42	36,093
710,60	36,093
710,78	38,372
710,97	38,256
711,15	37,455
711,33	38,026
711,51	36,669
711,70	35,964
711,88	37,553
712,06	38,763
712,24	38,640
712,43	37,278
712,61	36,633
712,79	37,585
712,97	37,418
713,16	37,625
713,34	36,690
713,52	38,907
713,70	37,829
713,89	36,551
714,07	38,123
714,25	39,812
714,43	39,506
714,62	36,816
714,80	37,831
714,98	35,687
715,16	39,254
715,35	35,153
715,53	37,767
715,71	37,257
715,89	40,086
716,07	37,786
716,26	40,936
716,44	39,233
716,62	38,013
716,80	38,475
716,99	37,866
717,17	38,303
717,35	38,460
717,53	35,851
717,71	36,339
717,90	38,631
718,08	38,780
718,26	36,137
718,44	38,526
718,62	37,968
718,81	39,056
718,99	36,590
719,17	37,143
719,35	37,918
719,53	36,546
719,72	35,634
719,90	37,873
720,08	34,915
720,26	39,612
720,44	36,396
720,62	37,308
720,81	38,613
720,99	41,188
721,17	36,853
721,35	38,489
721,53	37,981
721,72	38,696
721,90	39,236
722,08	38,919
722,26	38,102
722,44	37,678
722,62	35,787
722,81	38,312
722,99	38,079
723,17	36,371
723,35	38,028
723,53	37,517
723,71	39,387
723,89	40,181
724,08	37,462
724,26	38,408
724,44	37,310
724,62	38,815
724,80	36,066
724,98	38,133
725,16	40,338
725,35	38,906
725,53	38,454
725,71	37,212
725,89	35,936
726,07	40,732
726,25	39,188
726,43	38,727
726,61	38,112
726,80	40,183
726,98	36,819
727,16	37,026
727,34	39,677
727,52	36,871
727,70	36,846
727,88	37,734
728,06	35,294
728,25	36,668
728,43	37,726
728,61	37,683
728,79	37,280
728,97	37,823
729,15	36,053
729,33	37,117
729,51	37,781
729,69	38,696
729,87	37,683
730,06	37,802
730,24	37,359
730,42	40,366
730,60	35,870
730,78	38,524
730,96	38,293
731,14	39,434
731,32	37,408
731,50	37,268
731,68	36,434
731,86	38,176
732,04	38,888
732,22	37,310
732,41	40,577
732,59	37,401
732,77	37,895
732,95	39,573
733,13	38,635
733,31	39,589
733,49	35,925
733,67	39,275
733,85	37,848
734,03	38,965
734,21	37,701
734,39	36,845
734,57	40,166
734,75	40,759
734,93	34,937
735,11	35,764
735,29	36,721
735,47	37,679
735,65	36,788
735,84	35,124
736,02	39,473
736,20	40,486
736,38	36,643
736,56	37,109
736,74	38,526
736,92	37,633
737,10	37,618
737,28	38,875
737,46	38,475
737,64	36,398
737,82	38,169
738,00	39,213
738,18	37,575
738,36	37,688
738,54	38,162
738,72	36,755
738,90	38,035
739,08	39,457
739,26	35,584
739,44	36,327
739,62	39,479
739,80	39,000
739,98	38,196
740,16	36,786
740,34	38,674
740,52	39,170
740,70	35,934
740,88	36,976
741,06	37,516
741,24	36,970
741,42	37,477
741,60	35,024
741,78	39,214
741,96	37,011
742,14	37,014
742,32	36,721
742,50	37,597
742,68	37,957
742,86	37,050
743,04	36,947
743,21	38,420
743,39	38,669
743,57	38,101
743,75	36,890
743,93	36,391
744,11	35,567
744,29	35,700
744,47	38,799
744,65	37,384
744,83	36,886
745,01	35,859
745,19	39,512
745,37	40,964
745,55	40,533
745,73	37,798
745,91	36,175
746,09	36,870
746,27	37,497
746,45	35,355
746,62	37,805
746,80	37,507
746,98	37,975
747,16	37,199
747,34	37,707
747,52	37,282
747,70	39,240
747,88	37,081
748,06	37,113
748,24	38,986
748,42	40,472
748,60	36,875
748,78	36,124
748,95	38,784
749,13	40,594
749,31	36,693
749,49	37,259
749,67	38,949
749,85	40,466
750,03	38,528
750,21	38,088
750,39	36,526
750,57	39,696
750,74	38,431
750,92	36,015
751,10	38,833
751,28	37,201
751,46	36,443
751,64	38,366
751,82	39,317
752,00	38,787
752,17	37,556
752,35	37,451
752,53	37,935
752,71	37,546
752,89	37,493
753,07	34,428
753,25	37,716
753,43	35,822
753,60	38,726
753,78	35,868
753,96	41,387
754,14	38,194
754,32	39,129
754,50	38,523
754,68	39,450
754,85	38,030
755,03	37,963
755,21	38,714
755,39	40,727
755,57	38,288
755,75	36,320
755,92	35,553
756,10	38,802
756,28	38,741
756,46	36,316
756,64	37,515
756,82	37,178
756,99	37,408
757,17	38,333
757,35	37,064
757,53	39,585
757,71	38,041
757,89	34,699
758,06	38,031
758,24	39,038
758,42	36,985
758,60	37,483
758,78	37,774
758,95	39,131
759,13	38,823
759,31	36,605
759,49	37,447
759,67	38,526
759,84	37,947
760,02	39,048
760,20	36,383
760,38	38,101
760,56	35,795
760,73	36,667
760,91	37,546
761,09	39,362
761,27	37,491
761,45	38,065
761,62	35,767
761,80	37,157
761,98	37,632
762,16	37,643
762,33	37,361
762,51	40,982
762,69	38,775
762,87	37,224
763,05	38,387
763,22	38,362
763,40	36,129
763,58	36,065
763,76	37,045
763,93	39,318
764,11	38,241
764,29	39,949
764,47	36,204
764,64	38,621
764,82	39,122
765,00	38,901
765,18	36,635
765,35	36,418
765,53	38,506
765,71	37,849
765,89	37,314
766,06	36,961
766,24	39,422
766,42	36,917
766,60	35,999
766,77	36,715
766,95	36,689
767,13	38,592
767,30	36,938
767,48	37,906
767,66	37,637
767,84	37,175
768,01	37,777
768,19	37,880
768,37	35,519
768,54	38,039
768,72	37,425
768,90	39,019
769,08	38,111
769,25	38,158
769,43	36,494
769,61	35,856
769,78	37,566
769,96	37,154
770,14	40,050
770,31	38,282
770,49	39,325
770,67	40,151
770,85	37,790
771,02	37,726
771,20	37,634
771,38	38,860
771,55	37,207
771,73	35,848
771,91	37,949
772,08	39,066
772,26	36,253
772,44	37,594
772,61	36,003
772,79	38,513
772,97	38,382
773,14	34,032
773,32	39,543
773,50	37,029
773,67	38,238
773,85	40,395
774,03	40,363
774,20	37,799
774,38	39,231
774,56	38,358
774,73	37,671
774,91	38,721
775,09	36,371
775,26	39,824
775,44	38,219
775,61	37,670
775,79	36,339
775,97	38,450
776,14	38,939
776,32	36,796
776,50	36,972
776,67	38,838
776,85	38,562
777,03	36,177
777,20	38,163
777,38	39,680
777,55	39,040
777,73	35,541
777,91	35,274
778,08	38,093
778,26	36,962
778,43	39,526
778,61	34,675
778,79	36,618
778,96	36,986
779,14	36,534
779,32	37,406
779,49	40,852
779,67	42,035
779,84	37,392
780,02	38,528
780,20	35,072
780,37	40,363
780,55	35,219
780,72	40,130
780,90	38,014
781,07	36,228
781,25	37,551
781,43	36,252
781,60	36,908
781,78	39,669
781,95	40,012
782,13	40,053
782,30	39,666
782,48	39,663
782,66	37,185
782,83	35,210
783,01	43,600
783,18	39,922
783,36	38,281
783,53	38,935
783,71	38,263
783,89	40,550
784,06	39,049
784,24	38,088
784,41	40,017
784,59	37,861
784,76	38,220
784,94	39,597
785,11	38,789
785,29	37,114
785,46	38,679
785,64	37,112
785,82	38,813
785,99	37,837
786,17	36,898
786,34	37,239
786,52	40,225
786,69	41,981
786,87	37,986
787,04	36,504
787,22	36,242
787,39	40,018
787,57	39,707
787,74	39,057
787,92	40,361
788,09	39,596
788,27	34,714
788,44	36,958
788,62	40,027
788,79	37,946
788,97	38,186
789,14	37,960
789,32	36,503
789,49	39,342
789,67	40,073
789,84	39,796
790,02	38,158
790,19	40,717
790,37	37,546
790,54	39,871
790,72	40,311
790,89	42,126
791,07	40,096
791,24	36,980
791,42	38,300
791,59	37,665
791,77	40,367
791,94	36,216
792,12	37,287
792,29	36,945
792,47	36,741
792,64	42,142
792,81	42,185
792,99	38,527
793,16	38,526
793,34	37,040
793,51	38,581
793,69	38,101
793,86	38,889
794,04	38,394
794,21	38,687
794,39	36,571
794,56	37,680
794,73	39,412
794,91	41,766
795,08	40,010
795,26	37,786
795,43	37,800
795,61	38,456
795,78	38,994
795,95	40,927
796,13	36,556
796,30	39,036
796,48	37,095
796,65	41,255
796,83	39,730
797,00	41,887
797,17	35,342
797,35	38,068
797,52	37,794
797,70	42,350
797,87	36,855
798,04	36,923
798,22	37,762
798,39	38,340
798,57	39,943
798,74	39,426
798,91	36,975
799,09	39,127
799,26	42,194
799,44	37,120
799,61	37,689
799,78	41,184
799,96	40,089
800,13	35,559
800,31	39,938
800,48	42,450
800,65	43,636
800,83	39,656
801,00	37,675
801,17	38,001
801,35	40,711
801,52	37,845
801,70	39,837
801,87	39,064
802,04	40,885
802,22	36,285
802,39	38,408
802,56	42,950
802,74	40,946
802,91	37,904
803,08	38,797
803,26	40,944
803,43	44,013
803,61	38,192
803,78	36,180
803,95	39,627
804,13	39,623
804,30	37,895
804,47	40,448
804,65	40,555
804,82	37,014
804,99	41,072
805,17	40,956
805,34	43,180
805,51	43,969
805,69	36,043
805,86	36,770
806,03	44,466
806,21	41,811
806,38	40,960
806,55	39,438
806,72	42,571
806,90	43,428
807,07	37,323
807,24	38,434
807,42	38,859
807,59	37,117
807,76	32,937
807,94	39,049
808,11	40,787
808,28	41,689
808,45	40,389
808,63	39,260
808,80	40,937
808,97	42,857
809,15	37,002
809,32	39,686
809,49	40,810
809,67	33,377
809,84	44,006
810,01	39,828
810,18	45,054
810,36	42,286
810,53	40,527
810,70	42,105
810,87	41,923
811,05	38,420
811,22	41,816
811,39	41,563
811,57	43,508
811,74	41,987
811,91	39,940
812,08	42,551
812,26	37,119
812,43	36,865
812,60	42,230
812,77	40,144
812,95	41,778
813,12	44,013
813,29	33,741
813,46	39,822
813,64	40,438
813,81	43,080
813,98	39,473
814,15	37,236
814,32	47,025
814,50	40,819
814,67	42,914
814,84	37,555
815,01	40,746
815,19	33,476
815,36	36,789
815,53	42,359
815,70	39,153
815,87	43,252
816,05	36,993
816,22	42,790
816,39	44,704
816,56	48,523
816,74	41,521
816,91	43,254
817,08	50,664
817,25	45,915
817,42	38,186
817,60	43,626
817,77	40,616
817,94	38,840
818,11	38,213
818,28	39,826
818,45	37,233
818,63	45,061
818,80	40,823
818,97	40,944
819,14	42,832
819,31	44,628
819,49	45,155
819,66	38,329
819,83	39,806
820,00	40,233
820,17	40,111
820,34	41,278
820,52	41,509
820,69	44,973
820,86	35,495
821,03	38,276
821,20	42,804
821,37	45,666
821,55	37,453
821,72	39,352
821,89	42,262
822,06	47,693
822,23	39,853
822,40	38,806
822,57	40,296
822,75	45,312
822,92	35,376
823,09	38,959
823,26	47,934
823,43	44,800
823,60	37,292
823,77	42,668
823,94	40,786
824,12	49,068
824,29	39,835
824,46	35,261
824,63	43,520
824,80	40,263
824,97	36,006
825,14	42,135
825,31	43,515
825,49	40,715
825,66	40,074
825,83	37,106
826,00	44,907
826,17	50,050
826,34	41,571
826,51	32,711
826,68	41,625
826,85	44,467
827,02	35,746
827,20	37,008
827,37	41,152
827,54	49,238
827,71	40,463
827,88	38,509
828,05	43,830
828,22	42,543
828,39	43,976
828,56	39,458
828,73	41,130
828,90	47,518
829,07	39,268
829,25	47,380
829,42	43,657
829,59	39,118
829,76	38,279
829,93	41,772
830,10	40,253
830,27	42,383
830,44	45,355
830,61	42,368
830,78	52,420
830,95	43,662
831,12	43,275
831,29	35,774
831,46	41,897
831,63	40,918
831,80	38,010
831,97	39,383
832,14	44,692
832,31	53,699
832,48	34,827
832,65	43,989
832,83	36,144
833,00	42,392
833,17	39,809
833,34	39,351
833,51	44,126
833,68	48,300
833,85	46,265
834,02	31,462
834,19	44,975
834,36	49,850
834,53	40,275
834,70	41,402
834,87	57,153
835,04	43,224
835,21	45,047
835,38	37,978
835,55	39,564
835,72	53,295
835,89	40,623
836,06	39,932
836,23	55,752
836,40	44,241
836,57	38,942
836,74	42,161
836,91	45,645
837,08	45,749
837,25	44,430
837,42	39,008
837,59	40,966
837,76	39,858
837,93	35,944
838,09	35,398
838,26	42,720
838,43	46,715
838,60	44,145
838,77	39,734
838,94	46,778
839,11	41,282
839,28	49,059
839,45	43,553
839,62	47,175
839,79	44,974
839,96	43,067
840,13	41,989
840,30	40,838
840,47	37,771
840,64	41,418
840,81	44,526
840,98	39,828
841,15	53,018
841,32	34,356
841,48	50,893
841,65	51,370
841,82	47,314
841,99	45,153
842,16	37,305
842,33	51,299
842,50	55,038
842,67	44,497
842,84	46,280
843,01	47,927
843,18	39,236
843,35	41,281
843,52	39,366
843,68	49,309
843,85	43,964
844,02	41,836
844,19	44,463
844,36	51,494
844,53	44,990
844,70	47,067
844,87	51,977
845,04	42,997
845,21	35,752
845,37	50,247
845,54	37,582
845,71	40,144
845,88	54,959
846,05	36,729
846,22	37,008
846,39	54,746
846,56	49,815
846,72	37,517
846,89	44,123
847,06	55,247
847,23	51,382
847,40	39,466
847,57	39,393
847,74	45,053
847,90	57,132
848,07	46,465
848,24	48,721
848,41	49,432
848,58	55,008
848,75	44,832
848,92	39,745
849,08	49,506
849,25	44,833
849,42	38,551
849,59	49,146
849,76	49,002
849,93	47,461
850,09	51,978
850,26	32,618
850,43	40,804
850,60	45,520
850,77	42,547
850,94	46,584
851,10	46,499
851,27	49,196
851,44	43,538
851,61	44,580
851,78	46,425
851,95	49,051
852,11	34,362
852,28	39,378
852,45	51,512
852,62	51,245
852,79	49,509
852,95	41,464
853,12	40,925
853,29	47,927
853,46	31,514
853,63	53,942
853,79	46,204
853,96	42,795
854,13	47,754
854,30	39,386
854,46	58,440
854,63	54,251
854,80	46,603
854,97	34,176
855,14	57,332
855,30	54,889
855,47	39,281
855,64	45,209
855,81	50,926
855,97	56,610
856,14	55,108
856,31	32,674
856,48	58,324
856,65	67,468
856,81	35,451
856,98	39,141
857,15	64,004
857,32	52,862
857,48	44,722
857,65	58,233
857,82	57,881
857,99	49,097
858,15	36,150
858,32	41,999
858,49	59,020
858,65	62,586
858,82	55,560
858,99	47,390
859,16	64,785
859,32	56,386
859,49	38,443
859,66	35,687
859,83	40,097
859,99	34,052
860,16	49,677
860,33	41,382
860,49	61,974
860,66	57,734
860,83	60,801
861,00	50,979
861,16	59,249
861,33	50,540
861,50	43,261
861,66	30,873
861,83	62,300
862,00	38,649
862,16	59,806
862,33	32,385
862,50	74,636
862,67	43,114
862,83	41,691
863,00	54,179
863,17	64,179
863,33	53,736
863,50	31,665
863,67	53,143
863,83	70,000
864,00	56,244
864,17	37,510
864,33	37,968
864,50	48,783
864,67	59,906
864,83	56,040
865,00	46,137
865,17	43,799
865,33	55,891
865,50	44,525
865,67	42,708
865,83	59,933
866,00	72,997
866,17	61,187
866,33	44,357
866,50	82,233
866,66	47,284
866,83	29,859
867,00	48,165
867,16	61,810
867,33	70,953
867,50	13,821
867,66	43,187
867,83	56,664
868,00	77,251
868,16	44,415
868,33	38,312
868,49	65,234
868,66	56,135
868,83	48,774
868,99	66,957
869,16	73,669
869,32	83,872
869,49	54,061
869,66	33,305
869,82	79,032
869,99	67,038
870,15	31,143
870,32	65,474
870,49	72,880
870,65	103,706
870,82	64,165
870,98	70,230
871,15	99,906
871,32	68,311
871,48	30,483
871,65	37,303
871,81	44,871
871,98	42,202
872,15	34,762
872,31	53,471
872,48	87,651
872,64	58,947
872,81	36,495
872,97	56,287
873,14	76,524
873,31	45,798
873,47	45,925
873,64	63,602
873,80	112,468
873,97	80,780
874,13	34,717
874,30	66,488
874,46	74,278
874,63	52,416
874,80	38,001
874,96	27,214
875,13	120,016
875,29	74,960
875,46	92,477
875,62	45,494
875,79	82,948
875,95	58,675
876,12	45,489
876,28	10,063
876,45	80,241
876,61	61,776
876,78	45,916
876,94	56,064
877,11	76,434
877,27	84,486
877,44	76,786
877,60	36,369
877,77	117,628
877,94	112,299
878,10	55,779
878,27	83,916
878,43	129,512
878,60	32,193
878,76	51,759
878,93	43,465
879,09	100,842
879,26	82,820
879,42	39,907
879,58	67,293
879,75	69,049
879,91	139,258
880,08	5,630
880,24	59,757
880,41	88,433
880,57	99,057
880,74	39,147
880,90	34,700
881,07	27,531
881,23	93,751
881,40	49,106
881,56	69,450
881,73	110,674
881,89	79,194
882,06	35,661
882,22	158,187
882,38	140,396
882,55	135,057
882,71	45,668
882,88	74,932
883,04	18,730
883,21	199,815
883,37	65,563
883,54	58,878
883,70	173,871
883,86	89,967
884,03	87,848
884,19	29,259
884,36	-12,584
884,52	171,678
884,69	104,426
884,85	77,542
885,01	177,117
885,18	145,366
885,34	83,263
885,51	-24,181
885,67	63,983
>>>>> Data<<<<< Espectral Procesado Extremo
