Fichero De Datos De SpectraSuite
++++++++++++++++++++++++++++++++++++
Fecha: Wed Apr 22 11:23:55 CEST 2009
Usuario: evoflor
Presente Oscuro Del Espectro: Sí
La Referencia de Presente Del Espectro De: Sí
Muestreados de los componentes de Número de espectros: 1
Espectrómetros: USB4F02353
Tiempo de integración (usec): 500000 (USB4F02353)
Promedio de Espectros Hechos un: 5 (USB4F02353)
El Alisar Del Furgón: 0 (USB4F02353)
Párrafo de de Corregir del la del del de Eléctrica del obscuridad: Sí (USB4F02353)
Estrobo/Lámpara Permitido: No (USB4F02353)
Correct for Detector Non-linearity: No (USB4F02353)
Párrafo de de Corregir del la del del de Externa del luz: No (USB4F02353)
Procesado del espectro de Número de pixeles en: 3648
>>>>> Comienza Data<<<<< Espectral Procesado Del EL
177,79	269,838
178,00	269,838
178,22	269,838
178,44	885,824
178,66	-237,692
178,88	206,873
179,09	-361,660
179,31	188,504
179,53	622,570
179,75	226,175
179,96	903,362
180,18	-103,662
180,40	396,783
180,62	540,557
180,83	12,769
181,05	-1036,463
181,27	-25590,000
181,49	-139,761
181,70	46,500
181,92	810,609
182,14	445,753
182,36	28,509
182,58	-534,900
182,79	773,170
183,01	6,635
183,23	226,246
183,45	-84,277
183,66	93,850
183,88	616,412
184,10	-4310,727
184,32	-3,490
184,53	176,142
184,75	-247,030
184,97	14,041
185,18	-109,004
185,40	-547,067
185,62	91,316
185,84	83,384
186,05	155,151
186,27	-142,528
186,49	4791,923
186,71	-65,199
186,92	103,857
187,14	-125,058
187,36	98,049
187,58	74,535
187,79	-25,213
188,01	287,156
188,23	-433,210
188,45	60,145
188,66	399,509
188,88	-2101,636
189,10	-1434,900
189,31	-74,386
189,53	95,967
189,75	459,068
189,97	423,808
190,18	-67,854
190,40	987,000
190,62	-150,605
190,83	-216,128
191,05	210,954
191,27	168,257
191,49	502,203
191,70	-322,067
191,92	-1231,271
192,14	23,632
192,35	614,562
192,57	3996,857
192,79	162,719
193,01	177,367
193,22	133,258
193,44	-12,952
193,66	106,284
193,87	89,486
194,09	1,534
194,31	125,077
194,53	877,552
194,74	74,661
194,96	-25,972
195,18	161,437
195,39	-376,227
195,61	-91,183
195,83	-286,500
196,04	130,885
196,26	-128,593
196,48	15,224
196,70	288,847
196,91	43,189
197,13	219,722
197,35	-32,732
197,56	564,056
197,78	1178,284
198,00	506,224
198,21	548,010
198,43	-944,128
198,65	104,826
198,86	328,381
199,08	172,426
199,30	217,591
199,51	-221,140
199,73	175,164
199,95	526,708
200,16	486,115
200,38	81,789
200,60	157,190
200,81	332,313
201,03	-40,516
201,25	-1443,900
201,46	181,259
201,68	69,925
201,90	2913,409
202,11	-286,603
202,33	165,512
202,55	-197,625
202,76	-6,625
202,98	230,279
203,20	-40,817
203,41	-575,211
203,63	118,996
203,85	-139890,000
204,06	220,162
204,28	-87,687
204,50	226,917
204,71	344,152
204,93	46,320
205,15	120,452
205,36	-188,317
205,58	265,048
205,80	-79,589
206,01	62,216
206,23	154,084
206,45	170,364
206,66	132,282
206,88	-135,277
207,10	168,614
207,31	371,245
207,53	-22,029
207,75	130,730
207,96	607,388
208,18	-135,819
208,39	92,305
208,61	2994,000
208,83	-397,047
209,04	318,822
209,26	-134,516
209,48	303,161
209,69	231,435
209,91	509,088
210,13	58,999
210,34	142,591
210,56	134,294
210,77	-1640,079
210,99	109,424
211,21	10028,824
211,42	-78,088
211,64	-6,206
211,86	236,318
212,07	287,991
212,29	164,972
212,50	116,694
212,72	-102,346
212,94	56,296
213,15	125,867
213,37	80,574
213,58	41,042
213,80	-271,071
214,02	9181,765
214,23	265,128
214,45	461,607
214,67	-1025,488
214,88	-107,013
215,10	-336,602
215,31	44,083
215,53	-121,841
215,75	158,765
215,96	1360,807
216,18	119,577
216,39	143,241
216,61	360,459
216,83	299,062
217,04	1086,404
217,26	129,823
217,47	96,792
217,69	329,800
217,91	77,861
218,12	-11190,000
218,34	89,209
218,55	306,605
218,77	73,378
218,99	133,858
219,20	-113,623
219,42	406,692
219,63	-44,968
219,85	-25,506
220,06	-33,115
220,28	159,840
220,50	91,517
220,71	72,078
220,93	2367,736
221,14	-2145,900
221,36	102,505
221,58	32,018
221,79	146,949
222,01	980,948
222,22	754,539
222,44	-400,112
222,65	148,153
222,87	833,497
223,09	171,195
223,30	160,634
223,52	143,502
223,73	101,886
223,95	-112,268
224,16	121,423
224,38	293,104
224,60	12,900
224,81	178,399
225,03	103,513
225,24	119,165
225,46	123,239
225,67	28,297
225,89	72,369
226,10	356,295
226,32	636,720
226,54	101,137
226,75	-8,842
226,97	122,656
227,18	106,542
227,40	64,486
227,61	-11,923
227,83	63,875
228,04	88,456
228,26	23,563
228,47	50,477
228,69	121,270
228,91	113,893
229,12	33,852
229,34	45,574
229,55	15,679
229,77	24,985
229,98	-14,846
230,20	59,482
230,41	65,182
230,63	82,908
230,84	27,987
231,06	22,674
231,27	24,802
231,49	35,114
231,71	29,988
231,92	19,756
232,14	25,488
232,35	85,057
232,57	59,342
232,78	39,545
233,00	49,635
233,21	42,389
233,43	3,793
233,64	23,057
233,86	28,280
234,07	44,304
234,29	28,413
234,50	5,476
234,72	36,467
234,93	11,796
235,15	52,263
235,36	26,567
235,58	16,722
235,79	34,404
236,01	8,499
236,22	20,201
236,44	50,591
236,65	15,648
236,87	34,148
237,08	7,063
237,30	-10,899
237,51	29,009
237,73	1,972
237,94	5,666
238,16	18,942
238,37	17,291
238,59	3,419
238,80	23,145
239,02	12,391
239,23	23,779
239,45	-4,588
239,66	22,246
239,88	17,684
240,09	31,111
240,31	3,035
240,52	10,100
240,74	16,806
240,95	15,738
241,17	14,350
241,38	8,529
241,60	12,661
241,81	21,931
242,03	0,874
242,24	9,698
242,46	22,934
242,67	3,096
242,89	7,691
243,10	17,885
243,32	15,719
243,53	14,594
243,75	3,045
243,96	8,577
244,18	13,934
244,39	10,157
244,60	3,602
244,82	5,153
245,03	19,308
245,25	7,963
245,46	22,482
245,68	5,282
245,89	21,415
246,11	8,559
246,32	10,367
246,54	10,277
246,75	15,012
246,97	6,692
247,18	20,778
247,39	5,524
247,61	8,722
247,82	12,852
248,04	1,435
248,25	8,368
248,47	11,086
248,68	10,146
248,90	5,968
249,11	7,521
249,33	14,700
249,54	7,279
249,75	8,378
249,97	3,263
250,18	9,580
250,40	11,658
250,61	-0,546
250,83	6,178
251,04	4,117
251,25	7,821
251,47	3,392
251,68	7,144
251,90	6,168
252,11	12,852
252,33	1,996
252,54	5,823
252,76	8,315
252,97	2,306
253,18	2,548
253,40	1,680
253,61	3,014
253,83	12,457
254,04	11,447
254,25	5,900
254,47	3,756
254,68	7,522
254,90	4,458
255,11	5,873
255,33	7,417
255,54	5,699
255,75	7,402
255,97	4,714
256,18	4,202
256,40	3,149
256,61	9,676
256,82	-5,434
257,04	10,638
257,25	5,046
257,47	6,561
257,68	4,266
257,89	8,921
258,11	8,998
258,32	5,370
258,54	6,680
258,75	12,319
258,96	10,718
259,18	8,274
259,39	5,904
259,61	8,703
259,82	4,897
260,03	7,945
260,25	6,857
260,46	5,251
260,68	3,730
260,89	4,578
261,10	4,714
261,32	6,832
261,53	2,320
261,75	6,929
261,96	-0,938
262,17	8,522
262,39	12,498
262,60	2,540
262,81	-0,937
263,03	11,846
263,24	5,296
263,46	-1,048
263,67	-0,175
263,88	6,189
264,10	7,146
264,31	2,465
264,52	6,830
264,74	7,195
264,95	3,810
265,17	2,546
265,38	4,550
265,59	10,523
265,81	5,479
266,02	2,208
266,23	2,318
266,45	11,193
266,66	10,694
266,87	5,596
267,09	2,364
267,30	8,965
267,52	8,982
267,73	3,419
267,94	3,882
268,16	5,688
268,37	4,155
268,58	5,360
268,80	1,089
269,01	3,192
269,22	3,966
269,44	6,198
269,65	3,388
269,86	0,891
270,08	5,805
270,29	1,379
270,50	5,892
270,72	6,422
270,93	4,213
271,14	2,682
271,36	7,390
271,57	7,822
271,78	7,523
272,00	6,221
272,21	4,851
272,42	2,594
272,64	9,130
272,85	1,629
273,06	1,226
273,28	6,918
273,49	8,340
273,70	7,785
273,92	6,096
274,13	10,287
274,34	4,660
274,56	6,978
274,77	4,003
274,98	7,564
275,20	6,219
275,41	12,120
275,62	4,534
275,84	3,770
276,05	9,891
276,26	2,872
276,47	3,198
276,69	9,775
276,90	7,785
277,11	1,302
277,33	5,288
277,54	7,708
277,75	6,027
277,97	4,200
278,18	4,834
278,39	5,356
278,61	5,148
278,82	5,027
279,03	4,261
279,24	7,120
279,46	3,904
279,67	6,543
279,88	6,946
280,10	7,117
280,31	0,111
280,52	5,102
280,73	3,970
280,95	6,080
281,16	7,606
281,37	6,208
281,59	4,733
281,80	9,637
282,01	3,129
282,22	2,662
282,44	1,786
282,65	9,669
282,86	7,317
283,08	6,007
283,29	5,285
283,50	4,475
283,71	5,576
283,93	4,503
284,14	6,886
284,35	4,993
284,56	8,225
284,78	4,050
284,99	8,161
285,20	7,433
285,42	4,723
285,63	2,948
285,84	2,413
286,05	6,007
286,27	3,761
286,48	1,798
286,69	2,351
286,90	3,121
287,12	6,205
287,33	2,050
287,54	1,834
287,75	4,972
287,97	6,686
288,18	5,803
288,39	4,644
288,60	6,311
288,82	4,946
289,03	4,619
289,24	4,532
289,45	5,833
289,67	1,382
289,88	0,864
290,09	5,001
290,30	5,104
290,52	3,587
290,73	2,381
290,94	0,479
291,15	3,001
291,37	7,224
291,58	3,302
291,79	3,161
292,00	6,540
292,21	5,590
292,43	1,633
292,64	2,788
292,85	3,306
293,06	6,095
293,28	2,351
293,49	3,680
293,70	7,383
293,91	3,035
294,12	4,350
294,34	3,747
294,55	4,470
294,76	4,881
294,97	7,167
295,19	1,703
295,40	5,606
295,61	4,616
295,82	2,563
296,03	3,123
296,25	5,371
296,46	3,820
296,67	2,153
296,88	0,872
297,09	7,038
297,31	4,329
297,52	3,798
297,73	3,226
297,94	6,537
298,15	5,404
298,37	4,682
298,58	7,497
298,79	5,339
299,00	0,439
299,21	0,919
299,43	1,907
299,64	6,839
299,85	4,738
300,06	3,737
300,27	1,926
300,49	8,062
300,70	5,292
300,91	4,373
301,12	3,043
301,33	9,242
301,54	4,727
301,76	6,186
301,97	3,182
302,18	5,409
302,39	7,429
302,60	5,420
302,82	2,982
303,03	8,587
303,24	5,657
303,45	5,563
303,66	4,725
303,87	3,353
304,09	5,894
304,30	2,246
304,51	2,892
304,72	3,384
304,93	6,752
305,14	4,467
305,36	4,085
305,57	0,399
305,78	4,846
305,99	4,264
306,20	3,791
306,41	4,819
306,62	4,041
306,84	1,720
307,05	2,311
307,26	5,148
307,47	6,296
307,68	5,137
307,89	6,042
308,11	5,410
308,32	3,314
308,53	4,029
308,74	0,429
308,95	5,199
309,16	6,770
309,37	4,981
309,59	3,458
309,80	3,920
310,01	5,823
310,22	5,899
310,43	2,767
310,64	5,071
310,85	6,312
311,06	4,783
311,28	5,664
311,49	3,714
311,70	6,684
311,91	0,900
312,12	3,564
312,33	4,719
312,54	6,811
312,75	5,804
312,97	1,247
313,18	5,191
313,39	1,228
313,60	2,769
313,81	4,809
314,02	5,960
314,23	4,287
314,44	2,782
314,65	5,111
314,87	5,001
315,08	1,999
315,29	7,438
315,50	2,854
315,71	8,118
315,92	7,214
316,13	2,800
316,34	5,032
316,55	6,805
316,77	0,793
316,98	2,869
317,19	1,025
317,40	5,933
317,61	6,609
317,82	2,503
318,03	0,766
318,24	4,821
318,45	8,048
318,66	4,531
318,87	1,892
319,09	5,130
319,30	4,501
319,51	4,877
319,72	7,118
319,93	5,672
320,14	4,858
320,35	6,215
320,56	0,631
320,77	3,040
320,98	10,416
321,19	4,720
321,40	6,506
321,62	7,476
321,83	3,053
322,04	5,626
322,25	5,032
322,46	9,259
322,67	3,139
322,88	6,263
323,09	3,192
323,30	5,758
323,51	5,728
323,72	5,985
323,93	5,495
324,14	3,399
324,35	2,821
324,56	1,502
324,77	3,632
324,99	4,762
325,20	2,061
325,41	3,926
325,62	5,600
325,83	1,624
326,04	2,174
326,25	8,147
326,46	2,430
326,67	3,526
326,88	5,251
327,09	4,849
327,30	3,289
327,51	6,528
327,72	3,580
327,93	8,604
328,14	2,378
328,35	3,891
328,56	9,066
328,77	4,727
328,98	5,713
329,19	3,373
329,40	6,731
329,61	3,717
329,82	1,018
330,04	3,122
330,25	2,955
330,46	5,366
330,67	3,013
330,88	4,994
331,09	3,771
331,30	5,343
331,51	4,988
331,72	4,194
331,93	6,080
332,14	5,411
332,35	5,861
332,56	5,042
332,77	5,402
332,98	1,955
333,19	2,088
333,40	6,463
333,61	3,590
333,82	7,200
334,03	6,390
334,24	8,336
334,45	2,451
334,66	5,498
334,87	3,564
335,08	1,787
335,29	3,378
335,50	2,662
335,71	2,004
335,92	5,647
336,13	5,955
336,34	2,777
336,55	2,716
336,76	9,802
336,97	2,954
337,18	0,750
337,39	5,654
337,60	7,062
337,81	5,304
338,02	4,557
338,23	4,397
338,44	2,848
338,65	4,436
338,86	7,597
339,07	3,685
339,28	6,821
339,49	4,933
339,70	0,292
339,91	5,894
340,11	8,070
340,32	2,997
340,53	2,691
340,74	0,225
340,95	1,269
341,16	7,209
341,37	3,924
341,58	2,005
341,79	3,747
342,00	4,165
342,21	3,054
342,42	3,114
342,63	4,944
342,84	-0,384
343,05	5,815
343,26	5,695
343,47	3,598
343,68	4,863
343,89	5,412
344,10	5,643
344,31	4,581
344,52	4,943
344,73	2,839
344,94	5,643
345,14	4,589
345,35	6,716
345,56	3,990
345,77	5,091
345,98	6,624
346,19	6,706
346,40	3,593
346,61	4,080
346,82	4,912
347,03	3,391
347,24	5,901
347,45	3,653
347,66	6,744
347,87	2,744
348,08	7,202
348,28	2,750
348,49	4,734
348,70	5,485
348,91	3,160
349,12	2,694
349,33	16,864
349,54	5,839
349,75	3,305
349,96	4,408
350,17	6,016
350,38	4,076
350,59	5,864
350,80	3,409
351,00	7,098
351,21	7,978
351,42	3,819
351,63	0,547
351,84	3,979
352,05	4,468
352,26	2,478
352,47	2,348
352,68	7,418
352,89	7,810
353,09	4,118
353,30	2,029
353,51	4,537
353,72	5,452
353,93	7,056
354,14	2,017
354,35	3,919
354,56	6,199
354,77	4,563
354,98	0,820
355,18	4,215
355,39	8,825
355,60	5,238
355,81	3,738
356,02	6,000
356,23	6,183
356,44	3,521
356,65	4,469
356,85	8,463
357,06	6,773
357,27	4,236
357,48	2,712
357,69	6,585
357,90	4,868
358,11	3,205
358,32	4,011
358,52	7,439
358,73	5,981
358,94	4,053
359,15	5,037
359,36	6,848
359,57	3,290
359,78	6,009
359,98	3,976
360,19	3,658
360,40	4,684
360,61	7,112
360,82	6,195
361,03	6,693
361,24	2,645
361,44	1,526
361,65	5,523
361,86	1,272
362,07	6,654
362,28	3,407
362,49	1,169
362,70	4,101
362,90	7,847
363,11	4,581
363,32	2,355
363,53	5,057
363,74	10,159
363,95	6,012
364,15	4,226
364,36	5,945
364,57	6,440
364,78	6,194
364,99	1,829
365,20	7,658
365,40	5,913
365,61	2,384
365,82	5,888
366,03	3,710
366,24	7,271
366,45	4,974
366,65	3,483
366,86	3,242
367,07	4,890
367,28	2,457
367,49	4,170
367,69	8,283
367,90	5,544
368,11	3,536
368,32	3,507
368,53	5,161
368,73	6,932
368,94	3,313
369,15	2,666
369,36	6,570
369,57	6,123
369,78	2,511
369,98	6,945
370,19	6,928
370,40	3,201
370,61	7,658
370,82	0,925
371,02	6,757
371,23	8,006
371,44	2,318
371,65	5,103
371,85	6,456
372,06	4,420
372,27	5,463
372,48	5,067
372,69	5,237
372,89	3,664
373,10	2,723
373,31	2,344
373,52	5,871
373,73	10,419
373,93	5,878
374,14	3,678
374,35	6,546
374,56	5,337
374,76	2,475
374,97	7,901
375,18	5,168
375,39	5,490
375,60	9,682
375,80	3,403
376,01	2,355
376,22	6,204
376,43	4,600
376,63	6,492
376,84	5,828
377,05	5,521
377,26	3,212
377,46	3,888
377,67	2,323
377,88	5,273
378,09	6,486
378,29	2,941
378,50	5,855
378,71	4,927
378,92	5,415
379,12	3,670
379,33	4,597
379,54	7,112
379,75	3,746
379,95	1,940
380,16	5,249
380,37	5,425
380,58	2,542
380,78	6,709
380,99	5,441
381,20	4,460
381,41	3,639
381,61	7,240
381,82	5,406
382,03	4,591
382,24	8,954
382,44	7,711
382,65	5,894
382,86	5,450
383,06	6,147
383,27	8,810
383,48	6,556
383,69	5,552
383,89	6,271
384,10	4,362
384,31	5,080
384,51	8,447
384,72	7,601
384,93	3,533
385,14	5,665
385,34	7,746
385,55	5,153
385,76	2,752
385,96	10,221
386,17	6,186
386,38	9,844
386,59	12,388
386,79	3,753
387,00	7,230
387,21	7,925
387,41	7,158
387,62	3,163
387,83	11,861
388,03	5,308
388,24	1,147
388,45	4,749
388,66	8,354
388,86	6,223
389,07	2,417
389,28	8,595
389,48	6,439
389,69	7,008
389,90	4,570
390,10	8,544
390,31	9,008
390,52	2,968
390,72	5,235
390,93	8,599
391,14	8,515
391,34	7,445
391,55	9,961
391,76	6,970
391,96	8,753
392,17	7,815
392,38	6,923
392,58	10,388
392,79	7,838
393,00	0,482
393,20	6,250
393,41	8,896
393,62	5,288
393,82	8,710
394,03	4,487
394,24	6,945
394,44	12,252
394,65	6,622
394,86	6,621
395,06	8,798
395,27	6,850
395,48	7,502
395,68	9,751
395,89	10,952
396,10	9,277
396,30	8,437
396,51	5,260
396,72	11,807
396,92	5,953
397,13	10,209
397,34	5,511
397,54	11,182
397,75	7,031
397,95	6,631
398,16	10,418
398,37	9,823
398,57	9,936
398,78	11,030
398,99	11,719
399,19	10,044
399,40	12,444
399,60	8,718
399,81	9,929
400,02	11,572
400,22	12,374
400,43	8,813
400,64	12,798
400,84	10,693
401,05	12,188
401,25	12,913
401,46	11,544
401,67	12,706
401,87	10,669
402,08	9,289
402,29	10,778
402,49	14,093
402,70	14,492
402,90	10,449
403,11	12,688
403,32	13,308
403,52	13,442
403,73	15,539
403,93	13,582
404,14	19,199
404,35	11,636
404,55	11,092
404,76	11,050
404,96	15,760
405,17	15,939
405,38	20,750
405,58	9,897
405,79	14,400
405,99	17,039
406,20	12,981
406,40	13,022
406,61	14,573
406,82	12,362
407,02	16,890
407,23	13,454
407,43	11,931
407,64	13,692
407,85	14,199
408,05	10,588
408,26	21,947
408,46	18,552
408,67	13,169
408,87	12,988
409,08	16,324
409,29	17,104
409,49	19,988
409,70	15,921
409,90	14,784
410,11	17,435
410,31	19,344
410,52	16,200
410,72	15,836
410,93	20,292
411,14	16,999
411,34	15,362
411,55	24,105
411,75	24,017
411,96	17,611
412,16	18,761
412,37	21,334
412,57	21,712
412,78	20,185
412,99	16,791
413,19	21,443
413,40	18,470
413,60	15,091
413,81	16,799
414,01	22,094
414,22	16,799
414,42	22,041
414,63	16,363
414,83	23,928
415,04	21,379
415,24	20,165
415,45	17,608
415,65	18,725
415,86	17,575
416,07	15,503
416,27	21,518
416,48	20,749
416,68	19,236
416,89	17,319
417,09	21,930
417,30	26,553
417,50	22,642
417,71	20,564
417,91	23,350
418,12	18,790
418,32	22,617
418,53	20,791
418,73	18,892
418,94	18,296
419,14	23,481
419,35	14,266
419,55	21,031
419,76	24,369
419,96	18,767
420,17	19,167
420,37	24,724
420,58	24,159
420,78	22,679
420,99	24,822
421,19	24,027
421,40	22,684
421,60	27,247
421,81	20,962
422,01	24,227
422,22	18,439
422,42	20,622
422,63	23,234
422,83	22,227
423,04	24,533
423,24	26,798
423,45	18,350
423,65	24,473
423,86	27,065
424,06	22,483
424,27	22,575
424,47	21,046
424,67	20,808
424,88	20,350
425,08	21,936
425,29	27,270
425,49	21,555
425,70	17,077
425,90	23,935
426,11	23,713
426,31	24,089
426,52	23,845
426,72	21,377
426,93	21,435
427,13	25,578
427,33	21,035
427,54	26,284
427,74	26,803
427,95	27,603
428,15	18,908
428,36	23,175
428,56	19,549
428,77	24,435
428,97	24,213
429,18	21,557
429,38	23,912
429,58	27,784
429,79	24,308
429,99	20,341
430,20	16,141
430,40	26,070
430,61	21,565
430,81	17,265
431,01	25,523
431,22	25,145
431,42	26,530
431,63	21,541
431,83	24,372
432,04	24,009
432,24	26,245
432,44	20,695
432,65	21,903
432,85	22,631
433,06	24,216
433,26	24,381
433,47	19,031
433,67	20,684
433,87	19,251
434,08	18,018
434,28	20,896
434,49	20,878
434,69	21,941
434,89	18,306
435,10	21,418
435,30	22,435
435,51	18,935
435,71	22,498
435,91	21,994
436,12	21,478
436,32	22,312
436,53	23,774
436,73	21,060
436,93	26,071
437,14	25,333
437,34	24,720
437,55	23,408
437,75	22,231
437,95	26,116
438,16	21,206
438,36	21,664
438,57	20,315
438,77	20,931
438,97	25,434
439,18	26,105
439,38	17,940
439,58	22,325
439,79	23,290
439,99	20,776
440,20	27,955
440,40	24,935
440,60	27,680
440,81	24,567
441,01	25,694
441,21	25,989
441,42	22,263
441,62	23,333
441,83	22,611
442,03	24,836
442,23	23,953
442,44	20,832
442,64	21,603
442,84	19,110
443,05	21,723
443,25	21,065
443,45	26,162
443,66	22,789
443,86	18,923
444,06	22,759
444,27	22,605
444,47	21,955
444,67	23,307
444,88	24,488
445,08	24,258
445,28	25,577
445,49	18,970
445,69	22,250
445,90	25,999
446,10	25,026
446,30	25,165
446,51	26,377
446,71	25,387
446,91	24,152
447,12	26,988
447,32	19,158
447,52	25,543
447,72	23,294
447,93	27,146
448,13	18,765
448,33	28,669
448,54	22,115
448,74	20,350
448,94	24,614
449,15	28,062
449,35	26,101
449,55	23,243
449,76	28,317
449,96	27,659
450,16	24,588
450,37	17,998
450,57	23,695
450,77	19,565
450,98	24,806
451,18	21,709
451,38	25,694
451,58	29,121
451,79	23,914
451,99	28,075
452,19	22,748
452,40	22,740
452,60	23,362
452,80	22,565
453,00	24,288
453,21	25,061
453,41	26,585
453,61	25,188
453,82	25,654
454,02	20,665
454,22	23,015
454,42	25,505
454,63	24,485
454,83	22,953
455,03	29,918
455,24	24,357
455,44	24,462
455,64	21,552
455,84	21,673
456,05	25,468
456,25	21,611
456,45	25,769
456,65	23,304
456,86	25,704
457,06	29,930
457,26	28,398
457,47	27,215
457,67	22,214
457,87	21,717
458,07	23,600
458,28	26,508
458,48	28,370
458,68	21,470
458,88	24,510
459,09	24,753
459,29	27,063
459,49	24,327
459,69	26,984
459,90	20,828
460,10	25,363
460,30	23,297
460,50	20,589
460,71	26,809
460,91	21,748
461,11	21,922
461,31	20,222
461,52	24,855
461,72	21,269
461,92	22,310
462,12	27,287
462,32	17,939
462,53	24,942
462,73	19,075
462,93	25,568
463,13	21,360
463,34	22,940
463,54	23,471
463,74	25,219
463,94	20,044
464,14	18,385
464,35	20,009
464,55	26,925
464,75	30,027
464,95	24,018
465,16	18,638
465,36	23,276
465,56	24,358
465,76	17,387
465,96	22,088
466,17	22,143
466,37	21,544
466,57	27,855
466,77	25,490
466,97	23,990
467,18	25,624
467,38	21,824
467,58	27,107
467,78	25,642
467,98	24,807
468,19	23,751
468,39	24,061
468,59	26,401
468,79	24,884
468,99	20,516
469,19	22,530
469,40	26,813
469,60	14,103
469,80	20,481
470,00	25,644
470,20	23,865
470,41	20,653
470,61	23,848
470,81	23,468
471,01	22,927
471,21	23,902
471,41	20,464
471,62	22,419
471,82	22,065
472,02	19,231
472,22	23,675
472,42	24,158
472,62	23,388
472,83	19,091
473,03	21,872
473,23	23,279
473,43	29,441
473,63	20,493
473,83	21,557
474,03	21,720
474,24	26,494
474,44	22,733
474,64	20,650
474,84	19,728
475,04	24,364
475,24	27,072
475,45	18,612
475,65	22,512
475,85	26,509
476,05	18,108
476,25	22,610
476,45	19,873
476,65	26,545
476,85	23,659
477,06	23,423
477,26	18,877
477,46	22,572
477,66	22,469
477,86	22,894
478,06	20,840
478,26	23,765
478,46	18,646
478,67	20,682
478,87	20,888
479,07	20,972
479,27	23,312
479,47	21,868
479,67	18,583
479,87	22,467
480,07	26,700
480,28	19,449
480,48	20,967
480,68	22,593
480,88	24,623
481,08	22,565
481,28	21,341
481,48	21,742
481,68	22,159
481,88	19,824
482,08	20,359
482,29	24,399
482,49	20,124
482,69	22,315
482,89	19,461
483,09	22,239
483,29	19,812
483,49	20,308
483,69	22,210
483,89	20,413
484,09	17,996
484,29	18,471
484,50	20,197
484,70	19,701
484,90	20,778
485,10	20,304
485,30	21,639
485,50	22,397
485,70	20,627
485,90	16,993
486,10	17,442
486,30	18,218
486,50	20,893
486,70	16,981
486,90	19,459
487,10	22,809
487,30	18,857
487,51	18,062
487,71	18,493
487,91	16,908
488,11	21,104
488,31	15,540
488,51	21,548
488,71	17,814
488,91	20,238
489,11	17,174
489,31	16,627
489,51	18,586
489,71	18,862
489,91	18,661
490,11	16,241
490,31	19,587
490,51	19,431
490,71	18,457
490,91	19,869
491,11	21,706
491,31	21,177
491,51	16,780
491,72	19,720
491,92	21,084
492,12	20,233
492,32	17,610
492,52	19,273
492,72	18,269
492,92	20,245
493,12	21,538
493,32	16,606
493,52	16,585
493,72	17,234
493,92	21,081
494,12	19,331
494,32	21,062
494,52	18,647
494,72	18,036
494,92	17,148
495,12	22,159
495,32	22,595
495,52	16,162
495,72	18,531
495,92	21,125
496,12	19,410
496,32	19,021
496,52	16,358
496,72	19,080
496,92	19,597
497,12	18,934
497,32	20,141
497,52	19,120
497,72	21,903
497,92	19,916
498,12	17,935
498,32	15,748
498,52	17,295
498,72	17,982
498,92	15,395
499,12	20,583
499,32	15,512
499,52	18,057
499,72	17,832
499,92	20,169
500,12	17,952
500,32	20,609
500,52	18,746
500,72	22,100
500,91	20,820
501,11	20,302
501,31	14,859
501,51	20,762
501,71	20,134
501,91	18,815
502,11	18,064
502,31	17,970
502,51	19,382
502,71	18,305
502,91	18,491
503,11	18,545
503,31	18,875
503,51	17,465
503,71	14,634
503,91	19,997
504,11	16,658
504,31	17,623
504,51	17,577
504,71	23,007
504,91	16,301
505,10	19,709
505,30	18,364
505,50	18,772
505,70	14,831
505,90	17,419
506,10	14,574
506,30	18,363
506,50	19,735
506,70	20,661
506,90	17,182
507,10	17,971
507,30	18,059
507,50	18,958
507,70	17,284
507,89	18,060
508,09	16,449
508,29	16,591
508,49	13,225
508,69	17,004
508,89	16,271
509,09	15,642
509,29	13,140
509,49	17,995
509,69	21,956
509,89	16,821
510,09	15,483
510,28	17,169
510,48	16,114
510,68	13,821
510,88	15,785
511,08	15,089
511,28	18,025
511,48	16,052
511,68	15,019
511,88	11,458
512,07	17,338
512,27	17,038
512,47	14,140
512,67	14,349
512,87	15,914
513,07	16,830
513,27	12,741
513,47	16,478
513,67	12,600
513,86	16,110
514,06	17,060
514,26	16,855
514,46	16,813
514,66	15,590
514,86	16,702
515,06	18,696
515,26	17,860
515,45	14,751
515,65	11,083
515,85	16,957
516,05	11,481
516,25	13,932
516,45	14,522
516,65	15,499
516,84	14,448
517,04	19,845
517,24	14,335
517,44	14,953
517,64	16,335
517,84	17,312
518,04	17,924
518,23	16,178
518,43	17,589
518,63	13,472
518,83	13,949
519,03	15,345
519,23	14,672
519,42	14,034
519,62	14,329
519,82	15,580
520,02	13,501
520,22	15,240
520,42	11,572
520,61	15,373
520,81	15,647
521,01	15,308
521,21	13,253
521,41	15,911
521,61	17,433
521,80	12,341
522,00	13,787
522,20	17,381
522,40	14,025
522,60	13,015
522,79	10,307
522,99	17,576
523,19	12,704
523,39	12,830
523,59	12,723
523,78	17,915
523,98	13,445
524,18	12,936
524,38	11,818
524,58	13,573
524,77	15,539
524,97	15,746
525,17	13,641
525,37	14,815
525,57	16,916
525,76	11,562
525,96	16,239
526,16	12,238
526,36	12,307
526,56	12,250
526,75	12,373
526,95	14,518
527,15	15,399
527,35	14,506
527,55	13,298
527,74	14,116
527,94	11,861
528,14	11,980
528,34	14,122
528,53	9,740
528,73	13,902
528,93	12,040
529,13	12,190
529,32	11,332
529,52	15,045
529,72	10,357
529,92	11,773
530,12	11,901
530,31	9,607
530,51	13,857
530,71	11,879
530,91	14,705
531,10	9,278
531,30	12,207
531,50	11,008
531,70	11,919
531,89	11,297
532,09	14,239
532,29	10,879
532,49	11,460
532,68	12,599
532,88	11,212
533,08	11,426
533,28	9,982
533,47	12,484
533,67	13,376
533,87	11,206
534,06	15,280
534,26	12,220
534,46	10,426
534,66	11,714
534,85	14,033
535,05	7,618
535,25	9,448
535,45	9,887
535,64	11,934
535,84	11,024
536,04	9,200
536,23	9,004
536,43	12,959
536,63	9,622
536,83	11,571
537,02	11,594
537,22	8,855
537,42	10,106
537,61	11,923
537,81	13,522
538,01	10,705
538,20	12,416
538,40	9,905
538,60	11,069
538,80	10,117
538,99	13,105
539,19	9,753
539,39	8,562
539,58	11,814
539,78	10,801
539,98	10,817
540,17	6,835
540,37	10,734
540,57	10,599
540,76	8,898
540,96	7,163
541,16	10,541
541,36	8,472
541,55	3,662
541,75	6,171
541,95	8,348
542,14	7,317
542,34	7,078
542,54	6,498
542,73	10,339
542,93	8,695
543,13	6,377
543,32	8,225
543,52	8,740
543,72	6,572
543,91	8,735
544,11	6,855
544,31	7,022
544,50	7,639
544,70	7,788
544,89	7,630
545,09	10,368
545,29	6,905
545,48	7,821
545,68	6,457
545,88	8,041
546,07	7,820
546,27	6,771
546,47	6,740
546,66	9,039
546,86	9,299
547,06	7,520
547,25	7,080
547,45	6,715
547,64	8,090
547,84	12,657
548,04	9,409
548,23	12,391
548,43	10,470
548,63	9,741
548,82	8,232
549,02	7,590
549,21	7,615
549,41	10,170
549,61	9,820
549,80	7,867
550,00	8,250
550,20	8,801
550,39	9,245
550,59	10,846
550,78	9,981
550,98	6,321
551,18	10,965
551,37	9,318
551,57	8,826
551,76	10,091
551,96	8,633
552,16	8,931
552,35	10,128
552,55	9,947
552,74	11,044
552,94	10,833
553,14	11,191
553,33	8,853
553,53	9,807
553,72	10,928
553,92	11,360
554,12	10,862
554,31	10,275
554,51	10,967
554,70	8,667
554,90	9,611
555,09	10,744
555,29	9,472
555,49	10,625
555,68	10,298
555,88	9,781
556,07	8,888
556,27	12,849
556,46	9,322
556,66	9,036
556,86	13,421
557,05	10,099
557,25	9,167
557,44	9,713
557,64	9,467
557,83	10,083
558,03	9,622
558,22	8,095
558,42	8,265
558,62	11,045
558,81	9,773
559,01	8,534
559,20	10,804
559,40	8,474
559,59	10,194
559,79	9,461
559,98	10,914
560,18	9,750
560,37	8,947
560,57	12,053
560,76	9,211
560,96	9,312
561,16	11,322
561,35	10,958
561,55	12,460
561,74	10,022
561,94	10,248
562,13	9,580
562,33	13,814
562,52	10,310
562,72	9,405
562,91	8,957
563,11	9,218
563,30	13,881
563,50	7,132
563,69	7,806
563,89	7,083
564,08	11,139
564,28	9,178
564,47	9,291
564,67	7,995
564,86	9,949
565,06	8,863
565,25	10,676
565,45	9,736
565,64	14,037
565,84	10,264
566,03	7,368
566,23	9,287
566,42	10,743
566,62	9,290
566,81	8,393
567,01	11,632
567,20	11,071
567,40	8,226
567,59	8,381
567,79	10,891
567,98	11,161
568,18	10,069
568,37	10,727
568,57	11,155
568,76	11,278
568,96	10,217
569,15	9,671
569,35	10,934
569,54	13,363
569,73	9,771
569,93	8,161
570,12	9,720
570,32	10,471
570,51	9,616
570,71	10,196
570,90	12,302
571,10	10,103
571,29	9,115
571,49	9,466
571,68	10,173
571,87	9,863
572,07	10,056
572,26	7,991
572,46	8,856
572,65	9,595
572,85	9,054
573,04	10,292
573,24	9,772
573,43	11,798
573,62	11,441
573,82	10,380
574,01	11,237
574,21	9,947
574,40	9,425
574,60	8,977
574,79	12,508
574,98	9,811
575,18	10,421
575,37	8,755
575,57	12,012
575,76	10,266
575,96	11,760
576,15	10,304
576,34	9,486
576,54	10,173
576,73	11,372
576,93	11,108
577,12	11,292
577,31	10,642
577,51	9,285
577,70	10,537
577,90	10,914
578,09	9,636
578,28	10,351
578,48	10,332
578,67	13,304
578,87	12,091
579,06	10,846
579,25	12,381
579,45	12,253
579,64	9,644
579,84	9,632
580,03	9,923
580,22	13,311
580,42	10,970
580,61	11,628
580,81	13,639
581,00	12,202
581,19	11,983
581,39	10,865
581,58	10,445
581,77	10,294
581,97	13,161
582,16	10,508
582,35	10,752
582,55	11,739
582,74	13,325
582,94	13,548
583,13	9,418
583,32	12,463
583,52	12,798
583,71	11,451
583,90	11,457
584,10	12,292
584,29	13,736
584,48	11,709
584,68	12,490
584,87	13,171
585,06	13,640
585,26	11,797
585,45	13,205
585,65	14,154
585,84	13,629
586,03	13,374
586,23	11,244
586,42	12,352
586,61	13,782
586,81	12,883
587,00	13,055
587,19	12,756
587,39	14,346
587,58	15,121
587,77	13,871
587,97	13,520
588,16	11,405
588,35	13,541
588,54	13,704
588,74	11,113
588,93	14,724
589,12	14,330
589,32	14,260
589,51	15,414
589,70	11,599
589,90	13,482
590,09	13,626
590,28	16,739
590,48	13,527
590,67	15,120
590,86	14,673
591,06	13,045
591,25	15,790
591,44	16,221
591,63	15,010
591,83	15,313
592,02	15,566
592,21	15,280
592,41	14,470
592,60	16,786
592,79	16,030
592,98	15,218
593,18	15,902
593,37	16,191
593,56	15,793
593,76	15,834
593,95	13,975
594,14	15,933
594,33	17,848
594,53	16,633
594,72	14,823
594,91	18,034
595,10	14,086
595,30	17,068
595,49	16,678
595,68	16,637
595,88	17,509
596,07	16,395
596,26	17,680
596,45	16,588
596,65	15,415
596,84	16,070
597,03	18,692
597,22	17,474
597,42	19,685
597,61	18,606
597,80	17,467
597,99	16,300
598,19	17,496
598,38	18,512
598,57	18,304
598,76	19,894
598,95	19,345
599,15	18,796
599,34	18,876
599,53	18,010
599,72	19,353
599,92	19,582
600,11	19,905
600,30	19,147
600,49	21,181
600,69	18,721
600,88	19,762
601,07	19,439
601,26	19,464
601,45	19,820
601,65	19,773
601,84	20,110
602,03	18,437
602,22	20,849
602,42	20,665
602,61	19,901
602,80	19,896
602,99	20,547
603,18	19,177
603,38	22,403
603,57	20,439
603,76	19,797
603,95	18,145
604,14	21,119
604,34	20,210
604,53	20,597
604,72	22,172
604,91	19,942
605,10	21,667
605,29	21,844
605,49	19,401
605,68	21,697
605,87	22,911
606,06	21,575
606,25	20,891
606,45	21,719
606,64	22,730
606,83	22,688
607,02	22,320
607,21	22,368
607,40	21,730
607,60	21,145
607,79	20,315
607,98	19,109
608,17	19,950
608,36	19,362
608,55	22,413
608,75	22,434
608,94	20,601
609,13	18,727
609,32	18,246
609,51	18,437
609,70	19,070
609,89	19,148
610,09	17,665
610,28	20,032
610,47	18,032
610,66	16,986
610,85	19,129
611,04	20,281
611,23	18,337
611,43	18,029
611,62	16,881
611,81	18,811
612,00	18,708
612,19	18,781
612,38	19,696
612,57	19,229
612,77	19,008
612,96	21,060
613,15	18,731
613,34	21,557
613,53	22,234
613,72	22,697
613,91	21,326
614,10	21,265
614,29	23,053
614,49	23,234
614,68	21,867
614,87	23,498
615,06	23,919
615,25	22,749
615,44	25,528
615,63	23,924
615,82	23,499
616,01	23,619
616,21	22,100
616,40	23,478
616,59	26,527
616,78	24,326
616,97	24,235
617,16	25,146
617,35	25,421
617,54	25,395
617,73	26,684
617,92	24,004
618,11	26,155
618,31	22,641
618,50	24,721
618,69	24,760
618,88	24,620
619,07	23,609
619,26	24,824
619,45	24,352
619,64	24,434
619,83	23,598
620,02	24,731
620,21	24,913
620,40	26,883
620,59	24,249
620,78	24,758
620,97	25,937
621,17	27,746
621,36	25,345
621,55	25,690
621,74	26,529
621,93	26,064
622,12	24,741
622,31	24,064
622,50	25,707
622,69	27,832
622,88	27,154
623,07	28,165
623,26	27,045
623,45	27,948
623,64	24,818
623,83	26,079
624,02	29,298
624,21	27,147
624,40	25,069
624,59	25,952
624,78	27,743
624,97	27,959
625,16	25,447
625,35	24,091
625,54	25,327
625,73	27,099
625,92	27,404
626,12	27,968
626,31	29,080
626,50	29,157
626,69	28,144
626,88	26,042
627,07	27,897
627,26	28,524
627,45	27,268
627,64	25,962
627,83	27,558
628,02	27,302
628,21	27,364
628,40	27,780
628,59	29,962
628,78	28,095
628,97	27,880
629,16	26,084
629,35	26,441
629,54	29,654
629,73	28,394
629,92	26,347
630,10	28,944
630,29	27,697
630,48	28,330
630,67	28,509
630,86	28,129
631,05	28,555
631,24	28,315
631,43	26,134
631,62	28,658
631,81	27,189
632,00	29,810
632,19	26,378
632,38	28,755
632,57	30,103
632,76	27,644
632,95	29,923
633,14	30,593
633,33	28,760
633,52	29,653
633,71	30,170
633,90	26,874
634,09	29,594
634,28	30,513
634,47	27,524
634,66	30,226
634,85	29,509
635,04	30,296
635,22	28,856
635,41	29,304
635,60	31,153
635,79	30,567
635,98	28,029
636,17	29,153
636,36	28,829
636,55	29,333
636,74	27,175
636,93	29,553
637,12	31,466
637,31	28,177
637,50	29,123
637,69	29,682
637,87	30,822
638,06	29,943
638,25	31,401
638,44	31,063
638,63	26,931
638,82	31,036
639,01	30,179
639,20	30,360
639,39	32,023
639,58	27,900
639,77	32,124
639,95	29,213
640,14	32,093
640,33	30,584
640,52	30,699
640,71	31,975
640,90	30,287
641,09	32,882
641,28	29,003
641,47	31,882
641,66	31,554
641,84	32,138
642,03	29,132
642,22	31,099
642,41	32,546
642,60	29,332
642,79	31,217
642,98	30,785
643,17	30,784
643,35	28,763
643,54	29,430
643,73	31,057
643,92	31,786
644,11	30,168
644,30	30,075
644,49	33,404
644,67	29,453
644,86	30,344
645,05	32,326
645,24	30,403
645,43	30,237
645,62	30,092
645,81	33,172
645,99	33,495
646,18	31,503
646,37	30,527
646,56	31,492
646,75	33,231
646,94	34,216
647,13	30,444
647,31	30,354
647,50	31,802
647,69	33,020
647,88	32,038
648,07	31,683
648,26	35,808
648,44	31,936
648,63	31,022
648,82	32,057
649,01	33,512
649,20	29,550
649,38	31,537
649,57	31,798
649,76	30,078
649,95	31,637
650,14	29,397
650,33	31,058
650,51	30,790
650,70	33,340
650,89	30,901
651,08	31,289
651,27	31,510
651,45	30,282
651,64	30,446
651,83	31,771
652,02	30,594
652,21	31,589
652,39	33,027
652,58	32,588
652,77	32,018
652,96	32,825
653,15	32,863
653,33	32,619
653,52	33,668
653,71	33,681
653,90	32,195
654,09	32,325
654,27	32,583
654,46	33,787
654,65	32,362
654,84	33,209
655,02	34,285
655,21	34,489
655,40	34,106
655,59	33,266
655,77	34,979
655,96	31,617
656,15	34,118
656,34	35,575
656,53	33,831
656,71	33,513
656,90	33,358
657,09	35,944
657,28	32,843
657,46	33,101
657,65	32,825
657,84	32,050
658,03	34,147
658,21	32,341
658,40	32,849
658,59	31,444
658,78	34,403
658,96	31,721
659,15	32,038
659,34	31,755
659,52	32,326
659,71	33,495
659,90	32,144
660,09	32,254
660,27	31,542
660,46	32,760
660,65	31,470
660,84	30,602
661,02	32,315
661,21	33,072
661,40	31,929
661,58	32,566
661,77	32,702
661,96	28,838
662,15	32,165
662,33	32,547
662,52	30,608
662,71	33,511
662,89	30,103
663,08	31,649
663,27	31,076
663,45	31,211
663,64	32,460
663,83	29,899
664,02	31,408
664,20	32,512
664,39	30,604
664,58	31,924
664,76	30,790
664,95	31,839
665,14	31,146
665,32	29,607
665,51	32,663
665,70	30,070
665,88	32,823
666,07	32,211
666,26	31,916
666,44	31,355
666,63	30,653
666,82	31,960
667,00	34,118
667,19	31,323
667,38	32,195
667,56	32,022
667,75	32,960
667,94	33,956
668,12	30,369
668,31	32,052
668,50	31,317
668,68	32,195
668,87	30,848
669,06	32,893
669,24	32,384
669,43	31,225
669,62	30,730
669,80	30,101
669,99	31,517
670,18	31,543
670,36	31,533
670,55	31,119
670,74	30,856
670,92	30,239
671,11	31,513
671,29	30,376
671,48	30,039
671,67	31,290
671,85	33,168
672,04	30,155
672,23	30,168
672,41	31,867
672,60	32,321
672,78	31,072
672,97	32,514
673,16	31,488
673,34	30,993
673,53	29,281
673,71	31,051
673,90	31,056
674,09	31,061
674,27	30,578
674,46	31,090
674,64	32,655
674,83	31,399
675,02	29,305
675,20	32,068
675,39	29,777
675,57	32,888
675,76	31,090
675,95	32,725
676,13	31,527
676,32	32,345
676,50	30,580
676,69	29,344
676,88	31,314
677,06	30,326
677,25	30,808
677,43	32,935
677,62	31,520
677,80	31,317
677,99	31,370
678,18	32,445
678,36	32,854
678,55	31,472
678,73	30,850
678,92	31,949
679,10	31,737
679,29	30,526
679,48	29,154
679,66	30,948
679,85	30,668
680,03	30,323
680,22	31,220
680,40	31,160
680,59	31,619
680,77	30,638
680,96	30,753
681,15	30,404
681,33	31,356
681,52	31,437
681,70	32,352
681,89	32,495
682,07	31,714
682,26	30,799
682,44	31,745
682,63	32,330
682,81	31,814
683,00	33,318
683,18	30,407
683,37	32,278
683,55	31,442
683,74	32,109
683,92	37,064
684,11	32,835
684,29	32,534
684,48	29,162
684,67	30,548
684,85	33,376
685,04	31,867
685,22	32,474
685,41	31,511
685,59	31,266
685,78	32,037
685,96	31,626
686,15	31,741
686,33	29,544
686,52	30,432
686,70	30,411
686,89	33,503
687,07	32,729
687,26	32,773
687,44	34,513
687,62	30,985
687,81	32,706
687,99	31,911
688,18	31,086
688,36	31,587
688,55	32,901
688,73	30,952
688,92	30,561
689,10	32,543
689,29	33,445
689,47	32,180
689,66	32,605
689,84	32,980
690,03	31,722
690,21	31,463
690,40	30,961
690,58	30,546
690,76	31,206
690,95	34,130
691,13	31,889
691,32	32,682
691,50	32,526
691,69	33,975
691,87	32,794
692,06	31,321
692,24	31,869
692,43	32,770
692,61	31,414
692,79	31,417
692,98	31,725
693,16	35,562
693,35	30,685
693,53	31,731
693,72	32,413
693,90	34,607
694,08	32,976
694,27	32,483
694,45	35,621
694,64	33,528
694,82	32,610
695,01	32,021
695,19	32,534
695,37	31,721
695,56	31,394
695,74	32,239
695,93	34,297
696,11	31,274
696,29	33,792
696,48	31,826
696,66	33,805
696,85	33,308
697,03	29,937
697,21	32,277
697,40	32,387
697,58	34,585
697,77	33,733
697,95	33,210
698,13	33,813
698,32	33,065
698,50	33,919
698,69	32,138
698,87	33,625
699,05	33,416
699,24	31,889
699,42	32,740
699,60	30,616
699,79	32,986
699,97	32,141
700,16	31,128
700,34	34,295
700,52	31,509
700,71	32,283
700,89	31,330
701,07	32,628
701,26	33,076
701,44	33,773
701,63	31,231
701,81	32,858
701,99	33,988
702,18	32,341
702,36	30,788
702,54	30,485
702,73	31,632
702,91	32,285
703,09	33,002
703,28	32,008
703,46	33,702
703,64	33,749
703,83	32,534
704,01	33,271
704,19	32,046
704,38	31,492
704,56	31,515
704,74	34,301
704,93	33,967
705,11	33,126
705,29	33,822
705,48	35,538
705,66	33,435
705,84	33,412
706,03	30,068
706,21	33,558
706,39	32,065
706,58	32,106
706,76	31,287
706,94	33,057
707,12	33,295
707,31	31,367
707,49	30,053
707,67	31,767
707,86	33,340
708,04	31,820
708,22	33,048
708,41	31,819
708,59	32,614
708,77	30,527
708,95	33,053
709,14	33,890
709,32	32,644
709,50	30,954
709,69	31,235
709,87	31,670
710,05	32,076
710,23	31,908
710,42	31,845
710,60	31,018
710,78	34,796
710,97	32,628
711,15	31,430
711,33	34,273
711,51	30,903
711,70	30,044
711,88	31,514
712,06	34,384
712,24	31,145
712,43	32,644
712,61	30,456
712,79	33,828
712,97	29,341
713,16	31,942
713,34	32,434
713,52	32,653
713,70	33,037
713,89	32,658
714,07	31,539
714,25	33,414
714,43	34,669
714,62	32,500
714,80	33,480
714,98	31,696
715,16	33,399
715,35	29,188
715,53	31,595
715,71	34,725
715,89	35,230
716,07	32,352
716,26	36,610
716,44	33,017
716,62	33,104
716,80	33,695
716,99	33,480
717,17	33,466
717,35	33,917
717,53	30,475
717,71	32,097
717,90	33,270
718,08	32,728
718,26	31,255
718,44	32,776
718,62	33,622
718,81	34,306
718,99	31,487
719,17	32,261
719,35	32,283
719,53	30,973
719,72	32,695
719,90	32,004
720,08	33,414
720,26	33,884
720,44	30,984
720,62	33,183
720,81	34,419
720,99	36,158
721,17	31,718
721,35	34,789
721,53	33,967
721,72	34,849
721,90	34,331
722,08	31,598
722,26	33,756
722,44	33,304
722,62	30,642
722,81	30,745
722,99	31,805
723,17	34,651
723,35	33,972
723,53	30,650
723,71	33,838
723,89	35,285
724,08	32,265
724,26	31,736
724,44	32,372
724,62	32,889
724,80	32,441
724,98	31,928
725,16	34,666
725,35	31,438
725,53	31,588
725,71	33,116
725,89	33,799
726,07	35,425
726,25	35,211
726,43	33,325
726,61	34,426
726,80	36,691
726,98	33,002
727,16	32,887
727,34	33,146
727,52	33,861
727,70	34,004
727,88	32,742
728,06	31,190
728,25	31,686
728,43	33,041
728,61	32,242
728,79	31,372
728,97	32,853
729,15	32,500
729,33	34,104
729,51	31,814
729,69	33,759
729,87	32,681
730,06	32,905
730,24	33,471
730,42	35,729
730,60	32,716
730,78	31,735
730,96	31,388
731,14	34,824
731,32	33,484
731,50	33,038
731,68	33,794
731,86	34,855
732,04	32,806
732,22	33,078
732,41	35,345
732,59	32,877
732,77	34,646
732,95	35,864
733,13	34,513
733,31	33,170
733,49	32,684
733,67	31,981
733,85	32,581
734,03	32,525
734,21	33,023
734,39	34,635
734,57	33,663
734,75	32,779
734,93	32,895
735,11	33,799
735,29	30,511
735,47	34,421
735,65	32,060
735,84	32,392
736,02	33,269
736,20	36,449
736,38	33,113
736,56	32,330
736,74	33,827
736,92	32,764
737,10	33,091
737,28	34,380
737,46	32,600
737,64	31,147
737,82	31,854
738,00	34,158
738,18	33,070
738,36	33,527
738,54	32,074
738,72	33,302
738,90	34,201
739,08	33,153
739,26	30,363
739,44	32,328
739,62	32,790
739,80	31,142
739,98	34,703
740,16	32,475
740,34	33,764
740,52	35,276
740,70	32,510
740,88	31,198
741,06	32,815
741,24	32,650
741,42	32,580
741,60	30,775
741,78	33,680
741,96	30,891
742,14	32,449
742,32	30,219
742,50	33,233
742,68	33,728
742,86	32,949
743,04	30,665
743,21	34,191
743,39	35,240
743,57	32,567
743,75	31,118
743,93	31,063
744,11	30,401
744,29	33,516
744,47	32,845
744,65	32,866
744,83	33,275
745,01	30,967
745,19	34,227
745,37	36,775
745,55	34,356
745,73	33,284
745,91	31,985
746,09	33,152
746,27	32,214
746,45	30,228
746,62	32,492
746,80	31,816
746,98	33,757
747,16	32,878
747,34	32,342
747,52	31,858
747,70	33,914
747,88	32,231
748,06	31,374
748,24	33,998
748,42	34,242
748,60	32,322
748,78	31,574
748,95	35,133
749,13	35,411
749,31	31,779
749,49	33,373
749,67	34,037
749,85	35,624
750,03	32,930
750,21	32,325
750,39	32,607
750,57	34,546
750,74	32,805
750,92	33,411
751,10	33,415
751,28	32,398
751,46	32,787
751,64	32,087
751,82	34,169
752,00	32,081
752,17	33,167
752,35	31,950
752,53	33,011
752,71	33,682
752,89	33,046
753,07	32,040
753,25	33,908
753,43	33,319
753,60	32,927
753,78	31,649
753,96	34,783
754,14	33,367
754,32	30,711
754,50	33,168
754,68	33,937
754,85	33,446
755,03	33,241
755,21	33,980
755,39	37,320
755,57	33,293
755,75	33,930
755,92	31,446
756,10	32,894
756,28	32,476
756,46	33,019
756,64	32,500
756,82	34,300
756,99	33,436
757,17	32,252
757,35	32,371
757,53	36,173
757,71	32,232
757,89	33,116
758,06	34,087
758,24	34,927
758,42	32,401
758,60	32,213
758,78	34,469
758,95	33,080
759,13	33,890
759,31	31,443
759,49	32,314
759,67	33,973
759,84	34,460
760,02	33,374
760,20	33,003
760,38	33,643
760,56	30,872
760,73	34,667
760,91	33,836
761,09	35,913
761,27	32,312
761,45	31,907
761,62	32,362
761,80	34,436
761,98	33,837
762,16	36,037
762,33	32,660
762,51	35,415
762,69	32,617
762,87	32,746
763,05	33,820
763,22	34,119
763,40	33,545
763,58	31,124
763,76	31,221
763,93	34,668
764,11	33,844
764,29	31,081
764,47	31,564
764,64	33,382
764,82	36,097
765,00	32,321
765,18	31,670
765,35	32,282
765,53	32,601
765,71	34,057
765,89	32,577
766,06	33,471
766,24	31,727
766,42	35,190
766,60	33,922
766,77	32,920
766,95	33,057
767,13	33,117
767,30	30,926
767,48	32,273
767,66	30,713
767,84	31,877
768,01	33,506
768,19	32,164
768,37	32,603
768,54	32,630
768,72	33,479
768,90	33,268
769,08	33,192
769,25	35,235
769,43	31,625
769,61	31,255
769,78	34,634
769,96	32,368
770,14	33,263
770,31	34,922
770,49	34,405
770,67	35,035
770,85	31,783
771,02	33,152
771,20	33,522
771,38	33,102
771,55	32,299
771,73	33,271
771,91	33,455
772,08	34,511
772,26	32,860
772,44	33,336
772,61	31,374
772,79	33,003
772,97	33,456
773,14	31,373
773,32	33,297
773,50	31,997
773,67	33,618
773,85	33,656
774,03	36,240
774,20	33,730
774,38	33,040
774,56	32,010
774,73	32,929
774,91	32,901
775,09	34,377
775,26	33,044
775,44	34,299
775,61	35,022
775,79	32,847
775,97	36,051
776,14	33,086
776,32	31,845
776,50	33,363
776,67	33,571
776,85	30,854
777,03	31,764
777,20	33,458
777,38	35,825
777,55	34,894
777,73	31,298
777,91	31,642
778,08	32,869
778,26	33,060
778,43	34,173
778,61	31,659
778,79	32,557
778,96	33,364
779,14	32,243
779,32	35,374
779,49	31,711
779,67	34,960
779,84	35,661
780,02	32,302
780,20	28,726
780,37	34,241
780,55	29,138
780,72	37,133
780,90	34,316
781,07	32,082
781,25	35,506
781,43	33,946
781,60	33,944
781,78	35,691
781,95	35,437
782,13	34,120
782,30	35,010
782,48	32,953
782,66	31,860
782,83	29,722
783,01	38,202
783,18	35,057
783,36	34,668
783,53	34,909
783,71	33,351
783,89	33,717
784,06	34,140
784,24	33,531
784,41	35,084
784,59	33,381
784,76	34,636
784,94	33,426
785,11	32,737
785,29	36,377
785,46	33,670
785,64	33,214
785,82	35,585
785,99	34,140
786,17	36,403
786,34	30,136
786,52	34,697
786,69	38,442
786,87	34,198
787,04	32,878
787,22	32,858
787,39	36,583
787,57	35,322
787,74	31,112
787,92	36,693
788,09	33,851
788,27	32,973
788,44	31,174
788,62	34,186
788,79	33,265
788,97	37,074
789,14	35,866
789,32	32,017
789,49	34,121
789,67	33,360
789,84	34,195
790,02	35,493
790,19	34,284
790,37	36,155
790,54	35,836
790,72	39,856
790,89	36,453
791,07	33,588
791,24	31,540
791,42	36,416
791,59	33,854
791,77	32,806
791,94	30,418
792,12	33,420
792,29	34,115
792,47	34,015
792,64	36,709
792,81	35,362
792,99	33,080
793,16	33,222
793,34	35,823
793,51	32,273
793,69	35,351
793,86	32,360
794,04	33,524
794,21	37,312
794,39	32,051
794,56	35,161
794,73	36,034
794,91	35,806
795,08	33,267
795,26	32,210
795,43	33,829
795,61	39,590
795,78	35,630
795,95	35,827
796,13	32,579
796,30	33,031
796,48	31,815
796,65	35,685
796,83	36,464
797,00	37,876
797,17	32,976
797,35	32,358
797,52	39,854
797,70	35,539
797,87	36,881
798,04	32,914
798,22	35,363
798,39	35,804
798,57	33,849
798,74	35,957
798,91	33,023
799,09	32,918
799,26	35,744
799,44	34,254
799,61	33,127
799,78	35,139
799,96	37,541
800,13	34,271
800,31	32,890
800,48	38,955
800,65	34,497
800,83	35,274
801,00	34,602
801,17	34,380
801,35	36,480
801,52	36,559
801,70	33,819
801,87	35,405
802,04	39,954
802,22	31,820
802,39	36,415
802,56	41,521
802,74	37,247
802,91	36,548
803,08	33,442
803,26	32,497
803,43	40,614
803,61	34,004
803,78	34,768
803,95	36,665
804,13	38,249
804,30	32,663
804,47	35,959
804,65	41,286
804,82	35,216
804,99	34,775
805,17	36,925
805,34	39,370
805,51	40,910
805,69	36,236
805,86	33,511
806,03	40,256
806,21	36,739
806,38	33,698
806,55	36,813
806,72	39,078
806,90	38,172
807,07	35,634
807,24	33,580
807,42	35,469
807,59	34,712
807,76	32,311
807,94	35,073
808,11	37,821
808,28	38,869
808,45	37,204
808,63	37,888
808,80	36,560
808,97	38,068
809,15	33,909
809,32	35,820
809,49	36,538
809,67	35,990
809,84	39,626
810,01	37,223
810,18	39,960
810,36	38,813
810,53	35,074
810,70	36,694
810,87	39,515
811,05	36,554
811,22	37,087
811,39	38,729
811,57	38,681
811,74	38,211
811,91	35,383
812,08	33,859
812,26	40,259
812,43	33,572
812,60	37,289
812,77	35,899
812,95	41,390
813,12	39,850
813,29	31,729
813,46	36,023
813,64	32,027
813,81	37,508
813,98	33,072
814,15	38,417
814,32	42,286
814,50	37,876
814,67	39,015
814,84	36,974
815,01	39,264
815,19	27,142
815,36	31,345
815,53	36,710
815,70	35,355
815,87	38,721
816,05	37,101
816,22	41,653
816,39	42,051
816,56	40,512
816,74	39,449
816,91	36,201
817,08	46,537
817,25	38,696
817,42	39,162
817,60	36,831
817,77	36,834
817,94	37,661
818,11	38,991
818,28	34,795
818,45	36,130
818,63	35,775
818,80	36,442
818,97	37,307
819,14	45,515
819,31	44,835
819,49	41,108
819,66	31,151
819,83	39,758
820,00	40,879
820,17	33,267
820,34	37,674
820,52	41,419
820,69	38,560
820,86	37,093
821,03	36,947
821,20	40,362
821,37	42,708
821,55	31,351
821,72	36,735
821,89	41,978
822,06	44,426
822,23	35,853
822,40	41,934
822,57	35,437
822,75	42,893
822,92	31,621
823,09	34,479
823,26	42,487
823,43	42,899
823,60	36,820
823,77	37,362
823,94	42,550
824,12	40,234
824,29	35,529
824,46	37,023
824,63	45,860
824,80	39,084
824,97	38,262
825,14	39,314
825,31	42,286
825,49	43,289
825,66	40,165
825,83	37,884
826,00	39,975
826,17	46,911
826,34	37,610
826,51	32,606
826,68	39,786
826,85	37,394
827,02	36,188
827,20	34,366
827,37	39,175
827,54	38,513
827,71	37,755
827,88	43,334
828,05	36,534
828,22	37,939
828,39	46,685
828,56	46,207
828,73	42,215
828,90	43,940
829,07	38,119
829,25	40,448
829,42	39,328
829,59	37,872
829,76	34,193
829,93	35,614
830,10	39,453
830,27	37,533
830,44	41,730
830,61	35,787
830,78	50,787
830,95	40,192
831,12	36,595
831,29	41,371
831,46	35,726
831,63	37,477
831,80	38,227
831,97	36,998
832,14	44,627
832,31	43,498
832,48	39,993
832,65	44,648
832,83	42,400
833,00	42,852
833,17	37,097
833,34	42,583
833,51	42,369
833,68	47,260
833,85	43,668
834,02	32,654
834,19	43,205
834,36	42,099
834,53	25,218
834,70	41,046
834,87	49,253
835,04	43,707
835,21	43,338
835,38	39,866
835,55	34,201
835,72	49,441
835,89	34,241
836,06	39,334
836,23	55,678
836,40	35,209
836,57	33,455
836,74	41,780
836,91	43,627
837,08	47,162
837,25	38,987
837,42	29,978
837,59	39,884
837,76	48,886
837,93	41,969
838,09	36,609
838,26	45,861
838,43	45,148
838,60	37,056
838,77	38,076
838,94	46,985
839,11	34,227
839,28	37,551
839,45	40,650
839,62	38,247
839,79	40,215
839,96	44,823
840,13	45,656
840,30	38,671
840,47	32,431
840,64	42,378
840,81	41,181
840,98	38,593
841,15	47,065
841,32	36,559
841,48	45,276
841,65	46,984
841,82	41,381
841,99	42,114
842,16	32,431
842,33	42,014
842,50	49,563
842,67	42,025
842,84	43,228
843,01	49,034
843,18	45,014
843,35	38,805
843,52	40,186
843,68	47,176
843,85	48,992
844,02	39,786
844,19	42,685
844,36	45,377
844,53	46,285
844,70	41,679
844,87	48,204
845,04	51,472
845,21	40,420
845,37	45,440
845,54	37,729
845,71	45,667
845,88	61,555
846,05	38,029
846,22	38,680
846,39	43,974
846,56	52,989
846,72	33,407
846,89	40,430
847,06	58,840
847,23	56,874
847,40	32,991
847,57	34,234
847,74	47,360
847,90	55,354
848,07	47,396
848,24	44,856
848,41	43,479
848,58	60,238
848,75	42,773
848,92	39,640
849,08	38,659
849,25	45,923
849,42	46,645
849,59	52,009
849,76	45,640
849,93	48,726
850,09	49,506
850,26	35,170
850,43	53,661
850,60	40,808
850,77	35,833
850,94	45,836
851,10	47,874
851,27	57,299
851,44	42,847
851,61	33,012
851,78	52,686
851,95	60,529
852,11	30,506
852,28	29,488
852,45	57,728
852,62	49,751
852,79	47,606
852,95	51,495
853,12	47,006
853,29	48,958
853,46	43,520
853,63	45,168
853,79	43,254
853,96	38,989
854,13	55,411
854,30	29,750
854,46	64,594
854,63	44,908
854,80	46,139
854,97	39,964
855,14	57,322
855,30	44,899
855,47	36,964
855,64	37,840
855,81	35,256
855,97	59,901
856,14	50,462
856,31	34,724
856,48	61,595
856,65	63,989
856,81	50,590
856,98	32,771
857,15	47,046
857,32	54,793
857,48	50,586
857,65	57,134
857,82	41,042
857,99	47,504
858,15	44,285
858,32	47,370
858,49	43,733
858,65	63,445
858,82	41,935
858,99	44,894
859,16	65,442
859,32	58,101
859,49	42,460
859,66	51,590
859,83	48,673
859,99	38,167
860,16	38,727
860,33	46,941
860,49	50,384
860,66	59,021
860,83	47,699
861,00	48,665
861,16	69,446
861,33	58,609
861,50	41,193
861,66	46,552
861,83	66,797
862,00	52,103
862,16	51,764
862,33	38,739
862,50	70,885
862,67	45,200
862,83	32,540
863,00	72,444
863,17	53,626
863,33	48,858
863,50	36,429
863,67	37,007
863,83	45,548
864,00	72,321
864,17	44,026
864,33	56,167
864,50	56,803
864,67	50,153
864,83	49,188
865,00	48,477
865,17	43,325
865,33	47,255
865,50	50,085
865,67	25,819
865,83	64,509
866,00	80,065
866,17	50,899
866,33	48,706
866,50	75,484
866,66	71,217
866,83	51,806
867,00	59,595
867,16	71,984
867,33	52,082
867,50	17,227
867,66	37,915
867,83	79,224
868,00	67,769
868,16	45,263
868,33	49,998
868,49	51,564
868,66	63,768
868,83	52,766
868,99	65,302
869,16	70,755
869,32	75,718
869,49	53,729
869,66	46,654
869,82	93,197
869,99	82,024
870,15	33,286
870,32	53,089
870,49	76,007
870,65	107,240
870,82	31,901
870,98	46,416
871,15	97,311
871,32	62,663
871,48	32,498
871,65	36,234
871,81	55,144
871,98	48,852
872,15	31,300
872,31	33,104
872,48	119,439
872,64	66,800
872,81	30,179
872,97	39,719
873,14	67,801
873,31	77,446
873,47	63,419
873,64	45,808
873,80	98,633
873,97	116,287
874,13	17,277
874,30	56,294
874,46	102,878
874,63	64,270
874,80	50,411
874,96	7,244
875,13	78,556
875,29	41,775
875,46	67,132
875,62	31,029
875,79	97,928
875,95	80,982
876,12	63,305
876,28	14,061
876,45	129,041
876,61	68,153
876,78	73,758
876,94	26,366
877,11	99,087
877,27	92,027
877,44	107,214
877,60	70,402
877,77	117,958
877,94	91,056
878,10	45,779
878,27	56,059
878,43	101,766
878,60	51,206
878,76	54,143
878,93	57,978
879,09	103,375
879,26	88,716
879,42	106,568
879,58	60,588
879,75	112,380
879,91	118,365
880,08	24,845
880,24	62,126
880,41	89,974
880,57	108,189
880,74	42,550
880,90	89,284
881,07	52,406
881,23	93,152
881,40	86,706
881,56	74,548
881,73	103,558
881,89	76,323
882,06	69,615
882,22	136,634
882,38	128,638
882,55	143,941
882,71	52,181
882,88	18,523
883,04	167,292
883,21	80,089
883,37	66,737
883,54	95,134
883,70	230,183
883,86	126,427
884,03	80,209
884,19	29,838
884,36	49,992
884,52	228,673
884,69	90,356
884,85	58,653
885,01	208,242
885,18	124,538
885,34	156,226
885,51	-17,646
885,67	77,362
>>>>> Data<<<<< Espectral Procesado Extremo
